Volume,Centroid_1,Centroid_2,Centroid_3,EquivDiameter,PrincipalAxisLength_1,PrincipalAxisLength_2,PrincipalAxisLength_3,Orientation_1,Orientation_2,Orientation_3,EigenVectors_1,EigenVectors_2,EigenVectors_3,EigenVectors_4,EigenVectors_5,EigenVectors_6,EigenVectors_7,EigenVectors_8,EigenVectors_9,EigenValues_1,EigenValues_2,EigenValues_3,Solidity,SurfaceArea,WeightedCentroid_1,WeightedCentroid_2,WeightedCentroid_3,MeanIntensity,MinIntensity,MaxIntensity,sphericity,id,nb_branch_pt,SkeletonSize,MeanWidth,MaxWidth,MinWidth
561,64.8680926916221,320.862745098039,3.349376114082,10.2326490570539,21.2518925016173,6.73286026382367,6.0544873271067,84.8605326707736,-2.30330916101346,-71.6265884957977,0.0895080093351214,0.995174919407928,0.0401895016924383,0.310524742456643,-0.0662239093051656,0.948255650211786,0.946341746192727,-0.072396640928733,-0.314954005840752,28.2276834312685,2.83321295826098,2.29105104963099,0.838565022421525,415.208686773985,64.7108370100348,320.835526916684,3.17039342744121,0.542137270427959,0.0667899291858398,1,0.79224517150918,1,0,12,2.745677,3.162278,2
976,84.8770491803279,353.484631147541,5.88627049180328,12.3069489310655,21.3610332944226,9.41369058608477,7.44135679527338,-64.0761908357904,28.1512559499598,44.9940534250466,-0.38545994428494,0.79298462027362,0.471800830182984,0.781853562652599,0.00914892981321254,0.623394982054484,-0.490026160443796,-0.609172954991253,0.623524396465717,28.5183589628393,5.53859815315882,3.46086193466009,0.83920894239037,570.0916583822,84.5166782151823,353.664948931037,5.53788011066693,0.325728355199293,0.0344787750283485,0.7082139337994,0.834653047015869,2,0,5,3.916084,4.123106,3.605551
688,88.1366279069767,384.031976744186,3.90988372093023,10.9529205811334,24.0385428288805,7.2607635676918,6.02387968051858,44.1189527910702,-13.1368083068879,1.56524723013858,0.699108833164228,0.677932164080063,0.227276968251235,0.700347351334082,-0.713306387060499,-0.0266004822894744,0.144084790561275,0.177769454868993,-0.973466791444112,36.1157213334951,3.29491797412004,2.26794540033529,0.844171779141104,484.443733713247,87.8218813158219,383.75027289135,3.76608680327312,0.243583135519577,0.0503418272218769,0.517835890589288,0.777976372209152,3,0,13,2.860004,3.605551,2
917,89.4885496183206,434.103598691385,7.31297709923664,12.0537886166919,21.2182595648049,9.17042572137251,7.95406675028153,69.1785229571411,47.5441868162945,-29.7173851000736,-0.239941324728057,-0.630937453868663,0.737798136344539,0.941768818820835,0.0331491623105883,0.334623108787956,-0.235583642438424,0.775125191400612,0.586243366761287,28.1384086849645,5.25604424445066,3.95419861674589,0.741309620048504,558.360663690519,89.889123528684,434.166233850174,6.61291574949779,0.268622280849963,0.0132050715926198,0.73690950919494,0.817489531868091,4,0,17,3.298957,4.123106,2
1242,122.822061191626,971.674718196457,14.3446054750403,13.3364730342048,40.113586711012,8.81300528927511,7.53549589527223,-4.73414599815738,62.9244850733901,-7.60231157808059,-0.453611588404132,0.0375658362523311,0.890407398224062,-0.0355887879654071,0.997550699635955,-0.0602166075677601,-0.890488610279005,-0.0590034711053458,-0.451163634794392,100.568739926368,4.85431638929945,3.54898114922905,0.508807865628841,838.90683405631,122.805408736771,972.899740593905,11.9785331239886,0.43107305361781,0,1,0.666067315092045,5,0,30,2.753844,3.162278,2
1423,141.52424455376,482.463106113844,6.86507378777231,13.9551794647968,47.2405514371946,12.0169313734982,9.24183183405579,-52.8816974026999,5.57354665118902,-10.4136172106652,0.600609775665265,-0.793621410718033,-0.0971233948399611,-0.773663010989196,-0.607521295158417,0.179898363961906,0.201775724016669,0.0329079379323317,0.978878758998575,139.479356255639,9.02541497721038,5.33821597806044,0.388161483906165,1004.36231685192,140.893150062561,482.856346554604,6.87051836044149,0.262947665355054,0.0526551748001429,0.658340671700022,0.609158508564545,6,1,40,2.580098,3.162278,2
498,149.295180722892,349.510040160643,4.66867469879518,9.83430273921667,18.2232755404078,7.74674313050947,5.80481247807037,88.995093177907,-32.3587795653,-34.191339198435,0.0148146083919079,0.844583278529555,0.535219219578728,0.821763378115886,-0.315231506980895,0.474693635299782,0.569636267951543,0.432791153600466,-0.69871763939335,20.7554857138516,3.75075182063099,2.10599049409759,0.809756097560976,377.79465483459,148.800236669782,349.405036862387,4.14233658255445,0.309713305021706,0.0102290882536872,0.689964766442724,0.804231742779705,7,0,9,2.729909,3.162278,2.236068
649,157.875192604006,560.73343605547,7.47919876733436,10.7419227496608,23.7386536590527,7.28188629507405,6.13601011714978,58.352636047583,43.1815215861228,-79.2324870375831,-0.382598229970281,-0.620754154556786,0.684311971270486,0.511772150175156,0.474268739423527,0.716350772394863,0.769225494070956,-0.624286346483814,-0.136230308174009,35.2202298465284,3.3141167508992,2.35316375986028,0.756410256410256,463.588777585416,157.954692177489,560.738522623578,7.43272797984356,0.307161012582074,0.0367227352268341,0.693383079374397,0.781953644629275,8,0,12,2.842725,3,2.828427
1123,172.210151380232,446.747996438112,13.8040961709706,12.8961589692164,44.6699218071942,7.03532826160011,6.27704354249302,70.583124834966,-40.0226914914122,84.6338925018183,0.254578339943642,0.722235353598998,0.643090944457524,0.301051975055948,0.572767448720215,-0.762433707283098,0.918998137727412,-0.387702906486741,0.071616193387262,124.712619641303,3.09349023427933,2.46257972714709,0.643922018348624,791.617445889665,170.533445529676,446.07467165745,12.2680370025356,0.392931823782053,0.0357563850687623,1,0.660017228183565,9,0,28,2.573328,3.162278,2
1339,168.35997012696,183.710978342046,7.403286034354,13.6749994718975,34.3446103629028,14.4713357557112,10.9939432908648,33.6290578230848,-2.22085716414907,-78.3857627404335,0.832015062270394,0.553397915076786,0.0387515644053062,0.0798890681895835,-0.188650029039483,0.978789509203691,0.548970557442739,-0.811271788078489,-0.20117010943214,73.7220163112256,13.0887224096579,7.55417431767192,0.372461752433936,940.746521829737,168.263872716882,183.31891011713,7.12801925649942,0.291219952146068,0.0138485137103661,0.833383905302394,0.624499202145736,10,0,34,2.478882,3.162278,2
693,176.937950937951,478.914862914863,7.91053391053391,10.9793898009834,25.2369693091184,7.21764689792965,6.04693656069371,82.6418090534634,-35.2295878434381,38.242650183779,0.104615190272231,0.810120283674415,0.576854217236548,0.824659005821925,0.253541107825823,-0.505622814713941,-0.555871555380466,0.528603852257757,-0.641548736494088,39.8065387443365,3.25590167144959,2.28534011056589,0.768292682926829,491.986083894156,176.688543865287,478.881968064288,7.76669449207168,0.335709096971278,0.0534175272076241,0.970015537561197,0.769756672541358,11,0,12,2.628373,3.162278,2
2040,194.444607843137,589.255392156863,6.72156862745098,15.7353780571543,75.0525645580431,16.0647979002654,9.33451201984628,-84.7278755180799,-9.48635467890299,-119.216311206233,0.0906295830867009,-0.982152253357973,0.164812711564936,0.472825783924544,0.188087594010059,0.860847742075013,0.87648277605762,9.05724189657764e-05,-0.481433209356153,352.055465421202,16.1298582235232,5.44581966554089,0.298027757487217,1528.55496749335,196.539766418835,588.887620055201,5.8866396630624,0.283802921014396,0.0305065695270669,0.877171989785225,0.508889131186393,12,2,65,2.218432,3,2
583,195.16295025729,471.548885077187,4.62607204116638,10.3646978026932,22.4132832555129,7.62896137859434,6.46051868708254,-85.6065816276635,-17.974389263249,110.538941186483,0.0728657781928368,-0.948399519714915,0.308591849167912,-0.371949828847719,0.261250525989852,0.890730872649073,0.925388514726925,0.179684483677766,0.333720816157683,31.3972041432409,3.63756573225526,2.60864385663392,0.673988439306358,457.586170406398,195.710400033798,471.452365634244,4.3578207544167,0.356103779046397,0.0592623955808398,0.732766758707731,0.737547967705906,13,0,17,2.413926,3,2
1221,216.832923832924,207.410319410319,8.43325143325143,13.2608800654193,49.6390857128285,7.09233018913493,6.44801487647867,78.2160119355892,-22.1385787717355,-51.6533728360302,0.189166205863155,0.90675338747732,0.376848034169935,0.546983652335596,-0.416025571973664,0.726451380025944,-0.815490668638796,-0.0687096628022002,0.574677258642325,154.002426900346,3.14382171948219,2.59855599045565,0.598822952427661,894.457047507902,216.101927325045,207.268105525494,8.12587697413345,0.299406202313121,0.0258072091793695,0.74700416000583,0.617639520102031,14,0,41,2.51482,3,2
1226,207.491843393148,432.653344208809,6.58075040783034,13.2789565328149,25.8616511827943,13.2215030592476,9.52764035542735,63.0463001005649,-4.81531439666195,-63.7948212985222,0.45167050199833,0.888226958981501,0.0839441895729053,0.359480093534126,-0.267293169207982,0.89405168980739,0.816558522077428,-0.373640510428445,-0.440028350211096,41.8015626187827,10.9255089466058,5.67349567139799,0.484202211690363,834.848858589822,206.918167306378,432.419071186962,6.52034393475709,0.478593690712897,0.0563286136213923,1,0.663544285802749,15,4,36,2.439557,3.605551,1
879,212.638225255973,278.105802047782,8.50511945392491,11.8849333595156,28.8280450250906,9.4998974149684,7.944565412704,23.5736507642779,-52.9522517411317,93.8609159382042,0.552201420944786,0.240948511231653,0.798133701607575,0.702937598151958,0.380186649438409,-0.601113004927654,0.448277061437362,-0.892973642681601,-0.0405678402806586,51.9410112480405,5.64050318093271,3.94475747479578,0.526662672258838,641.486915552998,212.574603503594,277.975996918552,8.22400017027414,0.319751823377279,0.0600824088707196,0.697383134471967,0.6917602008535,16,0,23,2.418555,3.605551,2
486,227.699588477366,890.493827160494,3.54526748971193,9.7546692625072,18.0638411033344,6.56956116795767,6.24659980073318,40.6643449808148,13.7350585062735,35.4140276232706,-0.736848794301281,-0.632992594426822,0.23743257935159,-0.426700735739595,0.707855157587105,0.562909902201607,-0.524385675296376,0.313466826439633,-0.791680625167642,20.3938972129071,2.69744587122108,2.43875056690749,0.882032667876588,355.615237528497,228.082989160196,890.919403995921,3.2733342373496,0.220380045986935,0.0247464503042596,0.574553875319799,0.840610110404443,17,0,8,3.022688,3.605551,2.44949
1837,216.775721284703,382.997822536745,8.85138813282526,15.1950982080716,69.1055279249445,10.2434097082126,7.90399483136368,56.1307405495926,10.5260127296066,62.0724318924987,-0.547921506847704,-0.816338986779018,0.182681912072178,-0.298928501595739,0.395032043540034,0.868672225589325,0.781296213524337,-0.421355364557271,0.460473542661619,298.47337436158,6.55796515314399,3.90457089338899,0.386086591004624,1325.87249557612,218.811799657681,384.350437742473,8.4204574002451,0.293895332506561,0.00388828961225302,0.709388477794409,0.547085411162604,18,1,46,2.250177,2.828427,2
643,260.110419906687,307.045101088647,3.59564541213064,10.7087172124561,27.6710279873012,7.42544817877789,5.6119022931567,68.9325102534105,10.3332147091671,-79.2275156863108,-0.353637259707756,-0.918022972023756,0.179372549134643,0.237758368663673,0.0972452090419757,0.966444166751899,0.90466106729359,-0.384417991455985,-0.183878114978833,47.8553618671255,3.44608004098223,1.96834045924608,0.751168224299065,503.710498114537,260.514592522655,307.169322799111,3.36371527609026,0.397687429467387,0.0534493474207582,0.873420047402889,0.715226785826575,19,0,24,2.371125,3,2
1805,242.02271468144,541.345152354571,9.39556786703601,15.1063494887641,53.451170407483,13.4202710379494,5.87702555079152,88.10492549505,13.7700952521081,72.8056284441892,-0.0321188041611802,-0.970727429095237,0.238026554866064,-0.287932954141312,0.237039906351351,0.927850578873775,0.957111799289254,0.0387342380729804,0.287117854655876,178.564226120612,11.2564796707515,2.15871433279103,0.529325513196481,1306.82925559032,242.339981980453,541.36841645129,9.30932640472446,0.301699948611153,0.0405361266318561,0.761609796672575,0.548592770825863,20,11,62,2.005719,3,1
1463,285.013670539986,170.544087491456,6.58441558441558,14.0847313566046,48.5061226007466,9.20278760021764,5.43357837930765,-74.889016374733,10.8861588239687,52.7537616045558,-0.255998310638368,0.948049279864239,0.188858221688121,0.623505905695074,0.0126395090817613,0.781716462902974,-0.738718654504993,-0.317872310462975,0.594350017857544,147.052745609916,5.29320622591998,1.84523587525497,0.685245901639344,983.292976020748,283.746284465652,170.876333497576,6.28730791907761,0.364070374098803,0.0610131390541339,0.941902922048471,0.633817274677425,21,0,35,2.436126,3,2
1904,293.390231092437,531.826680672269,7.87552521008403,15.3776311830842,66.6271764782726,10.2510699077365,5.97460867411954,72.0343131765793,-4.81384270330274,-69.1253354782584,0.30735935917132,0.947886013114887,0.0839185943099707,-0.314765503947399,0.184494647982535,-0.931066271750052,0.898027227791305,-0.25975725400259,-0.355067975377248,277.448790341681,6.5677771408312,2.23099680055403,0.50692225772098,1305.30290768348,294.946386149499,532.420731316562,8.14908614754586,0.384811454323534,0.06048833654964,0.988111484307542,0.569137823103503,22,0,55,2.44569,3,2
854,267.322014051522,417.306791569087,12.652224824356,11.7711731875113,37.188297006594,7.90695849344125,6.23096349003225,61.914826667348,50.7337980779945,-98.7468330874066,-0.297970368844295,-0.558396640448442,0.774213698681888,0.226085626391348,0.746696605001563,0.625563321829511,0.927415197648835,-0.361437922768258,0.096248008576488,86.4355896406656,3.90749953856265,2.42655662588218,0.568196939454425,643.351205888342,267.332963371632,417.335032551403,12.4871220785451,0.286178940476393,0.017289039144362,0.776455183828703,0.67661442475463,23,0,22,2.523695,2.828427,2
488,283.467213114754,259.084016393443,6.21106557377049,9.76803183984615,14.3509298056889,8.37180548504062,6.48626146055556,68.6278780481467,62.3760942219575,-86.547683163982,-0.168970798749592,-0.431780958879122,0.88601019899285,0.378374042962632,0.801640028842072,0.462824316312565,0.910099968565013,-0.413447055507119,-0.0279209511022841,12.8718241429881,4.38044544245977,2.62947423341802,0.779552715654952,354.89018195316,283.714552962218,259.143500329421,5.79963450031144,0.43172722834978,0.0755089301894835,0.933755200007287,0.844636842378697,24,1,15,2.673332,3.605551,2
722,289.009695290859,370.380886426593,7.42797783933518,11.1304534692154,25.4552760488666,9.42916497477213,6.10657480718785,-34.3858549069646,-40.3626021831994,5.02780638576405,0.628810714961914,-0.430327699526469,0.647622695532935,0.515751241749971,0.854131956875951,0.0667776674991089,-0.581891520287459,0.292021696562971,0.75902937186517,40.49819242025,5.55682200759184,2.33064099223633,0.616567036720752,534.576456890488,289.091944234897,370.15899027191,7.17183414954285,0.431349667788636,0.11116092457808,1,0.728057636211054,25,0,19,2.443968,3,1
865,287.984971098266,346.842774566474,10.9260115606936,11.8214975090979,33.0598534836697,7.2958615925761,5.98323787913759,70.9320262922126,47.5350031493734,-87.0358242425997,-0.220561144048852,-0.638095876473682,0.737689930908064,0.289547457424834,0.679387656718375,0.67423636938208,0.931404880615662,-0.362306588852588,-0.0349125198077524,68.3096195226066,3.32684977362667,2.23744596989668,0.685419968304279,622.493664843635,288.638973408899,347.059325128474,10.1416703152566,0.381777759874379,0.0729860134604044,1,0.705277334017293,26,0,24,2.505709,3,2
1189,303.980656013457,508.326324642557,7.29100084104289,13.1440058616318,15.5330235835961,11.7409418905755,9.43612056711536,-35.9286872254437,-37.6607510343413,-144.13003104871,0.641030695524126,-0.464518150044265,0.610984889891156,-0.18560080662163,-0.866247857073893,-0.463860960521888,0.744736186832126,0.183949825752409,-0.641506409654965,15.0796763530345,8.61560727986693,5.5650232098211,0.857864357864358,587.180032537485,303.997807411489,508.290515202716,7.25143605655742,0.352135152513824,0.0490815503344726,0.76551724137931,0.924344969908803,27,0,10,3.200475,4.89898,2
895,307.848044692737,300.639106145251,5.83351955307263,11.9566120368822,23.8311656454418,11.483576525868,5.95673920889137,75.4673759094106,8.84575925476374,-69.7168825097877,-0.247946619528138,-0.956491355041644,0.153775035669541,0.371762114166716,0.0526370212652876,0.926834545354569,-0.894603490008206,0.286973224749136,0.34253607684771,35.4952785012804,8.24203311409169,2.21767137517149,0.686349693251534,607.277506072537,308.593806785412,300.863511674826,5.85990352390219,0.466109272594384,0.0664564511716898,1,0.739569433041395,28,0,13,2.876796,3.162278,2
603,317.890547263682,389.587064676617,9.47927031509121,10.4818891672929,22.6697629326556,7.4898713294135,6.91422144643773,-80.2049248902101,-73.7598773890253,93.2411910084136,0.0475776969253999,-0.275586716381274,0.96009808067169,-0.218790302412349,0.934970131420286,0.279216147316459,0.974611289861547,0.223344610649375,0.0158119754708695,32.1198844639255,3.50613578319815,2.98790363814871,0.63674762407603,451.669971558604,318.159193037206,389.488526565873,8.68161339168479,0.37116811639439,0.0531780293278035,0.818255578093306,0.764201315571271,29,0,18,2.372637,3,2
697,333.443328550933,953.136298421808,2.77474892395983,11.0004736545923,38.4116297439484,6.17293715225928,5.02403660403699,2.82159027554616,3.38760367367193,9.61338403186633,0.997042413084173,0.0491401218537537,-0.0590903963050365,0.0386787802536207,-0.985247502934101,-0.166707258150962,0.0664106803863671,-0.1639286624917,0.98423422778539,92.2158312241365,2.38157206785893,1.57755898741897,0.757608695652174,592.602007518802,333.495673893929,954.531632036941,2.59924838557771,0.281808786025718,0,0.868152133968613,0.64151900199636,30,0,34,2.207103,3.316625,1
3788,329.969904963041,615.845036958817,12.4392819429778,19.3406225492068,50.8801368258971,21.3472768204341,14.2585205992594,87.3945341390124,31.6515092657914,-45.987388764714,-0.0386966178831511,-0.850375527562732,0.524751401986513,0.711254110053067,0.345419013007585,0.612211806800135,0.701869049536326,-0.396922117770314,-0.591466541511608,161.799270213876,28.4816392280151,12.706588104969,0.324009922162347,2380.69092598998,332.426112900943,615.993191973519,10.5360227737991,0.46453881904065,0.0381186191107186,1,0.493614325034573,31,8,91,2.46809,3.605551,1.732051
1012,345.096837944664,378.98418972332,4.77569169960474,12.4564406580222,20.6108298268334,9.26696276476976,7.76395358862105,-46.3720321052174,9.48674274430962,28.5356489157085,-0.680536720185841,0.713935809798873,0.16481939195837,0.690228804017061,0.54916382922427,0.471172247460432,-0.245873891627144,-0.434413107719559,0.866505211327409,26.5503941344178,5.36728743022683,3.76743595789136,0.840531561461794,569.480674083748,344.935414256611,379.098647434059,4.61367103607186,0.315803896070492,0.0800275728082585,0.644258518294674,0.855970522788858,32,0,9,3.277932,3.605551,3.162278
1221,376.46683046683,518.012285012285,6.91728091728092,13.2608800654193,37.2968927947856,11.2458744652131,7.64851921266654,78.1504855332992,-21.8977321106311,-70.2522366807452,0.190526693722865,0.908078789755051,0.372951056542325,-0.258601252286894,0.412918348331052,-0.873283361760206,0.947008432536207,-0.0699381813357947,-0.313502279890845,86.9411382591079,7.90435578045828,3.65624038415807,0.500409836065574,860.544564110515,376.355888836362,517.943117792566,6.79986546058543,0.451685232471817,0.103269124972553,0.946211475289756,0.641979561100001,33,1,36,2.536103,3.162278,2
2848,343.683988764045,262.983848314607,20.999297752809,17.5865420266939,92.4997050270903,10.732197430664,8.65571447504849,72.1339935888193,23.4106398496457,-58.8986487578352,-0.281537130349154,-0.873427159999136,0.397318311194699,0.596015948007698,0.165325391392007,0.785768734858778,0.751998559809291,-0.458031124637751,-0.4740312805162,534.762214381169,7.19875385567189,4.68258706709771,0.373067854335866,1896.83594198044,344.989134691183,263.472634213164,20.4661219524048,0.390969175221605,0.0334451143377017,1,0.512248872198714,34,3,72,2.486424,3,2
974,364.702258726899,276.516427104723,23.9168377823409,12.2985367965709,39.8511314908473,10.2882871619283,8.68404819137186,-69.9448891996633,-28.464667073891,-144.952832094368,0.301468189807325,-0.825804715845982,0.476616724235346,-0.675180098715661,-0.53784605061752,-0.504830129977843,0.673237524825084,-0.169611901474139,-0.719710384839431,99.2570425687999,6.61555329539361,4.71329331187931,0.389288569144684,793.888566421023,366.014809903883,275.848175436951,22.9656013885139,0.330601088671704,0.0432884520687596,0.777183473917987,0.598545562152235,36,1,35,2.191245,2.828427,2
938,390.549040511727,572.560767590618,5.92643923240938,12.1451086780855,25.359290422356,9.05421736555811,6.64972745168912,57.8059140280651,-16.8143043251118,-37.9144122210553,0.510010769166396,0.810068778185112,0.289270789994395,0.572925785547224,-0.570755379085721,0.588212836904986,0.641595713506097,-0.134264186790055,-0.755200680982352,40.1933506703372,5.12367825642337,2.76367969885924,0.773927392739274,602.644113454461,390.075321055593,572.157811415503,5.68478969742605,0.382452316311198,0.0669837283938967,0.784631240165181,0.768938780576258,40,0,13,2.789371,3.162278,2.236068
1116,405.243727598566,687.301971326165,7.19623655913978,12.8693078764282,20.9017645318911,13.6376761396461,12.4219631310449,-39.4325918973604,-66.4688126589908,74.1988473601245,0.30836827571241,-0.253590457714198,0.916842890734535,-0.508428619085992,0.770662185099357,0.384161601090214,0.803995861822974,0.584612415378076,-0.108715122946832,27.3052350341639,11.6241381556171,9.64407300181497,0.462686567164179,811.22118822786,405.27864159271,687.129704698688,6.59718945035976,0.395492845907326,0.0682306776653984,0.792026071940654,0.641388204557001,41,1,24,2.385718,3.605551,1.414214
1618,408.912237330037,778.469715698393,6.34796044499382,14.5655413899605,46.0717888135126,10.2114014546328,8.9634141006945,43.4567640917616,-15.7032467521549,66.1681957773589,0.698800648392808,0.662135579698385,0.270654997927758,0.457625663626472,-0.123013868465704,-0.880594310767185,0.549778506124259,-0.739218548375638,0.388972405115314,132.663107779806,6.51704497922985,5.02142452128304,0.524643320363165,1075.14684824144,408.580396428043,778.378000164593,5.90380181038217,0.35715783698019,0.0545683444457238,0.816995285634645,0.619919574606614,42,0,36,2.437731,3,2
1100,407.567272727273,722.073636363636,5,12.8075095273809,44.9523266180045,10.3611212734847,7.10402982349813,9.39682272913954,13.2329823550864,-93.7395897256325,-0.960384813409632,-0.158935958753237,0.228911273613459,0.214709854255778,0.101641678103659,0.971374617620686,0.177653282147021,-0.982042937089545,0.0634900075203145,126.294479273235,6.7095521277411,3.15420248332194,0.446247464503043,866.59830916927,407.694395943972,722.530170534217,4.7361090346313,0.339551966753731,0.104653223027223,0.705465845499052,0.594649982699496,43,0,36,2.325768,3,2
512,413.1875,752.451171875,3.68359375,9.9256078543904,19.5748933003094,7.27637686455406,5.6336434385932,-1.77705037917473,6.11836700403669,80.3387292641804,-0.993825629695752,0.0308337671692353,0.106582815509795,-0.110224894321642,-0.164484039494593,-0.980201751387603,0.0126921405454041,0.985897702377734,-0.166867102853382,23.9485279824061,3.30910376718859,1.98362114957526,0.824476650563607,386.066566145445,413.193529214483,752.669463474109,3.57868930974999,0.384892219082427,0.142824373628642,0.799142467979603,0.801681581135834,44,0,8,2.603553,3,2
678,416.294985250737,184.905604719764,3.62094395280236,10.8995949039911,24.1244044648909,7.56468301675453,6.15141217596249,37.253820150583,6.7564846462494,62.8572845350141,-0.790433807377235,-0.601143013699305,0.117649790631543,-0.19283254530012,0.426500253527144,0.883692900964107,0.581403479202014,-0.675814035679786,0.453040156663838,36.3741806741031,3.5765268214984,2.36499198491122,0.793911007025761,493.163278260735,416.440658327014,184.998146220428,3.53997971263771,0.410299339003236,0.105358268685511,0.899558055250725,0.756797791814406,45,0,10,2.27727,3,2
1440,414.670833333333,608.380555555556,5.95763888888889,14.0105318992888,39.6436573943224,10.4459989630339,5.82082906819913,-63.4829618457667,-11.0132658186389,73.8639593576514,0.438241386147546,-0.878322054577142,0.191036268574491,0.166751605619175,0.288286106909955,0.942913051445428,0.883254430779096,0.381367918165764,-0.27280051595077,98.2262232249006,6.81993089598156,2.1176281900745,0.70935960591133,934.480697619703,415.379489942003,608.025637867427,5.81690743633786,0.404740824663632,0.0660279176065284,0.983195894501461,0.659916191303731,46,1,31,2.531621,3.162278,2
1447,418.47201105736,332.160331720802,12.6060815480304,14.0331974630213,46.9167935155681,10.9881628787049,8.0258892280126,22.6881693359366,38.9584436403774,-34.1450237637429,-0.717429594788275,-0.299933256187882,0.628756565257546,-0.644830871753386,0.627451865814541,-0.43645996714432,-0.263605620872738,-0.718570941465341,-0.643558760895936,137.574094611403,7.54623271555927,4.02593111877058,0.378894998690757,1070.08060375461,418.886014011721,333.417503344315,11.5636454122013,0.397253818032381,0.0764718772850752,0.925823713037891,0.578158151413277,47,7,47,2.255661,2.828427,2
655,432.525190839695,7.55114503816794,2.77099236641221,10.7749242557676,31.9678225985528,6.20375697987597,5.17300577245681,-63.0453838421779,0.413661615741135,30.0844572782519,-0.453272779721606,0.891342618287332,0.00721969446245314,0.772928132929315,0.388995556573245,0.501262963216588,-0.44398861301823,-0.232789161669856,0.865264882980463,63.8713551057839,2.40541254158497,1.67249929511696,0.806650246305419,519.111883303892,432.733244111172,7.39903967445131,2.67355156314393,0.270650824806122,0.0316848451620332,0.572719005431827,0.702614897368949,48,0,17,2.505089,2.828427,2.236068
446,430.834080717489,777.643497757848,5.53811659192825,9.47935407565563,12.6707983833812,7.9600967333626,6.69337551242042,-79.1185489536414,68.2325469897618,10.6366573191588,-0.0700063260736774,0.364172593011258,0.928696633357267,0.997506336335164,0.0171969924447486,0.0684497802922311,0.00895674499276428,0.931172693945818,-0.36446836730891,10.0343207295185,3.96019625028063,2.80007973439183,0.841509433962264,313.878238387362,430.778905679101,777.664534758089,5.45569641104276,0.627331732760762,0.137539617298371,1,0.899386070704397,49,0,3,3.310036,3.605551,3.162278
1265,433.218181818182,460.072727272727,3.7604743083004,13.4182939339833,44.2861005137883,8.20086394443714,6.4197974294282,-19.0934788679747,2.7922026298443,107.060758227398,-0.943864238224938,0.326721994047458,0.048713842033969,0.0519613310061805,0.292478939396545,-0.954859199091437,0.326221274413739,0.898726214492003,0.293037321010057,122.578668669835,4.20338558969806,2.5758624396808,0.63824419778002,880.780631738694,433.828188251836,458.319493543992,3.71270766717097,0.556143728152273,0.128758336831882,1,0.642209489924011,50,0,35,2.470698,3.316625,2
3330,436.565765765766,501.040540540541,5.87567567567568,18.5274309655706,75.1784530684016,11.2480257989559,8.84657159846504,-8.99103111540787,3.32744348935032,-101.728655008795,-0.986047660921534,0.1560163862845,0.0580422053500503,-0.0879001730393797,-0.191897861148617,-0.977470598261776,0.141363255377127,0.968934516929453,-0.202934304472825,353.237487859867,7.90738027337354,4.891364315423,0.486415425065732,1926.57778575492,436.288980374444,503.220542846169,5.5936397655236,0.478809025556732,0.0713995943204868,1,0.559749522504541,51,1,62,2.942466,4,2
3954,441.901112797167,626.976732422863,9.51542741527567,19.6191120496159,56.0602408850447,19.9979037442478,10.4356747363236,-29.2693255749066,-17.520466409815,-0.956150026998868,0.83186324885811,-0.466234455783504,0.301046453956014,-0.493229685204667,-0.869753558214716,0.0159130639961396,-0.254417005784077,0.161722540831822,0.953476694500062,196.421913005577,24.9947596352624,6.80645670014645,0.385831381733021,2330.91620419815,441.310048014016,627.236967751763,9.54447864740783,0.442984579321548,0.0674292919587272,0.956997971602434,0.518778425549177,52,6,88,2.577107,4.123106,2
1158,451.366148531952,303.900690846287,5.70379965457686,13.0287668474763,23.6157838932413,13.1079359529884,7.39882052135062,54.5328625991776,10.8884124432837,-88.7366654546923,-0.569789891036498,-0.799785884686243,0.188896846795439,0.127534694238082,0.141016561376618,0.9817582345889,0.811833961988666,-0.583486819109188,-0.0216506371182689,34.8565780557673,10.7386240592279,3.42140906919744,0.704808277541083,730.456653239551,451.582669894578,303.982127383049,5.55699526165245,0.461204669286986,0.124922311995028,1,0.730065873851202,53,1,19,2.4868,3.316625,2
2454,458.743683781581,434.175631621842,5.63895680521597,16.734984406667,78.8420755504299,9.28487363194765,6.98734744526169,-18.8688438355504,-7.08180983482154,96.1966262288569,0.939042451840451,-0.320935711064488,0.123286426686015,-0.150887941971917,-0.0625019889684866,0.986573023319847,0.308920867875503,0.94503638593364,0.107117349913687,388.504554818731,5.3880548975774,3.05143902005032,0.550841750841751,1664.5145823466,458.969821049966,433.427652684426,5.39741124947293,0.501740137316009,0.152941176470588,1,0.528582636120896,54,0,66,2.460108,3.162278,2
3116,474.344351732991,643.66784338896,5.80070603337612,18.1217280570847,45.0931713861538,38.4418442233661,8.54098574184167,53.9949805647211,-6.98118064959922,-8.74451071029811,0.583497834017263,0.802967930694695,0.121543325497704,0.788699699522892,-0.595971055715717,0.150901572959309,-0.193605427789777,-0.0078104433274976,0.981048385812528,127.087131603815,92.3609617058464,4.55927734014642,0.362747380675204,1938.67263548125,474.817846126815,644.106445967309,5.80112763119992,0.479951109222725,0.108141702921069,1,0.532162919637197,55,0,68,2.791263,3.605551,2
927,456.911542610572,750.801510248112,7.44228694714132,12.0974463270944,35.0433264255084,7.68175133233234,5.56847842074634,57.6641400815346,20.5914123652353,-83.4013015174294,-0.500708916249839,-0.790946739518871,0.351701345508342,0.283966711207003,0.233727797629724,0.929910868600554,0.817712350471845,-0.565486137637012,-0.107572952112435,76.7521704352961,3.68808147073685,1.93799699514485,0.714175654853621,665.564866611397,458.602082297808,751.870885694077,6.69604403787758,0.340056122030095,0.0410021610168701,1,0.690791351891865,56,0,20,2.594118,3.162278,2
1107,481.373983739837,860.755194218609,8.35772357723577,12.8346195467952,25.3120987049702,8.72585023245214,7.65881146949452,-69.7487069541066,39.4783225212598,27.1470925156596,-0.267172048640121,0.724151198928265,0.635786235708353,0.935244148663642,0.0358453067627873,0.352183895675968,0.232244437642456,0.688709049652927,-0.686835035587369,40.0438963031345,4.75877889244907,3.66608707032881,0.838636363636364,633.972507682564,480.7029609716,860.977771830569,7.70198545115709,0.273013505034586,0.0568565077232984,0.672464759168191,0.816291824153299,57,0,11,3.354931,4.24264,2.828427
1478,460.309878213802,885.093369418133,13.7253044654939,14.1327042452368,57.2511871494171,11.7538837363655,9.36282126976273,71.3845197167113,33.518217770523,-18.0733127642644,-0.266133135360178,-0.790092396641272,0.552202099808587,0.955609197809587,-0.141116357890527,0.258644997240292,-0.126428696604368,0.596523409687637,0.792575300125835,204.856151876099,8.63461143049983,5.47890138309512,0.381026037638567,1088.98847316727,462.301125491013,885.723210359395,12.1280960962009,0.300828618729241,0.00122893442537035,1,0.57620514396131,58,0,44,2.412687,3,2
1478,484.880920162382,702.902571041949,5.04533152909337,14.1327042452368,35.4958799247308,11.507103031172,8.63401837029136,-56.8802594987746,-5.29251198064965,25.3178300364706,0.544061160310858,-0.833959922501119,0.0922404548076949,-0.735532581433512,-0.526946397283675,-0.42581605892628,-0.403719302846615,-0.163824119261123,0.900095762937122,78.7473432269314,8.27583876062551,4.65914207615804,0.538433515482696,935.246894626321,484.71367147309,703.032218838922,4.87419356010581,0.393002555655677,0.107520198881293,0.884482665614867,0.670925253597623,59,0,27,2.858753,3.316625,2
1270,479.93937007874,724.467716535433,6.61338582677165,13.4359496042613,22.2031031443411,15.3601012170773,6.50418107624858,51.8462353614816,-25.3100660713423,-41.4275668765582,0.558472337190493,0.710871385742344,0.427516691517122,0.414850297623079,-0.685643769618967,0.598157046054576,-0.718336884167192,0.156698736802348,0.677818284446147,30.8111118273906,14.7457943374288,2.64402321703938,0.689467969598263,787.538108584002,479.915883292496,724.24319831004,6.44453116744886,0.57319159158646,0.162562404740124,1,0.720136836997056,60,0,15,2.594106,3.162278,2
1197,487.269841269841,482.794486215539,3.38680033416876,13.1734191196852,45.1101635718562,7.9454814673421,6.28535274071145,-2.78866946641956,-0.723146753637756,29.4947596014561,-0.998736224976992,0.0486483747897198,-0.0126209567397532,0.0361404606211873,0.869672300708822,0.492304739450997,-0.0349259219605751,-0.491226449827515,0.870331405250356,127.182928592477,3.94566723424231,2.46910369219806,0.694718514219385,838.504571957831,487.263142390237,481.945179016671,3.19681611381673,0.466504677882643,0.148622635215337,0.908188276069107,0.650191752781646,61,0,32,2.55991,3.162278,2
2001,494.789605197401,738.348825587206,8.20789605197401,15.6344577106439,39.8625850011334,18.1415510804977,7.45528337366467,-49.8312198331394,9.47283085884811,85.4250525993389,-0.636245465115132,0.753727513607369,0.164579899597988,-0.16677336936913,0.0739121513499947,-0.983221052028527,0.753245213320136,0.653017479945269,-0.0786754059171802,99.3141051857866,20.5697422253942,3.47382813635256,0.474958461903632,1300.51090722772,494.329822336158,738.649669683675,7.97264556473929,0.420527145452769,0.10136711855935,1,0.59047500428972,62,3,45,2.463445,3.316625,2
1192,491.116610738255,542.366610738255,5.6241610738255,13.1550512499065,29.0861584267581,9.6286100562605,9.1467953639334,-17.6360595547327,-22.0077525690179,-53.3303100060441,0.883558067405943,-0.28089328185017,0.374732045244754,-0.467376545741902,-0.478069134330451,0.743645794240041,0.0297372832021225,0.832195209678579,0.553684772208684,52.8752882516545,5.79438322597006,5.2289915893546,0.609718670076726,809.260472265194,491.244353349118,541.72240516513,5.31006765805594,0.512549851441292,0.13059183902932,0.941902922048471,0.671810261753121,63,0,29,2.598118,4,2
902,494.038802660754,265.022172949002,6.26053215077605,11.9877029213729,25.3762813419979,12.6892441606763,7.73180678590151,69.7008457383717,26.9906667302055,-21.1778395515135,-0.309135245740279,-0.835739071871853,0.453845352061547,0.931432658361455,-0.169716758335534,0.321915244867017,-0.192011986029026,0.522241731085184,0.830900097204434,40.2472284217645,10.0635573355786,3.73630226090703,0.531526222746022,632.581910434804,494.679272442487,265.254390387022,5.91195293320374,0.341487504003993,0.021898021788453,0.702212860788933,0.713682500006062,64,1,18,2.632377,2.828427,2
436,500.596330275229,380.768348623853,2.75917431192661,9.40797068866549,20.692016499966,6.19638873437346,5.57073902574529,-20.7116312341065,-0.903503741053427,28.5128499452032,-0.935255960227992,0.353620763641194,-0.0157684615557851,0.303728062639099,0.824583119189673,0.47729649434385,-0.181784358027629,-0.441605066851874,0.878600826375229,26.7599716771791,2.3997020842169,1.9395708308101,0.798534798534799,362.863843451039,500.856385064182,380.020273532935,2.61750211112761,0.428969070523713,0.120102314187722,0.8281819769434,0.766298698070089,65,0,11,2.668706,3.162278,2
766,501.202349869452,749.565274151436,4.58485639686684,11.3521132691032,30.3196588435278,7.26102047212728,5.65068195767624,-36.0188884194913,-13.7081954591007,93.776002887111,0.785784038567476,-0.571301403111956,0.236977111837615,-0.229983225851096,0.0857864781635675,0.969406207939384,0.574152558611133,0.816244685720282,0.0639800943550964,57.4551070242446,3.29515114354071,1.9956379116755,0.769076305220884,567.019583909999,501.343905036621,749.379291991236,4.54073653579665,0.356653344296898,0.0700736697230495,0.751634938010453,0.714011563501922,66,0,19,2.485713,2.828427,2
377,503.679045092838,362.641909814324,2.40318302387268,8.96287987778561,17.3067005992587,7.37406124233629,4.62974431999894,-8.43959803560764,4.41668795869406,-3.07669590052905,0.986233658919894,-0.146330852104934,-0.0770094262783661,-0.142466601102904,-0.988351959678082,0.053513282189388,0.0839430615576129,0.0418053288796894,0.995593228629844,18.7201178520239,3.3985487003579,1.33965827928515,0.87066974595843,316.239462591912,503.634829720981,363.221851286762,2.26180402373994,0.374780391678921,0.138474508485923,0.717140818023615,0.798047904032116,67,0,9,2.857928,3,2.236068
1714,511.523920653442,776.456242707118,6.92415402567095,14.848094801837,27.1038995677108,16.6705005320571,8.28006105686093,-36.3233055851896,-2.69177738623385,-109.023922048445,-0.804798433435722,0.591687374361684,-0.0469630978576157,0.15731018679986,0.288923011297113,0.944339450977243,0.572322449907742,0.752615137081354,-0.325603238263403,45.9138357360347,17.3690992493322,4.28496319408405,0.594725884802221,1062.15310627696,511.397670234888,776.47526986645,6.35769813737497,0.405623426566785,0.0466531440162272,0.955335830459156,0.652085003726703,68,3,38,2.655591,3.741657,1.414214
767,513.972620599739,196.491525423729,10.1981747066493,11.3570511180378,27.253405499839,7.98415146888577,5.87111211800215,23.1579501523123,56.0177745810346,-87.4143633090835,-0.513899003165775,-0.219811096925135,0.829211008256519,0.779361778294403,0.284291948366936,0.558366641757472,0.358473197155671,-0.933199426576281,-0.0252150185145921,46.4217569586659,3.98416716738192,2.15437234388448,0.710843373493976,548.839931049738,514.009488755629,196.602676068336,9.99852847828354,0.346672051069371,0.0675345090022556,0.884272618072241,0.73830418925391,69,0,18,2.581367,3,2
1075,508.142325581395,143.239069767442,5.58976744186046,12.7097384662091,42.9228069210614,7.20583165263639,6.57088115501284,48.5429127724938,11.6614169496513,-13.7815744246309,-0.648393456087093,-0.733982467489989,0.202127839548991,0.759754660677642,-0.606911916422693,0.233304053292554,-0.0485672902480274,0.304840389583535,0.951164315560946,115.147959623919,3.24525061288353,2.69852994708144,0.607344632768362,786.038738496037,509.035209351789,144.001199308073,5.36067927670191,0.353226782548005,0.0539929447053834,0.854568054692356,0.645623233627188,70,0,25,2.580229,2.828427,2
1066,511.736397748593,243.131332082552,8.96529080675422,12.6741699822951,28.9724874894218,7.92940449371746,6.85230911642219,43.4631537850697,28.24830016319,-75.4708984121162,-0.639375570903397,-0.605963786886229,0.473293532931157,0.505110276457909,0.13307428311184,0.852733747303861,0.579708968318216,-0.784282553775596,-0.220994090180392,52.462814457794,3.92971597656166,2.93463376418766,0.805744520030234,648.218808014227,511.784568522873,243.125985101679,8.95013324973658,0.276292836906978,0.0520657108509009,0.608519269776876,0.778515564640787,71,0,15,3.162166,3.605551,2.828427
1130,521.129203539823,590.815044247788,5.24867256637168,12.9228987118867,34.02226629609,17.5161348764167,8.83502811697129,0.364638397635157,6.71987746408992,70.8302339022742,-0.993110001567479,-0.00632037702918396,0.11701528797918,0.108434757955674,0.329065024685118,0.9380608257443,-0.0444345367224165,0.944286112554448,-0.326112418627492,72.344662745129,19.1759363130513,4.87860761422959,0.377800066867268,947.689015433387,520.943887130991,590.343972043437,4.68954500446298,0.432572780103691,0.0890277370392571,0.852156772619263,0.553609975005619,72,4,52,2.150448,3,2
495,520.773737373737,709.90101010101,4.68080808080808,9.81451535630231,13.464511308726,10.3563045278938,6.26739011521356,12.1763444804306,-20.1792418092725,52.5219415966963,-0.917502028001772,-0.197974481807158,-0.344958161471537,0.395932101037423,-0.537028578881825,-0.744874537645273,0.0377862406270778,0.820003908537852,-0.571109262752687,11.3308165489257,6.70331521715466,2.45501117851728,0.765069551777434,363.423965717488,520.796903668782,710.135580815556,4.65378994523539,0.379850336757362,0.120943925823007,0.796768178993163,0.832672127092015,73,0,6,2.706012,3,2
