Volume,Centroid_1,Centroid_2,Centroid_3,EquivDiameter,PrincipalAxisLength_1,PrincipalAxisLength_2,PrincipalAxisLength_3,Orientation_1,Orientation_2,Orientation_3,EigenVectors_1,EigenVectors_2,EigenVectors_3,EigenVectors_4,EigenVectors_5,EigenVectors_6,EigenVectors_7,EigenVectors_8,EigenVectors_9,EigenValues_1,EigenValues_2,EigenValues_3,Solidity,SurfaceArea,WeightedCentroid_1,WeightedCentroid_2,WeightedCentroid_3,MeanIntensity,MinIntensity,MaxIntensity,sphericity,id,nb_branch_pt,SkeletonSize,MeanWidth,MaxWidth,MinWidth,channel_2_MaxIntensity,channel_2_MeanIntensity,channel_2_MinIntensity,channel_2_WeightedCentroid_1,channel_2_WeightedCentroid_2,channel_2_WeightedCentroid_3,channel_2_Ratio_MaxIntensity,channel_2_Ratio_MeanIntensity,channel_2_Ratio_MinIntensity,channel_2_Ratio_WeightedCentroid_1,channel_2_Ratio_WeightedCentroid_2,channel_2_Ratio_WeightedCentroid_3
1324,45.714501510574,472.702416918429,6.92824773413897,13.6237433707369,17.0003285440677,10.9328169983755,10.1132715662289,1.311389194636,47.3114184994565,-1.05935906573688,-0.67783560962323,-0.0155170512744461,0.735049731274321,0.0364683730945617,-0.999256185659641,0.0125352776108876,0.734308480197894,0.0353029253843421,0.677897307391589,18.0631981628901,7.47040546999805,6.39239136076833,0.904371584699454,618.120862644416,45.7202721728793,472.694397896625,6.88711195686133,372.297583081571,0,1265,0.943342452726478,1,0,6,4.977453,5.385165,4.582576,1804,756.772658610272,96,45.7354363966079,473.026924040412,6.08614355562608,370,3.19868257520797,0.232057416267943,45.634164007232,472.44120450152,7.36339200462627
1222,79.6914893617021,686.240589198036,6.87806873977087,13.2644993014247,33.9049174253348,9.37090081557145,7.03615518448084,-78.2223970614998,20.3676164297316,134.668995435939,-0.191351990938371,0.917742346611823,0.348042239964269,-0.637687385890472,-0.385803439452618,0.666716209479495,-0.74614959186486,0.0943646721074931,-0.659056974182011,71.846464101173,5.48836138095485,3.09421748625603,0.660540540540541,802.920566089175,78.5414510171394,686.363958290203,6.44738333133574,300.415711947627,0,1115,0.688428772242818,2,0,29,2.582924,3.162278,2,453,29.9615384615385,0,76.2591156146724,686.773960068828,5.42026056318794,65,0.619963018626575,0.00104275286757039,80.7314203397746,686.022255442426,7.76378940228964
503,83.3697813121272,592.477137176938,5.33399602385686,9.86710585983938,13.7441442134945,7.87835834905347,6.94534434127673,31.3616904746044,-50.7811224961644,111.195701257417,0.539907161180056,0.329065439841319,0.77473620904701,0.428626392156768,0.684657611858896,-0.589511128368536,0.724416781454686,-0.65035366595854,-0.228605415336388,11.8063437600834,3.87928314225628,3.01486300118154,0.887125220458554,334.945528666565,83.5261534588028,592.729511550324,5.72813306476994,631.68986083499,0,2059,0.913177628291991,3,0,6,3.282989,3.605551,3,182,8.35984095427435,0,83.410225921522,592.773365041617,5.93816884661118,1,0.0242361008675057,0.000485436893203883,83.0985339900996,592.389058884866,5.43579787836762
1056,163.118371212121,166.53125,7.50378787878788,12.6344138554118,28.6142648338199,8.62492166626333,7.44295385607834,43.5545980453857,29.6301733785144,-29.7065213110602,-0.629950108944381,-0.598942235251383,0.494399695664389,0.776046226485795,-0.460653556209005,0.430755795676802,-0.0302508611137016,0.655031678611099,0.754995619469282,51.1735094987488,4.64932960932366,3.46234763148197,0.697951090548579,675.07771589862,162.582128653643,165.958844642426,7.94554469491694,400.505681818182,0,1572,0.74285884313843,4,0,16,2.853943,3.316625,2.236068,140,5.74905303030303,0,163.344589029814,166.746829187943,7.47290396969198,61,0.370978161876303,0.000728862973760933,165.62360933393,168.7201755818,6.5997930735462
853,215.47713950762,382.128956623681,3.73505275498241,11.7665768679548,31.4076637268958,7.03154913677465,5.94846785130435,76.5276847877156,-5.82318077316927,-70.4665984315793,0.23177328284425,0.96746434433345,0.101458798549201,-0.302878713050313,0.170885145693775,-0.937583464104505,0.924416372929745,-0.186577087083772,-0.332630966740544,61.6525837988603,3.09016770392978,2.21151686112509,0.817049808429119,604.857557330068,215.027232870885,382.055233863534,3.57750939472005,396.820633059789,0,1321,0.719112824608258,5,0,27,2.462101,3,2,516,86.6002344665885,0,213.983606335454,381.836334100447,2.91135779071342,252,4.05867091834078,0.000986193293885602,218.352567565085,382.773036989613,2.21459870235352
530,217.22641509434,370.733962264151,3.30754716981132,10.0405865108726,13.9691786854654,8.33815102895363,6.88610571711091,-85.9165795891925,-7.55627152328064,9.01950522056639,0.0705904497028802,-0.988799665144706,0.131499850267836,-0.983659855259367,-0.0908913080061811,-0.155409328162907,-0.165620885041307,0.118380709318046,0.979058593802991,12.1961220716538,4.34529766135253,2.96365324670172,0.921739130434783,350.645698033799,217.09975263409,370.731314549613,3.04878757795317,344.001886792453,0,909,0.903232430507366,6,0,2,3.605551,3.605551,3.605551,2113,860.081132075472,153,217.388155571107,370.683910907922,2.88798775016837,694,5.70807033616918,0.535641547861507,219.300529959671,370.312892224333,3.34040433992467
612,231.93137254902,266.771241830065,7.85130718954248,10.533780553459,18.8014691890973,7.1462037303065,6.73884006147883,22.5425526022812,-69.1756914362372,119.790272397094,0.328341318698306,0.136289207429428,0.934674932997412,0.55871287217223,0.769839634039942,-0.308523685201485,0.761598256894352,-0.623515990011087,-0.176623626097923,22.0934527292859,3.19176423469041,2.838247835887,0.859550561797753,406.347921521209,231.929397843346,266.679019498372,7.61737472480012,465.348039215686,0,1499,0.857867792742449,7,0,10,3.217683,3.605551,3,211,23.8513071895425,0,231.979242310064,266.562718366788,7.21552373775433,42,0.161090006323238,0.000850340136054422,232.966924510495,265.593564187353,5.51328978291305
1106,244.007233273056,515.825497287523,7.73056057866184,12.8307536973003,33.4180609857746,11.1666375604574,9.65180909201798,-50.3427788440379,25.4600221175269,-111.394389848926,-0.576215339009191,0.69511007926125,0.429881217082048,-0.536282202684699,0.0753460281409231,-0.840669004500008,0.616747340629995,0.714944021412031,-0.329359627266341,69.7979250030593,7.79336215041369,5.82233867179757,0.471843003412969,804.798848427399,244.004269076495,515.795183209159,7.53174292678942,210.310126582278,0,811,0.642638681395727,8,1,35,2.544065,3.316625,2,3321,608.425858951175,0,238.907051220132,520.028300582983,2.81660645634913,2210,16.2862828919973,0.00123152709359606,239.210681884607,519.75500891297,3.44106833757844
990,232.624242424242,1017.61111111111,10.0232323232323,12.3655144919218,28.902656668556,7.5614178201507,6.88096260640082,68.2444542096569,44.1623640664027,-66.4106693224999,-0.265890687556886,-0.666272890225957,0.696694034724338,0.608324720686868,0.444675000718712,0.657423134622639,0.747825632398201,-0.598618893358507,-0.28707532816748,52.2102226562764,3.57343996568079,2.9592278994179,0.79454253611557,614.227286121913,232.14521761752,1017.42547293018,10.6381345042609,384.39696969697,0,1400,0.782069139262309,9,0,16,3.188872,3.464102,3,153,11.4828282828283,0,233.677339901478,1017.74137931034,8.92030260380014,99,0.447594188425573,0.000733675715333822,234.104692900426,1017.81614947446,7.93035072240242
489,247.147239263804,893.40081799591,4.05521472392638,9.77469944044205,18.2750523699842,6.9187610725023,6.04388858849734,68.1523235549834,0.580396570196697,-17.9514290006453,-0.372121216964642,-0.928128864929911,0.0101296578752357,-0.884152971917411,0.351125995483212,-0.308194836987148,-0.282487738024794,0.123642004916773,0.951269326997247,20.8735961953542,2.99182842364832,2.28303682938552,0.771293375394322,383.783846070917,247.177099035645,893.541230293256,4.05040318599217,310.664621676892,0,1146,0.782113903685063,10,0,11,2.387089,2.828427,2,105,5.70143149284254,0,247.332137733142,893.484576757532,4.21018651362984,29,0.273899766364785,0.000871839581517001,250.245628881714,894.44063053744,4.80101785396783
1157,249.154710458081,322.652549697493,12.4788245462403,13.0250154027404,41.0848258957045,7.73016149610634,6.21563791198035,15.4646701801667,-34.9832843530503,91.6338684079347,0.789655934488419,0.218466694210705,0.573337430007729,0.544752424844234,0.180295130174234,-0.818986240215172,0.282291163080867,-0.95904430010094,-0.0233608580824607,105.497682430022,3.73471229724284,2.41463466580299,0.68542654028436,774.271408140138,248.871529168193,321.464028593094,11.8173441480434,405.777009507347,0,1788,0.688356062372113,11,0,27,2.726338,3.464102,2,440,14.0656871218669,0,248.603355044857,320.989185203392,11.8010937692024,46,0.128645177109118,0.000558971492453885,247.258096660354,319.378890652259,9.45711467743289
791,252.408343868521,452.579013906448,3.89759797724399,11.4742934803985,20.2481198824415,8.33098993836649,7.71219632928671,0.448072632049421,-2.59477329694986,120.627028639352,-0.998944156418051,-0.00781224491912242,-0.0452718586712777,-0.0349713117948776,-0.509736476409014,0.859619527447736,-0.029792276005266,0.860295119971889,0.508925069969028,25.6241474233577,4.33783708457273,3.71737326384147,0.820539419087137,502.744355864713,252.50034027413,452.453466020345,3.63648574430489,211.772439949431,0,724,0.822724776824774,12,0,14,3.141834,4,2.236068,3865,1962.58912768647,456,252.504373850173,452.132841366445,3.5368324564161,2574,54.5349595862271,2.09116022099448,252.162854944379,453.355410241158,4.58112525510287
2022,266.76706231454,413.276953511375,5.30464886251236,15.6889607430679,63.0172597604205,10.4476954453394,5.62487398243261,-62.5363913954755,7.16025358618576,85.2450218450281,-0.45758854031793,0.880384211457452,0.124644967753003,-0.130839439276762,0.0719874788092154,-0.988786551296303,0.879484945237523,0.468765872383148,-0.0822483312257301,248.19843923202,6.82214625741034,1.97745045739044,0.690337999317173,1330.80227991237,265.568406079869,413.941098278629,4.68614406646317,392.890702274975,0,1536,0.581064962890525,13,0,49,2.416016,2.828427,2,268,27.3288822947577,0,266.589858665557,413.336035758881,4.89576358602219,81,0.403057113690855,0.000650618087182824,278.425703789783,407.021109702423,7.61058743072005
1042,262.559500959693,571.200575815739,5.48272552783109,12.5783313815359,20.1961267410435,10.194210793154,7.37818383321415,6.28150351100291,-8.44013140774645,101.122931498828,0.983231119812576,0.108228457690411,0.146775903942242,-0.122046696758327,-0.20751408815788,0.9705887424787,-0.135503390520268,0.97222657038468,0.190825383519995,25.4927209587683,6.49512085595363,3.40234979229391,0.902946273830156,569.639047768981,262.489138547632,571.480418964474,5.61120917448717,271.302303262956,0,810,0.872561778534204,14,0,9,3.613392,4,3.162278,1775,819.237044145873,216,262.570198384574,571.187929408595,5.27499604636588,972,13.766801329189,0.630314232902033,262.958947604511,569.885359617509,4.5893206798134
2436,274.152298850575,514.238916256158,6.22988505747126,16.6939671235522,69.8937326899364,10.8848091662586,9.62264779630353,39.4560965411621,-6.64428375704103,25.148359396732,0.766925973106704,0.631218607067503,0.115704891279916,0.613214275459685,-0.667676505904057,-0.422109388471998,-0.189189862695627,0.394678544584718,-0.899130714800522,305.320866833268,7.40494191161675,5.78720941323158,0.45136186770428,1576.47215454773,275.132699085238,515.556398941727,6.69617758946673,252.293103448276,0,1115,0.555370332490271,15,0,57,2.462527,3,2,532,85.4930213464696,0,276.839321812533,517.145735399331,6.69495008667009,253,2.98540805893671,0.00145985401459854,275.356180282644,514.725080959088,6.67562457992025
815,289.878527607362,495.79509202454,3.56564417177914,11.5891876643704,13.9877187533543,11.9610621637994,7.30748047195135,-5.99633051266678,-6.19364608019068,-8.55006446094688,-0.988723459450945,0.103855001575185,-0.107889106860577,0.119256275730367,0.981800085099894,-0.147805729242014,-0.090575170053815,0.159005445018901,0.983114137333028,12.2285172451838,8.94168800539203,3.3374544279969,0.933562428407789,467.474984271623,289.819485663755,496.000396714838,3.39077017188957,405.168098159509,5,1037,0.902604486655842,16,0,7,3.165588,4.123106,2,2122,923.877300613497,295,289.878253824904,495.809703038674,3.20092966425839,146.833333333333,3.14929560582053,0.545968882602546,290.077105935449,495.686047683935,3.58850199512156
462,292.335497835498,410.194805194805,4.10606060606061,9.5913804448641,17.6465787404685,6.87665959404716,5.56298592393327,-17.8880244886596,-15.457898362424,81.8039716953392,0.917233861103658,-0.296046766055854,0.26653021658481,-0.20726656733083,0.21669939527128,0.95398214980992,0.34018026708169,0.930267533775597,-0.137403426053714,19.4626088277221,2.95552794827505,1.93417577436748,0.868421052631579,342.879927675611,292.434184361069,409.891411499713,4.10303749988219,229.668831168831,0,788,0.842888339971167,17,0,9,2.758633,3,2.236068,247,40.525974025974,0,292.364418095391,410.009987715644,3.89285905036586,111,1.40847242700043,0.00165016501650165,292.385242252448,409.654488937413,4.27020598942368
1199,297.912427022519,434.946622185154,4.62468723936614,13.1807519456469,25.3535347829324,8.91128324843033,8.18504429515392,-10.9561925442529,-5.85424264281433,-47.823978145786,0.976652440164787,-0.189067170737819,0.101998117969712,-0.201818766322916,-0.644806173222677,0.737220580649932,0.0736151932692101,0.740593413367364,0.667908825661717,40.1751078743353,4.96318557085968,4.18718438210197,0.797737857618097,672.048620104863,297.835521676349,435.032392793579,4.52837989858625,198.69224353628,0,680,0.812137478653002,18,0,14,3.371191,3.605551,3,612,166.564637197665,0,298.062134784764,434.496547511154,4.16570444292002,301,5.75048435107336,0.00294117647058824,298.521296883655,433.193878442765,4.67029937903654
704,307.75,311.884943181818,2.51988636363636,11.0371771274813,39.2691579443173,6.09721669728601,4.90064475308834,-75.3288597663934,-1.77209591508904,-11.1925432552636,-0.253149572247952,0.966932780333985,-0.0309239775298731,0.950516267988577,0.242646760452094,-0.194013849843692,0.180094748284744,0.0785082668111665,0.980511261374678,96.3791728534835,2.32350321585399,1.50101993724827,0.766050054406964,600.712405015002,308.85830027741,311.591688055793,2.37683752041689,328.730113636364,0,993,0.637087812069778,19,0,32,2.298894,3,2,752,130.25,0,306.100320624673,312.560973215844,2.48132961088815,142,1.3803189783633,0.00117785630153121,305.025078926899,312.895231426449,2.62737864013139
591,306.866328257191,614.307952622673,3.83925549915398,10.4118911583375,13.6160986888565,8.75505720499204,7.81586845970892,14.096389725357,-1.10566369615333,-18.6620254629551,-0.969706780080224,-0.243508551117016,-0.0192962742345607,-0.224759869772508,0.92039700337064,-0.319925549348893,-0.0956648399689721,0.305896946240458,0.947246164771583,11.5873839690425,4.79068916641769,3.81798748621704,0.87039764359352,385.971443400382,306.864427692381,614.61399584471,3.57243498403955,212.560067681895,0,762,0.882376509220475,20,0,4,3.343345,3.605551,3,2318,895.099830795262,198,306.943191355831,614.501612464178,3.39928620577538,889,18.3735586493386,0.595698924731183,307.474958768433,614.768493073335,4.64418739421494
585,306.591452991453,486.201709401709,4.68376068376068,10.3765364169848,16.2575040255241,9.00543441375963,6.2132080338903,-1.56735496312915,-14.175291088623,59.2586784661901,0.969188302649217,-0.0265192504477961,0.244889287972373,-0.196418263641276,0.516728686505557,0.833313464580039,0.148640168581964,0.855738391038949,-0.495598533478457,16.5191523212457,5.06861556128289,2.41274712952494,0.810249307479224,403.728499357512,306.657018589017,486.217072060291,4.37685623783093,176.466666666667,0,563,0.837848110067962,21,0,6,2.559528,3.162278,1.732051,632,158.904273504274,0,306.64057272561,485.871298099162,4.17365720371347,267,6.22818982137098,0.00327868852459016,306.92880232828,485.743517784482,5.00440589425566
387,309.273901808786,291.472868217054,2.57881136950904,9.04143673045577,13.7162286643755,8.17254605028638,5.22573141840478,-19.1327599931365,-1.77040561450927,-5.37270918615792,-0.944310683662719,0.327601683738972,-0.0308944903152682,0.329051176856984,0.939662889612294,-0.0935894058882097,0.00162964090636367,0.0985433442545186,0.995131425276909,11.7584330483398,4.17440680900322,1.70676680358143,0.934782608695652,293.965477753303,309.16168078731,291.572776609788,2.34694176893365,369.950904392765,0,1103,0.873631805102442,22,0,3,3.65092,3.741657,3.605551,2353,1189.43669250646,483,309.188960965606,291.610774865743,2.36693373190358,1372,10.4231196907232,0.753041362530414,310.024986374993,292.265599181436,3.08416515870598
996,310.827309236948,340.013052208835,6.23694779116466,12.3904450321779,22.5593510282311,10.1119548060624,7.19493911559873,21.1366999023862,-24.832368940306,88.0592797189989,0.846483549290691,0.327253903881579,0.419964859451957,0.403697795295444,0.119762974080333,-0.907019801389711,0.347122011479872,-0.937316228619616,0.0307342921256911,31.8077699259344,6.39072687499055,3.2354468048233,0.732352941176471,617.556510671094,310.993920615799,340.193825673275,6.33045102803357,196.694779116466,0,754,0.780992707625385,23,3,14,3.19874,4,2.828427,2002,879.915662650602,84,310.64596940196,339.608909670971,5.65577090721546,1419,25.4038661024741,0.301418439716312,310.399738161724,339.013497172644,4.62344077869591
4150,320.190843373494,507.372771084337,8.88722891566265,19.9380719151789,83.175155515571,12.0916229119755,8.46264560758272,-2.46478383360964,-9.30343666398498,-81.6804673817095,0.985933033956932,-0.0424396349736056,0.161663013505832,-0.16603635862726,-0.137680458649541,0.97646096640872,0.0191828091342104,0.989567061239085,0.142790234765411,432.381655939964,9.13795904033815,4.47602316747112,0.530758409003709,2269.93567792027,320.214465887804,508.628718143458,9.15531767970452,454.333493975904,0,1718,0.550177262384126,24,1,84,2.987007,4,2,774,58.9378313253012,0,320.005310885066,500.08528488258,7.11106250408844,186,0.669994155702608,0.00058173356602676,319.442224548923,508.799626683388,9.28258275767125
511,323.127201565558,523.19373776908,3.16046966731898,9.91914165851832,37.6747919642139,6.13972902443687,5.07771966005788,-5.61473048843209,-7.22403695890421,-77.961216446426,0.987302396812796,-0.0970621242211276,0.12574943852515,-0.142800342402344,-0.195540491517686,0.970243257326117,0.0695847645500182,0.975880556327824,0.20691810052244,88.7118718466746,2.35601703084454,1.61145230913363,0.560922063666301,499.73051326081,323.194594971742,521.848555325565,3.03142854927863,252.428571428571,0,768,0.618532024125355,27,0,36,1.879418,2.828427,1,197,35.4187866927593,0,323.003094093596,523.886734073706,3.10757500414388,123,0.820195769575854,0.00130039011703511,322.475304544485,527.087277553175,3.94729792606919
877,334.202964652223,440.445838084379,3.52679589509692,11.8759125337654,21.3081698531992,9.25555011133604,6.75612945871845,-49.687889389465,-2.97296017182075,-12.1910371300134,-0.646080253638972,0.761505326686561,-0.051864663170547,0.752421344379856,0.624010020267518,-0.21088768367864,0.128228024937654,0.175274447749022,0.976133413825622,28.3773814057991,5.35407549146579,2.8528303289352,0.847342995169082,542.474006718054,334.421745914692,440.253876901044,3.35544583026067,213.379703534778,0,1646,0.816779671270665,29,0,8,3.10048,3.741657,2,912,293.451539338655,3,334.430021332235,440.215618770813,3.18420326627991,392,5.88635499914191,0.0350877192982456,333.464962796919,441.195492814912,4.58800049505507
585,331.526495726496,638.582905982906,3.76239316239316,10.3765364169848,11.2219218265562,9.69706080737265,7.91033225739257,-81.911416765281,-1.11776794248252,13.8623519468643,0.140677182433894,-0.989863317859053,0.0195074934199109,-0.960557965662619,-0.141233137493838,-0.239544558434829,-0.239871475887716,-0.0149603753533767,0.970689374735675,7.87072059258367,5.87706176886767,3.91083477639659,0.921259842519685,354.290797197878,331.477544641968,638.49113630482,3.46043437580873,343.473504273504,0,1020,0.954761350965433,30,0,2,4.297621,4.472136,4.123106,3456,1542.16068376068,314,331.441762251653,638.356247866242,3.24115571004828,1761,13.8194270625667,1.128125,330.653511747524,640.175225591404,3.45928306693385
1547,333.881060116354,589.337427278604,5.66386554621849,14.3492949890707,54.4970887651135,9.09275113640297,6.80288975778873,14.7579145799311,-3.75525178711253,81.1313717454897,0.964934514658628,0.254188592622418,0.0654945936788053,0.10184921047996,-0.132599147917317,-0.985923021486064,0.241925857950584,-0.958021724885316,0.153838401911349,185.620792742041,5.16738270178485,2.89245681603917,0.523519458544839,1094.31378836881,333.732480382122,588.662589559877,5.7272944387581,151.570782159017,0,651,0.591111119356513,31,0,43,2.361691,3,2,250,27.333548804137,0,333.817760435142,588.635024240274,5.57873950573489,151,2.18780963310804,0.00166666666666667,334.587690442822,592.955271248871,5.84638345933208
2249,341.672298799466,312.92352156514,7.72343263672743,16.2553731869551,31.9026023474373,12.874799373785,11.2770854148452,-59.1598355216216,4.77653497887979,-120.781548290297,-0.510864479514687,0.855618861122011,0.0832697307697197,0.476076999310794,0.200930813317305,0.85614105087122,0.715798976177962,0.477014855902749,-0.509988875320494,63.6110022836696,10.360028682201,7.94829096585712,0.607345395625169,1200.9749803079,341.139910351191,313.200979004652,7.55822455059657,278.047576700756,0,965,0.691209664025371,32,1,28,3.171126,4.24264,2,1031,311.18274788795,0,341.415203257841,313.58677430878,7.15975280417232,454,3.65456220254935,0.00269541778975741,344.570556830035,312.586394746765,7.51406847513784
1333,336.036759189797,496.30832708177,6.20705176294074,13.6545431968229,27.0523971105248,11.8318761593087,8.84211401370021,14.0918735659719,13.3722516204599,-72.9157184716263,-0.943610451355534,-0.236876288783647,0.231276760407723,0.285946905168728,-0.231111417642388,0.929957999083696,0.166834299582045,-0.943650961133094,-0.285813190800489,45.7395118390957,8.7495808405761,4.8864362644546,0.64992686494393,792.26720000733,336.216650265609,496.437659470015,6.06840892129474,340.764441110278,0,997,0.739320158011409,33,0,18,2.420484,4.123106,2,2160,903.26031507877,0,335.401232178837,493.873022293168,6.6782647839036,1223,8.42679545033336,0.00193423597678917,334.11088176329,492.353978058938,6.32499814056332
826,339.203389830508,656.18401937046,5.34261501210654,11.6410943277983,15.969231172264,9.20401526660457,8.35278534180537,11.094423277934,-20.4823420362589,-17.0302592630065,0.919272964982875,0.180261268278036,0.349918691999138,0.0834208244425261,-0.958001550465103,0.2743610674928,0.384679323464263,-0.223022206215555,-0.895702469369056,15.9385215145755,5.29461856424313,4.36056393539241,0.826826826826827,472.607106310785,339.05613441501,656.010695015828,5.14535993950812,188.927360774818,0,914,0.900818386215811,34,0,7,3.529655,4.123106,3,1079,415.63196125908,28,339.119783170993,655.807286083795,4.89080777834739,686,20.2744010865269,0.247863247863248,339.449648032042,656.459414990701,5.97746702421183
648,338.416666666667,414.320987654321,4.10185185185185,10.7364027472758,22.1895623706808,9.08242898932772,5.33770877572263,-3.818118911135,-1.98359956744209,-65.1600209527436,-0.997182566060757,0.0665495344808766,-0.0346134281004054,-0.059314683730957,-0.417061349408897,0.906940791409851,0.0459205644388204,0.906438630183869,0.419833671198502,30.7735423876457,5.15565727163629,1.78069593590165,0.805970149253731,472.251969207054,338.50735743049,414.864849661455,3.94175110275706,224.95524691358,0,798,0.766820446177306,35,0,14,2.24142,2.828427,2,317,60.7299382716049,0,338.516631514751,413.677864457602,3.97270856097375,197,2.02437348572956,0.00161812297734628,338.400404642121,411.628658888864,5.00069056004369
1128,345.690602836879,363.765957446808,4.82712765957447,12.9152700804139,21.5447912797544,9.88655101858916,7.99913783056781,-27.8821579953986,3.76585479140908,-116.901012544398,-0.882002748430299,0.466644819476865,0.0656792525597189,0.2633630512929,0.372534586000852,0.889863970192561,0.390782618568294,0.802159955799701,-0.451473532265547,29.0111269555114,6.10899319019789,3.99913787702632,0.825164594001463,635.528314086949,345.526913858386,363.965211170906,4.67550022817065,215.637411347518,0,642,0.824559412412466,36,3,13,3.079339,4,2,536,83.1214539007092,0,345.386301340643,363.923742280906,4.35618220795427,176,1.99903307218596,0.00191938579654511,344.863051022137,364.887042083634,4.76875634891202
1295,346.068725868726,737.02471042471,12.0185328185328,13.5235397544446,34.3507131417117,8.23979069160556,7.31446744640516,-40.5621357070937,51.6700593583245,-90.0930912725379,-0.471158365648126,0.403291758394211,0.784452389945428,-0.59700517212699,0.50887266767403,-0.620188223483758,0.649303179518944,0.76052900385562,-0.00100765121323398,73.7482183340103,4.24338441509187,3.34383962653255,0.759085580304807,768.187328311198,345.99681805328,737.077315700576,12.0212061845427,606.219305019305,0,1779,0.74793438187704,37,0,20,3.296434,3.605551,2.828427,194,8.24633204633205,0,344.732652870119,738.718232044199,8.39488716171926,14,0.048228679162892,0.000564652738565782,346.485259590885,736.633611962256,13.4097954971373
864,352.78125,488.684027777778,4.50578703703704,11.8169402621124,22.9174520522623,10.0866390247291,6.77833223707074,-27.100548178996,-3.78427140319279,-114.239336397504,-0.888267456936568,0.454560146562986,-0.0659999856369639,0.133453147921175,0.392890132560024,0.909850317935261,0.439512436976898,0.799382522259277,-0.409654001382905,32.8256005354838,6.3587679259492,2.87161174475703,0.67817896389325,583.815282536725,352.375202741944,489.419241752653,4.46241713534285,384.628472222222,0,1119,0.751423016268389,38,1,13,2.620289,3,2,802,282.346064814815,9,352.816017413619,488.64361111225,4.2559285418554,309,1.75932831779401,0.0503731343283582,353.246387087147,485.166463524446,4.08195760187901
2693,360.641663572224,455.379502413665,11.2547344968437,17.2615282635928,46.9658570296001,24.4226109906239,9.74603654086618,24.4167481592851,-7.02909989565143,59.879409374971,-0.903719192745448,-0.410263773767816,-0.122373430928884,-0.303820921507964,0.41318506431788,0.858470121948738,-0.301636317968456,0.812995534156505,-0.498049990587303,137.861982907802,37.278995474959,5.93657676599365,0.362498317404765,1599.89278567793,361.521830631557,457.762395060482,11.3148055531339,242.788340141107,0,936,0.585083000634224,39,0,47,2.733913,4.24264,2,1052,134.55848496101,0,361.360715409282,459.468073715525,7.65716982277587,864,2.47153891631182,0.00110864745011086,360.590147692033,456.963299854339,6.26161101801364
1080,364.677777777778,650.605555555556,5.35925925925926,12.7294130153647,21.1350403189253,11.1032150372095,7.12572500087455,29.205999264863,-9.25846940746164,105.062432144993,0.861499746267117,0.4815943213874,0.160888460708355,0.00880545292487441,0.30264270660822,-0.953063406146537,0.507681643533112,-0.822480578338639,-0.256485958826712,27.9181205801623,7.70508651015715,3.17349729925554,0.798816568047337,625.371284966479,364.695470723423,650.512367548659,5.04748113648844,227.634259259259,0,999,0.814008035732803,40,0,15,3.154162,3.741657,2.236068,1981,364.092592592593,0,364.828096231117,651.025110625095,5.29771629113473,665,7.10573280442735,0.00392156862745098,364.445838964541,650.72767377914,6.67662148012909
1045,364.351196172249,338.813397129187,5.93397129186603,12.5903911505543,17.9384729491391,10.274468442868,8.20306033372495,-32.3199366008439,-21.7838071873259,94.2891565903571,0.784729612360123,-0.496467730246904,0.371105414011462,-0.352720100350097,0.13465127287348,0.925990046124994,0.509693992797785,0.857548148815586,0.0694493064674696,20.1118007341873,6.59779386146821,4.20563742742073,0.893162393162393,552.298500913301,364.571268498705,338.650577305757,5.73224330411515,255.352153110048,0,877,0.901684187508662,41,0,4,4.269311,4.472136,4.123106,524,139.932057416268,0,364.643244500065,338.606439215204,5.40377763644694,232,2.50504779411714,0.00190839694656489,364.429013657031,339.600357835055,6.94605983636077
1579,368.622545915136,416.759341355288,6.55668144395187,14.447559860956,17.8962541667405,15.1446142866613,10.0379948767303,-8.7488426682769,-30.4049537685567,-107.754840572787,0.852434717453849,-0.131184625369428,0.506108334792126,-0.43001097450321,0.374710817399799,0.821390507085621,0.297398073776841,0.917813923074965,-0.263005681162152,20.0172445750361,14.3349588682341,6.29758382157901,0.753699284009547,807.993687742683,368.61810406429,416.578958477623,6.07347822741115,288.039898670044,0,1809,0.811579203567101,42,0,17,3.073951,4.582576,2,1123,410.295123495883,45,368.669604047813,417.457773023635,7.00583771702354,836,6.70709320906398,0.0841121495327103,369.048486160279,418.830680974648,8.80272563708392
1101,371.331516802906,495.33514986376,3.87011807447775,12.8113894153879,18.6228814718339,10.9454891634976,7.96908420670508,9.86852603236458,-3.21306322466632,-5.29643152580802,-0.983654893238515,-0.171118509895128,-0.0560491443217131,-0.165558917619705,0.981883975184559,-0.0921634638691534,-0.0708046312363597,0.0813776065452904,0.99416517206571,21.6757321446235,7.48773331426516,3.96914394334727,0.887903225806452,587.199832977232,371.294925930246,495.337306077219,3.64428146506474,311.462306993642,0,1297,0.878125145929198,43,0,7,4.280141,5,4,2022,917.554950045413,147,371.244553704708,495.015806332828,3.44478375178673,1160,8.12351841746026,0.457186544342508,372.084955250647,493.510999422388,3.78176897538592
680,373.475,613.829411764706,3.375,10.9103017820975,19.5801255825816,8.20529210535561,6.46086129614512,46.5647496900147,-0.470854895930722,-5.21870044817269,0.687511177973342,0.726127293716562,0.00821787573335536,0.722627826540907,-0.685227184979835,0.0909545450946545,-0.0716756895360837,0.0565938007600775,0.995821137175274,23.961332364354,4.20792615838819,2.60892054300162,0.859671302149178,445.667877896848,373.770700794125,613.931514759665,3.23689990277031,297.960294117647,0,882,0.839096803676107,44,0,7,3.006535,3.605551,2.44949,1026,407.113235294118,23,373.287588003049,613.545151117806,3.04820526157992,666,3.67981061021409,0.0827586206896552,371.459691223708,610.913821169085,3.31007389983654
1903,378.86915396742,349.969521807672,8.88176563321072,15.3749385493077,28.5477459371673,14.0419344801925,9.83061645610025,4.35611942442281,-24.7872533422611,65.428692375648,0.905248129392264,0.0689576897832837,0.41925011777167,0.411767434007958,-0.38566355369086,-0.825658042802854,-0.104754019122461,-0.920058943967336,0.377515741530604,50.9358623808159,12.3234952466263,6.04006374418431,0.601644008852355,1095.20377725304,378.956445746062,349.055392853346,8.57164374337512,326.203888596952,0,1080,0.678081220986052,45,1,32,2.852779,3.741657,2,785,263.819758276406,0,378.711954410824,349.965232477308,8.79781455594972,484,2.7160793487731,0.00186915887850467,378.89934987879,352.855232130422,8.5669436066407
2174,377.721711131555,514.08739650414,8.05335786568537,16.0726309376121,32.324045498142,19.7086677782009,12.4889740286111,-13.6830327800256,-13.9017748438365,-71.9752597862699,0.94315955329187,-0.229621637907487,0.240258112118953,-0.295178129325013,-0.246601872646,0.923069546879146,0.152708640889985,0.941520801582296,0.300364197575817,65.3027448353723,24.2769740994683,9.74840451795771,0.451693330563058,1394.56115373465,377.555409853914,513.398582050839,7.33619452930364,287.287948482061,0,1065,0.58195077934216,46,7,71,2.456134,4.472136,1,792,164.178012879485,0,376.605833751257,514.31662571479,9.30158325465156,326,2.60541356049072,0.00128040973111396,377.34681172252,518.000955472501,10.8601137041543
1668,377.76139088729,442.057553956835,8.20803357314149,14.7140583743163,22.8588116129456,14.9066913866955,11.7400814009176,-27.0059251527465,-20.2437677833706,-133.180002624932,0.835924087877457,-0.426033490850902,0.346015005425539,0.0859213949930887,0.72424972690083,0.684163611255755,0.542077884799485,0.54217875074321,-0.642023184202758,32.6578292722585,13.8880905061363,8.61434445626073,0.561238223418573,990.696966260979,377.554805089639,441.958299154976,7.5175040676619,399.787170263789,0,1219,0.686552873107014,47,3,33,2.809047,4.123106,2,899,219.765587529976,0,376.928561880574,441.620483456048,6.99199332185755,200,0.878355730424648,0.00126422250316056,377.654099232453,442.803078609082,8.9954589919392
1059,380.088762983947,456.85269121813,5.12559017941454,12.6463669503889,19.616959412165,14.3080207985216,9.1366644727988,-28.1700597276598,5.96308085904761,-43.0860591621122,-0.876780235467705,0.469535710027005,0.10388761091984,-0.282221497960716,-0.677323271109109,0.679399891450437,-0.389368006880388,-0.56636507962929,-0.72637672856067,24.0515685361582,12.7949661981829,5.21741485553148,0.573672806067172,742.44979623244,379.708949349103,456.902293498714,5.24299182059061,393.442870632672,0,1321,0.676728300427754,48,3,25,2.414398,3,1,1047,94.8111425873466,0,380.146317414471,457.699447238683,4.7113689557293,27,0.390820124629801,0.00136425648021828,380.647256970938,457.343824352276,4.51023799991688
759,383.525691699605,397.114624505929,3.60474308300395,11.3174274165419,15.5442311726947,9.79890925571929,7.74095663911772,-34.981355330832,8.52022746769774,-3.10036269022241,0.810296115995289,-0.566982579532733,-0.148158560027278,-0.565905203002954,-0.822733438297023,0.0534882297533265,0.152221895984559,-0.0405023951682779,0.987516101321137,15.101445171886,6.00116391261382,3.74515060554379,0.885647607934656,452.866135304649,383.578459170915,396.807032797922,3.48989900932961,342.457180500659,0,927,0.888536888023051,49,0,2,4.581276,4.690416,4.472136,622,244.333333333333,2,383.332738380903,397.297494189777,3.35914995497414,304,1.70087717604981,0.0117647058823529,382.52922594484,399.329856124918,3.60269485201986
1592,391.54648241206,330.483040201005,6.69723618090452,14.4871007482817,24.327084682789,15.1867316415152,7.05826821770486,-57.3352701970346,-8.48524264893801,-91.6191140847917,0.533814347408901,-0.832628285353287,0.147554670986906,-0.0558203630888804,0.139418209977087,0.988659015935935,0.843757269340558,0.535996922711716,-0.0279458275693435,36.9879405727241,14.4148011219624,3.11369688956641,0.773942634905202,871.494856275435,391.57289479803,330.505508888372,6.51919423365533,742.917713567839,0,2106,0.756568064358184,50,3,18,2.910097,3.605551,2,1067,184.793341708543,0,393.551104554524,328.957935490889,8.52016886988385,34,0.389848364272162,0.000538213132400431,393.01936670058,329.162765151716,9.26855880332563
1021,394.28305582762,291.612144955926,5.58765915768854,12.493257938114,15.8214935189115,11.4661417526107,8.19082375046039,-59.4615092155939,9.25475177399917,-101.134458370094,-0.501502939290098,0.850076648066143,0.160824420707873,-0.246504569560259,0.0377852606230758,-0.968404755908168,0.829295061524729,0.525301786111828,-0.190598358960457,15.6449785730598,8.21702541818514,4.19309960694412,0.890924956369983,542.460549080079,394.154457928519,291.635003448961,5.71075199045982,335.09500489716,0,938,0.903926516785436,51,0,2,3.802776,4,3.605551,1064,444.060724779628,29,394.092918616808,291.539498352397,5.01592682614814,570,2.79657199526064,0.11231101511879,393.91147390561,292.067642755276,3.65788965488914
1657,398.788171394086,356.935425467713,8.04164152082076,14.6816419580506,20.1421361685564,14.5980623438139,10.2080710406221,-68.3013940696257,47.9392031287474,33.4210900100638,-0.247685153445106,0.622449389718603,0.742434389021557,0.926692592480475,-0.0713597633525472,0.368983228908962,0.282653327956154,0.779400116380032,-0.55914448471044,25.3566030895418,13.3189640121174,6.51279464814916,0.690416666666667,868.225742537001,398.541771824905,357.132805884898,7.81228152543172,294.361496680748,0,1016,0.779949478012469,52,3,15,3.648988,4.582576,3,985,220.022933011467,0,398.392308367482,357.002485064924,7.25795851642173,307,1.98915020303576,0.0027027027027027,400.356933705037,355.949265452651,9.30053035798884
1439,399.218902015288,309.584433634468,6.88116747741487,14.0072879695829,34.3987397469785,9.24678277988982,7.712267904811,-74.4133540652638,-22.0144861628612,-123.026199079954,0.249104512008089,-0.892995613066202,0.374841002482025,0.440535234573741,0.449162338168659,0.777291387492439,0.8624822602212,0.0284961228131194,-0.505284396937357,73.9545810112724,5.3439369861542,3.71744226472362,0.766648907831646,850.726884539017,400.182379354069,309.176540613113,6.36782277914522,232.922168172342,0,837,0.724549113772701,53,0,31,2.933466,3.605551,2,644,132.01042390549,0,400.703052699736,309.088701483973,5.93850907808363,217,3.1631665834794,0.00218818380743982,396.551532312646,310.466664550618,7.75546637252473
561,406.618538324421,402.705882352941,6.09269162210339,10.2326490570539,11.0489999588527,10.2341745119266,7.49842274317445,-78.6540259743691,-75.7014538928353,64.3614110238283,0.0485880006270468,-0.242147831162431,0.969021998748427,0.252368457762089,0.941665404717093,0.222657645468955,-0.966410558573245,0.233732097544015,0.10686411397576,7.63002500567044,6.54614549628552,3.51414647720974,0.828655834564254,362.355865251209,406.598799021425,402.638505448884,6.00832530209801,240.445632798574,0,845,0.907801166782024,54,0,9,2.828514,3.741657,2,1011,396.272727272727,16,406.690268949975,402.525772685766,5.80251811667544,548,7.27018995198018,0.304461942257218,407.368352457299,402.941885837659,6.37103289432297
692,407.846820809249,422.436416184971,4.41473988439306,10.974106166962,13.2597988842878,9.41509646844342,8.46177006551078,-5.16520061095955,-7.12796502244844,-157.368192913538,-0.988242137400184,0.0893319194816654,-0.124085801075054,0.0355399889006079,0.923547438634826,0.381833782921308,-0.148709068505123,-0.372934225772821,0.915863350173794,10.9888916532349,5.54025259438099,4.47509704009839,0.897535667963684,409.929277075499,407.890019118138,422.418195611932,4.34146208235972,238.099710982659,0,759,0.922952288081623,55,0,4,3.870501,4.358899,3,576,180.807803468208,0,407.896594442091,422.486496854994,4.00507516843965,242,2.95366313716893,0.00321543408360129,408.406196122952,422.694910770185,3.90863469137562
913,407.912376779847,453.13691128149,3.87513691128149,12.0362366608596,24.5348188229404,10.8911157981744,7.83750962441413,24.6517857622405,-11.5970222434674,-29.0474083178577,0.890305758261984,0.408587564377378,0.201027010726707,0.275929069885351,-0.835252959565498,0.475621321987652,-0.36224136317897,0.367979205626131,0.856371706111898,37.622333417157,7.41352520807773,3.839159819549,0.637124912770412,679.660246484693,408.29879641499,454.101596734659,3.9837296117312,408.418400876232,0,1199,0.66963699810825,56,5,32,2.160516,3,1,637,177.421686746988,0,408.160223723038,453.677941303569,3.79419826404751,159,1.13987605172825,0.00187617260787992,407.406618222932,450.911080859025,3.13564817383083
931,410.655209452202,339.792696025779,4.90440386680988,12.1148214983003,18.1028951754655,10.231865384592,8.53016352212589,-35.5988831456638,7.50568683939811,37.1839830124728,-0.806145283240969,0.577119569147791,0.130624596516147,0.527956398837919,0.601850246920867,0.599198065089823,-0.267192483491647,-0.552004785475597,0.789872707198829,20.4821758583682,6.54319182802576,4.54773060713795,0.75814332247557,582.164629235013,410.378772331278,340.155413378757,4.62650200609525,209.351235230934,0,880,0.792023552546079,57,0,13,2.695229,3.316625,2,860,336.108485499463,9,410.370651003301,339.955144654972,4.41609755941671,611,9.14062413663086,0.0598802395209581,411.036029893111,338.534734600336,4.86665472294281
491,409.252545824847,392.845213849287,6.20162932790224,9.78800742071595,14.0534517731468,8.84515162864238,6.34398654573234,29.8786003944907,-71.7330974029001,-6.1192321896747,0.271781888354159,0.156146473147574,0.949606699684781,0.407554153438552,-0.912569570211053,0.0334124458817272,0.871799413384543,0.377935256953341,-0.311658024722578,12.3437191712602,4.88979420835469,2.51538533077706,0.794498381877023,351.75173725901,409.234402187422,392.803742764817,5.77013600369305,286.771894093686,0,838,0.855661913616105,58,0,10,2.850469,3.162278,2.236068,1028,477.794297352342,67,409.255212129737,392.837858114128,5.81498484635353,437,3.28528387651546,0.222950819672131,409.272488299207,393.167325278116,7.6267271076935
