Volume,Centroid_1,Centroid_2,Centroid_3,EquivDiameter,PrincipalAxisLength_1,PrincipalAxisLength_2,PrincipalAxisLength_3,Orientation_1,Orientation_2,Orientation_3,EigenVectors_1,EigenVectors_2,EigenVectors_3,EigenVectors_4,EigenVectors_5,EigenVectors_6,EigenVectors_7,EigenVectors_8,EigenVectors_9,EigenValues_1,EigenValues_2,EigenValues_3,Solidity,SurfaceArea,WeightedCentroid_1,WeightedCentroid_2,WeightedCentroid_3,MeanIntensity,MinIntensity,MaxIntensity,sphericity,id,nb_branch_pt,SkeletonSize,MeanWidth,MaxWidth,MinWidth,channel_2_MaxIntensity,channel_2_MeanIntensity,channel_2_MinIntensity,channel_2_WeightedCentroid_1,channel_2_WeightedCentroid_2,channel_2_WeightedCentroid_3,channel_2_Ratio_MaxIntensity,channel_2_Ratio_MeanIntensity,channel_2_Ratio_MinIntensity,channel_2_Ratio_WeightedCentroid_1,channel_2_Ratio_WeightedCentroid_2,channel_2_Ratio_WeightedCentroid_3
1355,25.0494464944649,379.359409594096,2.8789667896679,13.7292524555026,54.5639175092659,10.5589598832121,6.07475791958791,-76.9396240053677,-0.809027072545427,-4.09638847765042,-0.225955154055556,0.974035369968212,-0.0141197169453876,0.971871780385671,0.224417828349481,-0.0714274513677326,0.0664041478050626,0.0298619552238473,0.997345854147142,186.076318372373,6.96822711345515,2.30641773634975,0.529917872506844,1031.56591441725,22.4270017395748,379.422854278666,2.57909168640478,75.0915129151292,0,575,0.574045968325687,1,0,50,2.397642,3.162278,2,757,81.9047970479705,0,23.6276659968823,379.228813941125,2.58885755219362,333,18.0371831647947,0.0037037037037037,25.7579536918018,379.633220569424,2.73800589416016
1340,29.5171641791045,562.759701492537,8.75373134328358,13.6784029064511,31.1882083685121,9.59378730131027,7.44857686981833,-50.516659751406,38.4924242927411,-92.8397441641601,-0.497676726426701,0.604087933523942,0.622411153936026,-0.433513970915661,0.448291088329602,-0.781729324731519,0.751254625938594,0.658872422169144,-0.0387765175180607,60.7940213273581,5.75254717392388,3.46758108659954,0.744444444444444,780.880235545829,29.7052293816668,562.608237640733,8.89391002259893,292.577611940298,0,1414,0.752724801747107,2,0,19,3.201754,3.605551,2,729,116.560447761194,0,28.5841309678535,563.498255341217,7.68640318584297,310,3.52262917504774,0.00113507377979569,27.9736992528363,564.120081530933,6.98910374227354
928,104.684267241379,677.885775862069,2.99568965517241,12.1017947984708,33.5795074152668,8.50394999877298,5.79258925991384,-64.8799574411171,-0.347881013626015,6.50332481707733,0.424508347672415,-0.905403665799887,0.00607163178750358,-0.89930230242672,-0.422407169893178,-0.113258781879542,-0.10510961709776,-0.0426190659090854,0.993546971015764,70.4739573907472,4.51982284885194,2.09713064587933,0.727272727272727,654.790848781365,106.972762148338,676.595780051151,2.82851662404092,8.42672413793103,0,249,0.702662603959871,3,0,21,2.834657,3.316625,2,500,52.0269396551724,0,107.430003521054,676.352643897185,2.93500548870156,501,36.211899000302,0.00537634408602151,106.982218122714,676.584131058449,3.06522793484935
1063,136.671683913452,543.688617121355,2.95860771401693,12.6622693462055,50.6828235771788,5.92437201315585,5.70350207096442,-29.4224712676556,-1.33292691002057,-120.588201848439,0.870785519912387,-0.491112475868539,0.0232618648691138,0.232535066730398,0.453068622575917,0.860613889022162,0.433197438879322,0.744000913496371,-0.508726468413981,160.546787859715,2.19363648439152,2.03312099209348,0.739221140472879,820.110664308465,136.10858634078,544.640061103685,2.48262363948826,29.5597365945437,0,333,0.614186842141907,4,0,36,2.42065,2.828427,2,484,90.3998118532455,0,136.408564441438,544.040366304178,2.53380508871429,485,43.2998431596028,0.00520833333333333,136.547852926025,543.789496875577,2.75628847022306
2388,136.697654941374,589.960636515913,3.5749581239531,16.583590559863,65.2406688393818,33.9034274520494,7.23792362330675,52.6726621754108,1.03223210188593,-3.65756079061423,-0.606269477555926,-0.795055208705123,0.0180148742687361,-0.794261429344999,0.604218949605798,-0.0637827781780106,-0.0398259016081745,0.0529780713892048,0.997801193381215,266.021554413118,71.8401495622737,3.27422114855137,0.290829375228352,1634.56599603573,140.659732698161,592.069207357417,3.10854836575361,31.6457286432161,0,680,0.528572477753617,5,0,71,2.634531,3.162278,2,537,91.5502512562814,0,139.720641106568,590.952969051605,3.08058658323499,431,42.3324950759138,0.00537634408602151,137.589908286727,589.4840150104,3.28401961944667
3534,161.027164685908,203.291737408036,5.92076966610074,18.8982957382309,75.3018001886153,14.5022148899193,6.9310645127884,53.015608135876,-6.62507537267207,3.31089251593235,-0.597580195798781,-0.793465334658181,-0.115371886891353,-0.80147465525219,0.595270754323445,0.0573681622119686,-0.0231578621092902,-0.126749720879286,0.991664369471622,354.397569477884,13.1446397945872,3.00247845502716,0.519400352733686,2074.01440619993,161.727175174267,204.804663985413,6.21984243999895,32.4343520090549,0,580,0.540982710978841,6,4,65,2.758857,4,2,179,6.76627051499717,0,159.172507527601,202.241928738709,5.73343927735028,180,3.59483691986138,0.00172117039586919,158.695271586883,201.413626669137,5.56270428220184
1020,152.120588235294,755.7,5.00098039215686,12.489177840522,28.9397030567318,8.33252126757015,6.39744101005086,32.7390184706974,-15.9375892869445,-17.1413703715231,0.80881031021417,0.520025143562634,0.274590116635542,0.448716866574014,-0.847547550696445,0.283401346080883,0.380104006481459,-0.106004713909899,-0.918849250359178,52.3441508132381,4.3394319171568,2.55795321731754,0.836065573770492,640.256787754803,151.730442081701,755.070649132625,4.76068830442082,70.078431372549,0,608,0.765355805698828,7,0,16,3.099197,3.741657,2.236068,350,55.2019607843137,0,151.141583490214,754.1316911164,4.34390651085142,281,12.3152942605389,0.00264550264550265,151.579597597158,754.576843241972,4.47249663235682
4963,173.381221035664,647.312109611122,12.4072133790046,21.1632267086606,92.2923378528211,25.5044915599532,11.0364757509946,-32.4692497135751,18.1630653032696,-27.5033828581331,-0.801641826489785,0.510097522992521,0.311722471212803,0.354723518984709,0.825611141642926,-0.438790915897502,-0.481187704644691,-0.241177859331984,-0.842788011938243,532.367226646204,40.6549431082327,7.61273731264319,0.31583301514573,2671.72557434109,177.034011924573,641.599305047211,14.6667193146052,544.729599032843,0,2318,0.526649642417736,8,0,89,2.905119,4.123106,2,610,122.151118275237,0,174.504288758833,646.198216536134,12.6383570094815,233,1.7333830440309,0.000621890547263682,158.536647656687,666.290790837346,5.1686184146393
1334,212.240629685157,698.336581709145,2.88605697151424,13.6579568327643,56.2999738550898,9.03761903238382,5.67506478153162,59.1121553161666,-1.89430678391368,-6.37564263598919,0.513078653796938,0.857704847043835,0.0330558674887715,0.850981808489959,-0.513334316691006,0.1109857690271,-0.112161743197408,0.0288144870662434,0.993272102043558,198.105441005237,5.10490986090669,2.01289751716129,0.624239588207768,990.346079711765,204.374079509591,693.145979713495,2.21706040495084,57.7188905547226,0,828,0.591744673583082,9,0,43,2.570686,3.605551,1.732051,261,16.7443778110945,0,208.728343107848,695.866589067467,2.57075703988897,258,5.19105222729986,0.00182149362477231,213.341310677147,699.16492531066,3.3058237377003
1175,220.037446808511,492.504680851064,3.5463829787234,13.0922135760771,42.8205085690378,10.5179956934493,5.97308568035946,76.4875204668689,-6.22721066641667,18.4977935720672,-0.232278469487984,-0.966581941859362,-0.108471481430393,-0.930126241052626,0.188123539179818,0.315396115562276,0.284450150848321,-0.174151898289522,0.942740276006347,114.59974713194,6.91426458796365,2.2298595340572,0.549579045837231,890.673909463243,218.886324396746,492.609966988494,2.93741626265556,123.232340425532,0,817,0.604584912165338,10,3,38,2.43233,3.316625,1.732051,470,75.6425531914894,0,219.26749549955,492.4224909991,3.07845409540954,271,11.0741164837068,0.00198019801980198,222.545667217573,492.422188260149,4.0631718823577
700,236.827142857143,635.552857142857,6.52,11.0162336670513,12.7177849752678,11.7045264418752,7.85156776054164,-34.298931720896,-39.2202466446524,-64.2525173802792,0.640003919042025,-0.436563587577763,0.632303105806134,-0.715282968414556,-0.0379321895132998,0.697804717736122,0.280651489764284,0.898873396535886,0.336543248770687,10.1088784173216,8.56224620178469,3.85294476864855,0.788288288288288,457.421750614771,236.663743491367,635.896409975336,6.59714990408331,5.21285714285714,0,161,0.83348797691248,11,1,9,2.423479,3.162278,2,299,6.88571428571429,0,236.442531120332,635.853319502075,6.37551867219917,300,7.02284509321692,0.00617283950617284,236.563157923607,635.884389178404,6.31582432794386
1721,282,98.1127251597908,3.05055200464846,14.8682806226936,69.1997721295791,7.46195339737076,6.01151326532315,-70.0659213160171,1.38922350086551,-26.7102943829468,0.340838546467295,-0.939809186221741,-0.0242441484752802,-0.836054295016089,-0.314801748906526,0.449347387519436,0.429932902936274,0.132885485959235,0.893028077158924,299.288028924105,3.4800467815333,2.25864323369726,0.656870229007634,1230.1471980371,282.088482659223,97.9323244485797,2.59187145385219,127.398024404416,0,892,0.564565440573506,12,0,47,2.609721,3.316625,2,565,92.0273097036607,0,281.742800497541,98.2005126942335,2.6207893723284,344,11.1199692138389,0.00214592274678112,280.940283998266,98.6926755369858,3.36487081712133
576,259.175347222222,432.482638888889,2.59548611111111,10.3230481659372,19.0730919347019,8.85186061680584,5.11774358778475,28.6080095410573,-0.950183373087121,-6.28774754072549,-0.877795328198737,-0.478748747926461,-0.0165830682118212,-0.474339754440459,0.873504482707342,-0.109506694076403,-0.0669115770987112,0.0882584559632899,0.993847717611274,22.7364272468493,4.89721477370989,1.63695621439449,0.880733944954128,415.681611344213,258.942576358905,431.973308910114,2.19422274557693,119.421875,0,601,0.805387652708907,13,0,10,3.319949,3.741657,3,1004,353.159722222222,26,259.089032543506,432.10887818307,2.26291908366926,631,48.5657253322317,0.229411764705882,259.08421979145,433.273507663184,2.88449357421612
2262,291.3041556145,331.363837312113,4.68832891246684,16.286633597005,61.9782210369381,9.44625830328626,7.84652005954281,75.4609693824699,-0.503492411775109,72.4307736131001,-0.25102976764712,-0.967939479421593,-0.00878748724549122,-0.294294550670705,0.0676689408671,0.953316123794963,-0.922157672635521,0.241896834660939,-0.301846232675608,240.081242681472,5.57698724577529,3.84799231530042,0.609046849757674,1344.03326244749,289.306265173331,331.083950889107,4.61361384561009,76.2992926613616,0,646,0.620015444727483,14,0,46,2.927662,3.162278,2,476,70.4252873563218,0,289.78311006767,331.080350529184,4.62999836787988,307,16.9065463233472,0.00213219616204691,291.359296177504,331.362230373067,4.73268606041455
3476,276.140966628308,722.218066743383,6.38060989643268,18.7943386701879,86.1746307597888,12.3635727208324,9.75998421196196,-2.61295372267453,-0.806834982754168,-15.6872051235347,-0.998861242754585,0.0455843192662611,-0.0140814615646943,0.0476942169457074,0.961577590360176,-0.270358649551022,-0.00121630288259904,0.270722380962765,0.962656695324532,464.129186661621,9.553620651457,5.95358073860917,0.438611987381703,2016.16006562228,277.009747958039,721.333677046069,6.48886786081259,159.308688147296,0,1106,0.550400679406196,15,0,74,2.907688,3.741657,2,782,63.2859608745685,0,276.994867761908,718.864802574756,6.21146730187015,377,6.1404793981367,0.00141242937853107,275.493779275607,718.826504364019,6.1101379653372
415,280.371084337349,728.163855421687,2.84096385542169,9.25443319652628,46.7095364689419,6.07394763292011,3.30966892170546,3.08945567649728,-4.03675007396171,54.4306180580217,0.996069314009437,0.0537613401224109,0.0703963067000884,-0.0885280812157147,0.577756860775779,0.811393732205753,-0.00294966524105381,0.814436448186573,-0.580245268261798,136.361299821463,2.305802490466,0.684619273206442,0.512978986402967,582.381406398066,280.415129001756,727.239470484939,3.1385924625152,89.1927710843374,0,814,0.462000048792143,16,1,57,1.282077,2.236068,1,326,37.9927710843373,0,280.203526352508,722.79939113338,2.88507642544555,208,6.66500191886002,0.0033112582781457,280.060696058669,719.578631824916,2.57949840793264
839,258.951132300358,769.392133492253,11.5661501787843,11.7018478271974,26.4021377528088,7.21681357926515,6.83395208579127,-39.0475896604862,-11.0350921964546,-146.331270977505,0.762263327185106,-0.618317687457299,0.191410181041008,-0.441881144462159,-0.713199176616733,-0.544139677511232,0.472964770567012,0.330197171173032,-0.816868504688375,43.5670548698933,3.25514988986661,2.91893131943067,0.771139705882353,566.462367620522,257.785927245539,770.770844679103,11.8948189445896,129.126340882002,0,1032,0.759429917118708,18,0,18,2.66343,3.316625,1,386,30.7628128724672,0,258.281906237892,769.684850833011,11.8444013948082,181,3.57810887215868,0.00170940170940171,260.436140814939,766.991517566184,11.5507797853921
742,301.731805929919,449.938005390836,2.4743935309973,11.2322931017248,40.7098528078125,6.08313466968236,4.8531742112064,9.02675681387927,-0.088662930211136,-3.54213863284225,-0.98761399637611,-0.156895505134129,-0.00154745943905062,-0.156501542122191,0.985743468490082,-0.0617825350930193,-0.0112188000866838,0.0607751166008811,0.998088434822669,103.58075722711,2.31278296309324,1.47208124526993,0.785185185185185,608.894726169926,301.796400460929,450.56945176852,2.01503876877405,138.008086253369,0,740,0.650945329786939,21,0,31,2.781041,3,2,400,65.2654986522911,0,301.801226588473,450.171102897144,2.1629669399302,242,7.46864942186019,0.00163934426229508,301.358561800268,448.761063175308,2.93719756264486
392,307.191326530612,796.040816326531,2.78571428571429,9.08020837425491,11.2995615591019,9.25352146905817,5.79921722137295,-79.8194253213247,-0.998788044040808,0.152209614983899,0.176724197757207,-0.984106045711191,0.0174312570331504,-0.984243931549077,-0.176796006924344,-0.00265615218376553,-0.00569571206150552,0.0166872025903534,0.99984453598238,7.98000571424583,5.35172872364503,2.10193252379179,0.897025171624714,288.935827447859,306.718943010339,796.079794574783,2.51304269134182,112.757653061224,0,579,0.896478969071125,22,0,2,3.673604,3.741657,3.605551,1698,839.614795918367,232,307.066767133859,795.953413403255,2.48505297315035,1537,117.611815704982,1.16546762589928,308.034776445597,795.88442765274,3.02137726744577
758,325.448548812665,348.100263852243,4.03562005277045,11.3124549082495,13.6607825243044,9.80902103026123,8.21371128331872,-35.3424370107741,-2.97605406818297,15.2373205982195,-0.814609236584222,0.577681791108039,-0.0519185890975447,0.546995959249062,0.794926704091609,0.262463246355086,-0.192891711166834,-0.185405726298464,0.963544241028335,11.6635611985213,6.01355584825669,4.21656581535733,0.926650366748166,424.406133268287,325.307065861451,348.061879615848,3.78162477839191,139.154353562005,0,659,0.947287798576899,23,0,1,4.472136,4.472136,4.472136,2190,1110.59234828496,208,325.436070745959,347.938978106005,3.65540270054845,1810,96.2082768408354,1.4336917562724,325.555541064475,348.148871311072,4.42856673217935
1197,349.636591478697,394.587301587302,3.13116123642439,13.1734191196852,49.7033618788522,6.40543616002967,6.04142200301885,-58.7364237005456,1.00856701608049,-114.813831439845,-0.518895413311442,0.854656494122506,0.0176019061062884,0.367021891766183,0.204142391111805,0.90753557236922,0.772037875371876,0.477376330797183,-0.419606193693442,154.401511378759,2.56435077501348,2.28117373866002,0.783376963350785,865.51728542992,349.036481192164,395.034467011177,2.59297199855787,173.788638262322,0,889,0.629899329030591,24,0,36,2.528352,2.828427,2,524,119.736842105263,0,349.320565149137,394.788773765917,2.68122797837084,333,9.8550975478041,0.00338983050847458,351.777409053797,392.871755358902,3.45563496847474
1410,344.71914893617,440.49219858156,6.26950354609929,13.9125529461873,20.6481479351703,11.1086050426984,8.90410436287047,-16.7091002604629,-8.99133444581488,82.914591726313,0.946007668909005,-0.28397968808602,0.156285082845154,-0.113078810558825,0.162731372578157,0.980169211402516,0.30378063297049,0.94492012209149,-0.121833041079392,26.6466258220424,7.71256912466658,4.95519215655556,0.879052369077307,682.609021748906,344.864809321277,440.061291504343,6.27329872404303,158.74609929078,0,904,0.890823179648425,25,0,8,4.264882,4.472136,3.741657,1516,690.678723404255,131,344.758724330163,440.237496880959,6.03383658997163,1086,46.7735816399719,0.615384615384615,344.169984993538,441.279048188205,6.14659588319512
663,351.73604826546,457.230769230769,4.79939668174962,10.8186142390172,13.3730745674272,9.46383750152255,8.62226513538547,-37.1482786209981,16.9603730738979,120.715108159358,-0.762407961736677,0.577615130217435,0.291710235035421,-0.10854620145844,-0.558567968200098,0.822325694022604,-0.637927756120918,-0.595283618323828,-0.488554594416858,11.177445211623,5.59776376595153,4.64646600405524,0.781839622641509,436.037261990769,351.553851283761,457.446259864399,4.58608425030566,13.5701357466063,0,155,0.843275610133645,26,0,4,2.612372,3,2,220,19.5625942684766,0,351.106861989206,457.518504240555,4.1230531996916,221,14.1593543633507,0.00735294117647059,351.117404579943,457.489138596296,4.12718811238133
1712,343.265186915888,355.588200934579,6.4088785046729,14.8423173324593,42.5450063049537,9.17680146317028,6.64233692508162,-43.677391501757,-10.9210678440659,88.0432368496178,0.710141195861848,-0.678089755635498,0.189456499603722,-0.113361903408305,0.155457062905483,0.981316554659324,0.694873053726759,0.718350461052953,-0.0335269191763577,113.129847593034,5.26335531840277,2.75753998914392,0.801873536299766,976.472478742827,340.55641412181,358.460791305211,7.3041280387077,64.7073598130841,0,545,0.708750356851931,27,1,24,3.1136,3.464102,2.828427,514,105.438668224299,0,341.874184952718,356.976234135316,6.82023810183313,515,28.3492573697792,0.0045045045045045,344.353963669584,354.404797415537,5.93858888972055
390,354.623076923077,623.074358974359,3.1,9.06473950550271,11.2478294962291,8.82065990059949,6.23239421217942,50.8518147365385,8.54868749559633,-17.022254606022,-0.6243141156113,-0.766899685540218,0.148649780917415,-0.769014271923582,0.569922951860032,-0.28949072268553,-0.137291422260543,0.295046947554898,0.945567746971212,7.9071042735151,4.86275256762774,2.42767110100047,0.849673202614379,290.910535413405,354.942042755344,623.480918448139,2.93349168646081,16.1923076923077,0,174,0.887362516507715,28,0,4,3.038246,3.162278,2.828427,423,37.5230769230769,0,355.055828891622,623.265340986743,3.05623889572229,424,26.624122010097,0.00641025641025641,355.102869637815,623.237396566299,3.20712899053008
775,372.141935483871,456.629677419355,3.70967741935484,11.3964002452797,14.1895527541768,10.9102628330475,7.60069165521569,-17.7494610718444,-11.4186604835159,-8.15922136094649,-0.933547600572669,0.298821262200489,-0.197976591348369,0.328529670641612,0.934192264523149,-0.139115306178812,-0.143377588810547,0.19491194463659,0.970284597870571,12.5839629602229,7.43961469288614,3.61065710235409,0.889781859931114,456.798419103438,372.306222732491,456.696176808266,3.48087256027555,112.387096774194,0,589,0.893224583427458,29,0,1,4.24264,4.24264,4.24264,1774,727.818064516129,74,372.122242531366,456.2016721655,3.35301094389062,1494,92.6821347445847,0.609375,371.811887523826,456.424386917918,3.55308693283844
714,378.250700280112,481.59943977591,2.79271708683473,11.0891909830745,17.1708697477012,11.631423566748,5.67048410726507,22.5819305385552,2.77201432500134,3.22316821324093,-0.922250957129257,-0.3835548177561,0.048361904948577,-0.380886012059348,0.92291492727372,0.0561594411730608,0.0661741482128523,-0.0333727252622428,0.997249839968337,18.4274229932825,8.45562588681875,2.00964937567161,0.869671132764921,480.281470113521,378.489789227166,481.864379391101,2.45723653395785,59.8039215686275,0,553,0.804366116143736,30,0,6,2.446044,3.162278,2,1121,458.114845938375,29,378.726289690425,481.470962475619,2.54547928118523,1065,130.270768440669,0.229007633587786,378.497821070769,481.020553845591,3.0293334610423
569,399.028119507909,279.787346221441,3.06326889279438,10.2810597081886,13.2144747138043,10.2014854456475,6.21983681285056,82.9734057235793,0.788524878093104,-3.4542275987244,-0.122318443566274,-0.992395489659249,0.0137619209234796,-0.990787805730532,0.121284841352173,-0.0602454253355087,-0.0581181759796564,0.0210042700934391,0.998088722638744,10.9138963726109,6.5043940811099,2.41789812365569,0.919224555735057,366.88992626499,398.757164784178,279.556076299386,2.74393073065567,299.992970123023,0,1012,0.905086001561297,31,0,3,3.868517,4,3.605551,1785,778.346221441125,158,399.01793040537,279.712047760223,2.68867342998878,806,11.4954597664056,0.503325942350333,399.920885912961,280.605077422473,3.90199229156682
4040,402.34900990099,331.984900990099,5.24282178217822,19.7603324804384,116.966612910323,22.1515331115572,11.8971384724922,0.0173979603697035,1.01252528437664,-6.83584986363415,-0.999843809944371,-0.000303604273539171,0.0176709801756713,-0.00240478568736125,0.992890544151735,-0.11900665670402,0.0175092181927619,0.119030563967898,0.992736194625623,855.074283482081,30.6681511995258,8.84636898960342,0.244418900114949,2721.35559339046,402.405440732487,329.951865702174,5.25125901555026,232.92400990099,0,1417,0.450767996060629,32,0,118,2.690858,3.605551,1.414214,652,87.7554455445545,0,402.270285898029,335.113414303927,5.07347432671804,473,4.84342445646887,0.00101626016260163,401.695246512685,338.922161134115,5.20461294321362
1987,399.576245596376,326.852541519879,11.0005032712632,15.5979101724454,73.4503859158797,26.9393373574912,12.7915155439302,15.1521536697119,-1.00592167634242,18.3965275715022,-0.965086349675845,-0.261342942404624,-0.0175557433521765,-0.253373102998325,0.914458721725494,0.315542892388937,0.0664109053270183,-0.308974291350381,0.948748901943067,337.184949449478,45.3579935787951,10.226429369413,0.143083459350472,1756.78917252797,400.248447095621,324.274998312858,11.049921804626,171.521389028686,0,971,0.435073925647679,35,7,89,2.05403,3,1,426,73.482133870156,0,399.898451465321,327.190467710895,11.0198754871275,296,7.75182864526442,0.00230414746543779,398.654290429079,331.490322628052,10.9852140391926
443,405.261851015801,431.93453724605,2.42212189616253,9.45805208458879,25.8214784202223,5.94078737869845,4.48830104119141,-16.43974473578,-0.128344031639025,-4.95552189780585,-0.959115483827864,0.283006132396242,-0.00224002405408286,0.282134566669437,0.955477999716029,-0.0863821645301032,0.0223063885891695,0.0834824597432159,0.996259556512926,41.6717967378754,2.20580966743142,1.25905288977249,0.845419847328244,382.022048316933,405.303175733943,431.971092197518,1.99088898054066,60.2054176072235,0,308,0.735639171254323,36,0,18,2.613018,3,2,623,116.744920993228,0,405.05216752388,432.2403418539,2.0608492207742,383,31.7153350433448,0.0036231884057971,405.059534140473,431.772571952775,2.47061080057046
1294,411.354714064915,486.213292117465,4.5355486862442,13.5200578954456,31.189255800536,9.02813905443401,6.98156747842576,84.8746710055413,3.0751154133853,-78.0308751454113,-0.0892059762070874,-0.994567491084088,0.0536451254788582,0.211243549528465,0.0337424061058613,0.976850865185061,0.973354229759935,-0.0984731217586252,-0.207085942785974,60.7981048369544,5.09420592413728,3.04639277848826,0.854689564068692,750.86218057887,409.860959166087,485.957898811526,4.23706342367086,167.697836166924,0,872,0.76479800260467,37,0,14,3.184606,3.605551,3,1122,281.028593508501,0,410.114150655436,485.939777423959,4.05959010149842,556,20.4357799085461,0.0476190476190476,412.575170271051,486.518545895237,4.64047803128894
1268,408.925078864353,578.104889589905,6.80283911671924,13.4288929067425,14.5077485522676,11.8710433263908,10.5963949986044,71.7600753205326,25.5375201715503,-5.92512977839942,-0.282418004439831,-0.856966208273915,0.43110206290953,-0.958609279128497,0.269058554771936,-0.0931436743573091,0.0361707165669548,0.439563888394697,0.897482739267094,13.1546730034889,8.80760435356542,7.01772418540303,0.881167477414871,601.099927440889,409.219267893905,578.204134731856,6.66244792204195,145.188485804416,0,957,0.942504902670321,38,0,2,4.12132,4.24264,4,1746,824.055993690852,177,408.899132263952,578.012949527372,6.51277391298522,1652,59.9971232897394,0.541033434650456,408.408027999285,578.001962981507,7.06924431176035
611,420.337152209493,671.43535188216,2.66939443535188,10.5280400724565,17.8207681726038,10.2034882561208,5.27201184746474,35.7713499395023,-4.02669370334141,-2.64572707545192,0.809353339459632,0.583109039174054,0.0702212242776658,0.581298981589247,-0.812386135468465,0.0460462908594939,-0.0838967574394058,-0.00355180688169633,0.996468122299469,19.8487361413557,6.50694828704973,1.73713180748804,0.861777150916784,434.400600691936,420.482595616674,671.514493255888,2.29927776314513,118.063829787234,0,607,0.801594104072528,39,0,8,3.034007,4.123106,2,1325,551.545008183306,4,420.329780352172,671.163629026036,2.36678397834976,929,67.0774296821589,0.752830188679245,419.399000856667,670.192063935214,3.03827277601141
956,423.018828451883,243.317991631799,4.38702928870293,12.222304237933,12.7274002985025,12.3800412171663,8.72688866120683,-0.529888738536923,-10.4198612600294,6.09523648659248,-0.983466775771088,0.00909565820894396,-0.180860083921708,-0.0100072668115894,0.994481853568429,0.104430347763781,-0.180811934244902,-0.10451369252327,0.977948839413274,10.1241698973951,9.57908878367098,4.75991160656877,0.919230769230769,494.939323017692,423.243568200728,243.258974066159,4.35000081570061,192.35460251046,0,767,0.948209042733162,40,0,2,5.04951,5.09902,5,1021,365.266736401674,0,423.007646157591,243.479382579934,4.11005884963989,898,13.9565108996955,0.0365853658536585,422.491070518974,243.503180625362,4.20953989490424
1990,416.629145728643,460.417085427136,6.44924623115578,15.6057562050424,28.324083413111,16.5268295770622,13.0737057075769,89.7111252020769,-5.54070279851143,47.2250238404864,-0.00501823901022496,-0.995315208039104,-0.0965528555937688,0.67946947644481,0.0674474699136013,-0.730597063628146,-0.73368661420054,0.0692710289250043,-0.675947835779226,50.1408563245544,17.0710059918286,10.6826113080205,0.507006369426752,1180.47761628644,415.811731494316,459.806172067686,6.38035072432197,336.790452261307,0,1639,0.648129444930663,41,3,37,2.586446,3.464102,1.732051,884,85.286432160804,0,414.09094979967,460.546140702333,5.22088734386048,270,1.91558596468029,0.00088339222614841,416.493607767384,466.523760616028,4.66307218047577
568,431.227112676056,334.533450704225,5.55985915492958,10.2750332943177,15.0352727086029,10.5379200301999,6.99240364217319,0.386747914874162,-58.5410467964618,-72.9335797356241,0.521875708491729,0.00352272731491068,0.853014264405069,-0.813452375635711,-0.298977699381319,0.498906371822682,-0.256789753414878,0.954253596097452,0.153163627784822,14.1287140888787,6.94048491018046,3.05585679344231,0.677804295942721,424.631925057635,431.312083249141,334.833703778541,5.60002020610224,17.4260563380282,0,247,0.781094726518129,42,0,12,2.569878,3.162278,2,192,31.4137323943662,0,431.087541332736,334.148181359637,4.94272263632797,188,20.1803456991079,0.00588235294117647,431.051151387914,333.918860268245,4.97287965112806
707,431.749646393211,612.595473833098,2.99434229137199,11.0528327188591,18.3289350104127,10.2004441551235,6.39176988181657,66.5341927865586,-3.74415461217258,-2.17967255042695,0.397351792354278,0.915339985976484,0.0653013260616631,0.915645201867082,-0.400191831184402,0.037952108651112,-0.0608721398558735,-0.044712507487776,0.997143607643113,20.9968661634958,6.50306631011213,2.55342013888109,0.796171171171171,486.252205487645,432.857641504235,612.953447357302,2.77362078151122,153.983026874116,0,686,0.789287968795261,43,0,8,3.210511,4.123106,2,1789,705.811881188119,163,431.728756395175,612.503848627981,2.73990449070057,1131,60.8337292422225,0.892430278884462,429.410849526596,611.272964920367,3.07832144885058
1459,436.976696367375,352.606579849212,8.97189856065799,14.0718832478944,15.1783877273352,13.6234323449352,11.0903482976374,85.4273453937825,-53.0742713564582,-52.9884693155041,-0.0478960365482596,-0.598867007191329,-0.799414959442634,0.549168826962708,-0.684303939770969,0.479730880292621,-0.834337802796547,-0.416036567757728,0.361654538355318,14.3989658750824,11.5998693035641,7.68723908518185,0.807415605976757,720.280162069995,437.215715806318,352.200415631811,8.99810286525275,94.6559287183002,0,639,0.863680005146266,44,1,17,2.918181,5,1,1224,473.631254283756,8,437.089825593174,352.332100870008,9.21898678490597,1109,75.9017286938445,0.346153846153846,436.531044219539,353.154177012262,9.38935430802836
778,440.236503856041,391.976863753213,4.18251928020566,11.4110863443185,20.969294437895,8.97822364668421,6.62487077482783,54.1644328503185,-7.4392917024218,-70.2022824491303,0.580532984582178,0.803876555549799,0.129475624151803,-0.203262083948363,0.297057779885948,-0.932974383698824,0.78845797544389,-0.515304918321785,-0.335849463468829,27.481956826446,5.03803124061747,2.743057048948,0.789847715736041,518.728507194309,440.968917241436,392.423929038251,4.00189899953142,156.353470437018,0,859,0.78861265160133,45,0,9,2.789685,3.162278,2.236068,715,175.260925449871,0,440.859005669109,392.290503325926,3.91211047795061,381,12.1443636451558,0.0050761421319797,439.046094429911,391.016665788101,4.35307951589521
7140,430.254901960784,173.405882352941,12.4464985994398,23.8909377383245,165.266893837042,23.335482683522,9.30874798643617,-15.500427666175,-9.80574777359694,-6.29575225134472,0.949550635437736,-0.263341329770915,0.170308352039109,0.283630674743727,0.95282578991432,-0.108058569389799,-0.133817902704417,0.150911756031921,0.979448013325441,1707.071637409,34.0340470045596,5.41579931718614,0.297165688600325,4046.15825549135,429.72821962467,175.474468994793,12.7741440038276,220.131092436975,0,2078,0.443173109293616,46,0,157,2.967365,3.605551,2,789,138.455882352941,0,431.241030776623,168.182579976228,11.4403085248969,363,7.53961646018934,0.00148367952522255,430.452886200478,169.307967561552,11.623999291479
602,451.867109634551,580.920265780731,2.27408637873754,10.4760916610398,38.6606401068723,5.98759057681557,4.21007396301368,-86.8505422455638,-0.941651087301545,9.87192469131629,0.0549333104862281,-0.998354771305692,0.0164341720261042,-0.983550635421398,-0.0569405713133538,-0.171423215757593,-0.172076956508386,0.0067469956031399,0.985060403776917,93.4153183420692,2.24070255722317,1.10779517337786,0.811320754716981,537.942614011718,451.806087453558,580.886396113175,1.96584738496713,58.1229235880399,0,513,0.640932808326635,47,0,31,2.209038,2.828427,2,436,94.3837209302326,0,452.45551664056,580.732448652739,2.02478044316162,351,26.2463056546994,0.00198019801980198,452.799548628503,580.736164627506,2.43838925060197
703,449.220483641536,712.396870554765,3.23186344238976,11.0319487149853,31.0549946864782,6.7693303432905,5.92948021948326,-74.8924673907729,-4.64834170428715,-114.271793391876,0.259774182170856,-0.962262910491912,0.0810398998586386,0.377604007878394,0.178459773704172,0.90860735326302,0.888781518435007,0.205431741123641,-0.409713573398871,60.2757934360745,2.86398958103709,2.19742097957771,0.71881390593047,545.637742745799,448.867146903365,712.26242779723,2.77140435781351,63.7823613086771,0,508,0.700728751846145,48,0,25,2.311259,3,2,394,63.6642958748222,0,449.819688980248,711.978438645098,2.76139512020735,293,17.3410422045929,0.00240384615384615,449.906218687396,712.266360561342,3.32322318577255
550,446.110909090909,290.678181818182,5.80363636363636,10.1653270484286,13.4259739766235,9.18083622863355,7.48301776507649,-65.8894695082354,-52.2229858677262,-135.508528831495,0.250241931942113,-0.559147115424467,0.790400834267258,0.424847638985092,0.796995437295696,0.429304969198628,0.869990493710518,-0.228369823405678,-0.436994009811334,11.2660485763108,5.2679846160619,3.49972217952815,0.782361308677098,377.067741164446,446.05623381428,290.625231224565,5.76008139104698,9.82909090909091,0,152,0.860940632119872,49,0,5,2.901627,3.464102,2.44949,177,12.0090909090909,0,446.087963663891,290.328841786525,5.16290688872067,178,9.87970538766378,0.00680272108843537,446.265463834447,290.421539726871,5.08847309796008
954,450.441299790356,613.035639412998,7.14150943396226,12.2137750626313,17.7387135801237,12.9645247167162,8.41778436903279,-12.9574146234919,-86.4315822664351,127.878602931893,0.0606555557822322,-0.0139559611308584,0.998061187854564,0.905396887155478,0.421714355741902,-0.049127170591874,-0.420211113943835,0.90662132851048,0.0382150023940131,19.666372467354,10.5049313206466,4.42869335522081,0.670886075949367,625.617369865193,450.275308098592,612.952611502347,6.65118838028169,14.2893081761006,0,250,0.749101918787313,50,1,15,2.521988,3.162278,1.732051,225,29.7756813417191,0,449.917939871858,612.534957403366,6.85260156305006,218,21.2337065362322,0.00452488687782805,450.050684728428,612.671481272405,6.92889622022269
2576,467.946816770186,392.559394409938,11.8125,17.0078367568889,58.6796745925347,10.879068492852,10.2872021626477,-59.5169659388938,17.8723281820039,40.8565556818024,-0.482803102575437,0.820192293370218,0.30689699581396,0.753649815654981,0.210670907785055,0.622599167985498,0.445996770735782,0.531885674284543,-0.719850338601109,215.20651314286,7.39713320451031,6.61415802094894,0.478543563068921,1514.08704253629,464.786865410506,394.754503263481,10.3561199506927,68.3381211180124,0,777,0.600201653422056,51,0,49,2.783661,3.162278,1,1244,63.1459627329193,0,465.111776422564,394.416797816358,10.6031881670191,1245,16.7625580295443,0.0029940119760479,467.656482538281,392.731859315163,11.934707792692
2228,451.693895870736,550.238779174147,5.10053859964093,16.2046201303281,42.0513727012549,14.6193830292808,10.3950741601499,-10.1378006550368,-11.321975766149,-12.9774896889583,-0.965230532262544,0.172590834276465,-0.19632224405787,0.214919876890956,0.951484254428956,-0.220198002013981,-0.148793367141619,0.254735387210977,0.955494854197097,110.51987162874,13.3578975098014,6.75359792468848,0.503844414292176,1301.23497746382,451.637310538431,550.36715578287,5.05458470902988,163.401256732496,0,962,0.633974592861074,52,1,38,3.150037,4.123106,2.236068,685,174.857719928187,0,451.540429125501,551.813636631989,5.11321592574625,479,12.654595022792,0.00190114068441065,451.63132965592,552.067427530037,5.50214202265044
1223,459.526573998365,696.065412919051,4.66067048242028,13.2681165634806,19.8338696275204,11.2566995187097,8.25970043280122,-62.4686524124471,2.21414030341953,-127.388127720678,-0.46188874602909,0.886096026295419,0.0386344208594264,0.552638457502312,0.253453107509147,0.793947263729413,-0.693721501455116,-0.388066172807454,0.606757879175404,24.5863990250924,7.91958025340741,4.26391570247604,0.863700564971751,643.332023204068,460.280789458749,695.579835032823,4.34326699332186,172.883074407195,0,1078,0.859672945325672,53,0,9,4.291512,4.472136,4.123106,2000,828.825020441537,4,459.619309566489,695.634689583122,3.99015146208811,1957,50.8287423943543,0.0257731958762887,457.408720860376,697.111065936513,4.59713554249695
1589,463.662051604783,422.882315921963,4.43360604153556,14.4779950885928,34.0622134928419,9.24047710742744,7.84897984955309,-61.2806986732765,-3.65361803291094,-115.650805623697,0.479542316199518,-0.875201897060066,0.0637244565019053,0.352030492334732,0.258387366526512,0.89961686360698,-0.803811980154917,-0.408971402670108,0.432005430935164,72.5146492519964,5.33665107330566,3.85040529241815,0.802930773117736,870.792999786436,462.964745824091,423.113285953556,4.17563713729573,69.5122718691001,0,564,0.756226328433977,54,0,20,3.551106,4.123106,3,2150,168.429830081812,0,463.435862275113,422.726866814878,3.89114652418406,2151,41.8854573046042,0.00840336134453781,464.087024001032,422.404925295462,4.23416525804455
677,459.6011816839,229.971935007386,6.23781388478582,10.8942335677085,13.2708066416173,11.1427829360182,8.17435251101246,33.8512815153938,-60.70001814481,172.150013925952,0.406425160233476,0.272605030952827,0.87206942741298,0.452902339062583,-0.889051133814604,0.0668397541483196,0.793535166455044,0.367796925710609,-0.484796205675117,11.0071443074497,7.76010072245109,4.17625243589348,0.740700218818381,471.276578178486,459.514619883041,230.121507472385,6.32716049382716,4.54652880354505,0,161,0.791165572124718,55,6,25,2.091338,3.162278,1,206,11.5169867060561,0,459.765935616263,230.341798127485,6.22277799153521,150,10.17954960716,0.00854700854700855,459.70165008776,230.160904431709,6.19225750323307
780,474.612820512821,593.79358974359,2.97820512820513,11.4208561147965,18.8269633921813,10.3987959843073,5.98670440002526,53.8896775071992,0.866051978989764,-3.18109086226904,-0.589274592168758,-0.807791430592039,0.0151148829440387,-0.807133191879652,0.587756202128044,-0.0554856506331425,-0.0359369669074781,0.0448960078635725,0.998345072050443,22.1534094106584,6.75843487020285,2.24003934833011,0.888382687927107,492.876903838664,474.48994102912,593.480834464043,2.63860766099572,98.2666666666667,0,509,0.831397521164997,56,0,5,3.064911,3.162278,3,2096,824.303846153846,57,474.363058493803,593.375093513252,2.58450876186121,1640,117.959045430298,0.613207547169811,474.955117669219,594.247895522518,3.05023295134276
1486,483.943472409152,643.520861372813,3.71197846567968,14.1581571669443,45.6988081561943,8.23797712877834,6.83829479920316,57.2169137026018,-1.4653461719885,-47.2910665581984,0.54128298038053,0.840451540078799,0.0255723274174754,-0.560068667715483,0.383056309305199,-0.734568547750912,-0.627164908611583,0.383287193473321,0.678052435085643,130.523816681041,4.24151669839218,2.92264223505054,0.735643564356436,945.544868604344,482.434849516015,642.60719843599,3.22795191795014,155.241588156124,0,829,0.666010672642254,57,2,32,2.87945,3.162278,2,301,26.8048452220727,0,483.35200341434,643.1237698333,3.69539566177947,302,3.04384449943885,0.00138312586445367,485.921169225116,644.414898114713,4.65760632993062
1581,471.712207463631,509.006957621758,8.87286527514232,14.4536571648497,22.6639538449746,15.7684175331997,10.8204238562326,-70.4845068686903,-65.6259270434226,-2.34546885619353,0.137864706426984,-0.388983612259365,0.910870502385195,0.954214414889654,0.298646281377677,-0.0168893172177154,-0.265458420734013,0.871494204233707,0.412346551881378,32.1034252429461,15.5401869688326,7.31759827678301,0.547058823529412,1065.57108640471,471.712682511237,508.399806104762,8.83131114310056,21.5300442757748,0,396,0.615918066711276,58,7,41,2.336239,3.741657,1,279,28.2530044275775,0,472.182502014865,508.615765201039,7.87006358019164,240,17.106593823239,0.00251889168765743,472.152484021846,508.609235460446,7.98534629430259
913,486.23439211391,616.648411829135,2.51916757940854,12.0362366608596,35.3978915234956,7.88950083615171,4.93978532020452,64.6359600177023,-0.423394069951402,-5.48944720963413,0.428356401237586,0.903579652283516,0.00738955330071226,0.899157429983916,-0.427042290199899,0.0956598060082932,-0.0895919060155726,0.0343321184902005,0.995386656539292,78.3131702693227,3.8902639652274,1.52509243810675,0.836846929422548,671.590221902419,487.18040082117,617.060673960394,2.17342212653031,174.996714129244,0,715,0.677683552181991,59,0,24,3.055644,3.741657,2,753,242.766703176342,0,486.58144969907,616.692085577904,2.18797542026475,446,14.101916786687,0.00467289719626168,482.944241768095,615.209097280935,2.52209581611695
