Volume,Centroid_1,Centroid_2,Centroid_3,EquivDiameter,PrincipalAxisLength_1,PrincipalAxisLength_2,PrincipalAxisLength_3,Orientation_1,Orientation_2,Orientation_3,EigenVectors_1,EigenVectors_2,EigenVectors_3,EigenVectors_4,EigenVectors_5,EigenVectors_6,EigenVectors_7,EigenVectors_8,EigenVectors_9,EigenValues_1,EigenValues_2,EigenValues_3,Solidity,SurfaceArea,WeightedCentroid_1,WeightedCentroid_2,WeightedCentroid_3,MeanIntensity,MinIntensity,MaxIntensity,sphericity,id,nb_branch_pt,SkeletonSize,MeanWidth,MaxWidth,MinWidth,channel_2_MaxIntensity,channel_2_MeanIntensity,channel_2_MinIntensity,channel_2_WeightedCentroid_1,channel_2_WeightedCentroid_2,channel_2_WeightedCentroid_3,channel_2_Ratio_MaxIntensity,channel_2_Ratio_MeanIntensity,channel_2_Ratio_MinIntensity,channel_2_Ratio_WeightedCentroid_1,channel_2_Ratio_WeightedCentroid_2,channel_2_Ratio_WeightedCentroid_3
1280,19.103125,221.72109375,11.1546875,13.471122407685,46.3392533855084,8.13266477613647,7.33302341190268,-70.474264207116,-23.4803949253916,112.739048003118,0.306554789826135,-0.864449831141808,0.398435252297728,-0.487124154448553,0.217142764750101,0.845907251339924,0.81776171284026,0.45340435502494,0.354528238447914,134.207900270397,4.13376477256315,3.36082702246954,0.535789033068229,886.148521168017,19.7492262097664,221.481285783395,10.9847120654915,166.33828125,0,1077,0.643355355518844,1,0,30,2.597314,3,2,703,181.90546875,0,23.2238971993523,220.336253806278,9.12492752502802,480,11.0697610987026,0.00294117647058824,21.20249094842,221.289288037684,10.0441150067933
602,77.6179401993355,571.496677740864,8.23255813953488,10.4760916610398,23.0816652335132,7.64308387602059,6.31280704444712,73.9932428241647,39.3521710439284,57.8799064987311,-0.213227873308689,-0.743283114678513,0.634085235183775,-0.362995139381777,0.66282368918825,0.654904027958359,0.907065820560701,0.0905260652226062,0.411140643437078,33.2977043719982,3.65104569599288,2.49072079877632,0.688787185354691,443.78034677988,77.8268917683267,571.525145520641,8.15170944936328,148.966777408638,0,735,0.776927308338237,2,0,14,2.64437,3,2.236068,615,147.387043189369,0,78.8802281154553,571.788012668072,7.10787020861744,478,11.0199275974812,0.00290697674418605,77.7996629035065,571.728431740132,7.52906051920243
547,101.259597806216,352.378427787934,5.76051188299817,10.1468109290231,16.1482493234711,8.44494043711058,6.36051094600729,32.0776832943436,48.474102303345,-55.9884714171852,-0.561743861943775,-0.352076437210029,0.748656139980155,0.822893544232958,-0.144391160284978,0.549542907961953,0.085381780423076,-0.924766659862395,-0.3708322752657,16.2978722633116,4.45731368664659,2.52850621839241,0.822556390977444,382.309725621263,101.472344070509,352.483078240876,5.47760070328878,405.511882998172,0,993,0.846045388230023,3,0,8,3.050932,3.605551,2.828427,561,116.414990859232,0,101.811900312505,352.763061605867,4.19266948287505,119,0.648768432085974,0.00126582278481013,101.452989302627,352.21862639986,6.37932059056086
690,110.371014492754,343.514492753623,5.16811594202899,10.9635236086462,19.4789219932622,8.86768698752599,6.85477017703161,-51.3078103482294,27.3687887763314,144.454161633061,-0.555162226181965,0.693149348948982,0.459716089203204,0.467994512103067,0.717241457560488,-0.516280764892436,-0.687587113944188,-0.0714749719000293,-0.722575455665215,23.7142751262246,4.91474203179611,2.93674213624512,0.751633986928105,460.854515627478,109.862248983547,343.911901464843,4.88728094818852,327.58115942029,0,1202,0.819381846256012,4,0,8,2.844238,3.162278,2.44949,1080,247.508695652174,0,110.147083106435,343.927357258711,4.56745188282069,288,4.37207257244393,0.00297619047619048,112.452775423588,342.285032435707,5.71837855224724
703,109.382645803698,445.581792318634,3.43100995732575,11.0319487149853,33.1229221814065,7.1532977122344,5.1645835349465,-2.68554426166128,4.26956781170075,90.0965356293827,-0.996129593249694,0.0467243994626722,0.0744490694841182,-0.0742882552796583,0.00517127703670553,-0.997223401761769,0.0469796613408689,0.998894433055196,0.00168018797608325,68.5704983647195,3.19810425999111,1.66705769309005,0.76,550.702446680845,109.387429852534,445.916338267445,3.20723267374988,204.304409672831,0,838,0.694284284987018,5,0,23,2.174866,2.828427,2,897,263.412517780939,0,109.37754280993,446.073291247928,2.84476641519827,411,8.74070521316065,0.00323624595469256,109.128351969728,444.661051283358,3.37784045107447
937,112.315901814301,419.118463180363,5.07577374599787,12.1407911844128,33.0268416879486,8.04355589797769,5.57925654332784,-8.12555240933027,5.87489046715576,85.7331398928845,-0.98476121943868,0.140600377780715,0.102356604367106,-0.111564342260406,-0.0592277358657791,-0.991990661669865,0.133411911858152,0.988293280900024,-0.0740111660644467,68.173266992551,4.04367446774323,1.94550647351666,0.762408462164361,655.791510295886,112.168595985528,420.417461703623,4.88392569878988,162.538954108858,0,978,0.706119266881198,6,0,27,2.609511,3,2,845,208.877267876201,0,112.098652142368,420.720041079512,4.32059902512799,556,19.0514979029989,0.00392156862745098,112.351235687019,419.109676905707,4.20194467571302
924,140.687229437229,254.930735930736,12.8647186147186,12.0843821200343,33.6090264541832,6.74513823005897,6.6154041441489,30.2808364015113,-55.887021457315,83.1411863241249,0.484309760230215,0.282790516905053,0.827933318386405,0.770074668732069,0.311358839814976,-0.556812964509866,0.415245783510134,-0.907240429223502,0.0669756885698806,70.5979161998743,2.84355560891269,2.7352232494014,0.715170278637771,633.470851436864,140.638200924988,254.674333853297,12.5895478138712,237.279220779221,0,959,0.724222704568758,7,0,24,2.833632,3.162278,2,1505,382.874458874459,0,139.846894645199,253.58267378228,10.368820948849,606,14.0488451475026,0.015625,140.413977026858,254.823055741392,10.9537744198047
1656,157.849033816425,380.621376811594,14.5652173913043,14.678687905263,68.2833564908523,8.52051281075402,6.31536070967538,-1.89128931499776,24.4100192343181,48.1827178513013,-0.910115347740221,0.0300531190609474,0.413263673509304,0.329832414517818,0.656229246806493,0.678655843538629,0.250799984332222,-0.75396285430417,0.607156801978259,291.413548353551,4.53744615988892,2.492736305832,0.511426806670784,1182.9647454635,157.871159930274,379.027212536104,15.2941773362953,166.629830917874,0,661,0.572206180093474,8,0,50,2.473969,3,2,1022,246.386473429952,0,157.465557723227,384.986451511705,12.4252798909847,722,18.1784296115095,0.00393700787401575,157.305237703092,387.723326015965,10.9269403287683
1896,140.568565400844,740.665084388186,12.8618143459916,15.3560636496154,54.0577530981327,8.94924299641104,6.14394865133283,56.2720521512413,24.3373679592635,-68.2122012012625,-0.505907697983532,-0.757775583366316,0.412108682721977,0.521173398932051,0.11216772538296,0.84604768756142,0.68733957354907,-0.642802120902112,-0.338185960674199,182.640041876167,5.00555938805075,2.35925656438844,0.725325172149962,1168.70148812613,138.865879566322,739.590124675578,13.873369170876,302.388185654008,0,1216,0.633878589384183,9,0,30,2.869779,3.162278,2.236068,1035,119.56223628692,0,142.448987604217,741.847606863999,11.7602761480436,508,3.25502689862739,0.00111856823266219,145.933357306396,743.554041029155,9.09837144131304
2871,156.791710205503,919.10101010101,14.8007662835249,17.6337572020952,60.8165592864357,12.2708825009854,6.97350701082314,18.0162787859495,27.29838423519,-94.770430693817,-0.845059456796177,-0.274841931176495,0.458624494926432,0.408905287328679,0.220441255211149,0.885551872560599,0.344486546143678,-0.93587796526476,0.0739016485465071,231.165867715035,9.41090983456182,3.03936250187498,0.593304401735896,1633.18798367038,156.205492979787,917.320871136632,15.8565874384316,487.446534308603,0,1756,0.598140776598034,10,6,55,2.818787,3.162278,1.414214,540,98.9787530477186,0,157.547218546775,921.576468849413,12.6523711325695,162,0.841247454604787,0.000896860986547085,158.376139579374,922.830246944501,11.9250277161896
2220,212.781081081081,599.281981981982,8.80675675675676,16.1852017532728,42.1331478936417,14.8610893677909,7.42320344953104,14.8963547662009,10.7503580011572,-66.5830807673481,-0.949431507286431,-0.252559511634951,0.186530174648851,0.267579533197168,-0.340060465296056,0.901532070065517,0.164258961356151,-0.905854609209085,-0.390443876362344,110.950134464218,13.8032485748418,3.44399684082062,0.523584905660377,1361.06338388683,212.643014848319,598.832179605072,9.05680108417782,289.504054054054,0,1057,0.604655151019878,11,1,38,2.644437,3.162278,1.732051,848,204.318918918919,0,213.120825506848,599.598854026121,7.92958808434086,680,3.84077649165091,0.00187265917602996,213.515155583555,603.710069900454,6.21925392501246
685,221.058394160584,446.589781021898,5.11094890510949,10.9369774427583,21.5369343311812,9.44626849108274,5.50160853997353,7.48381603179769,-13.5831215367264,95.2800754161058,0.963750173568535,0.126603185119667,0.234855778008919,0.219881330957008,0.121699689220196,-0.967905669959776,0.151121815907546,-0.984459658473247,-0.0894504197616923,28.9899712741007,5.57699927535141,1.89173103294436,0.782857142857143,493.614348322168,221.113677880449,446.697607904316,4.98437270824166,218.969343065693,0,757,0.761301578471359,12,0,18,2.363105,3,2,952,329.207299270073,19,221.060645567543,446.503270408457,4.51552279973571,445,7.46470980948844,0.0802919708029197,220.740121340911,447.443214893227,4.62531284511968
1040,225.3875,466.6,6.75288461538462,12.5702786703838,25.4316787451057,10.2196579982823,6.94280898085984,-33.0398410473991,-17.8027681579093,-80.2130241304973,0.798149734403243,-0.519113914008437,0.305741305280909,-0.345250177505806,0.0217734745150757,0.938258083226439,0.493719876452471,0.854427679847968,0.161845678055903,40.4231427371415,6.52758810011594,3.01266228404426,0.734463276836158,654.467541787244,225.534856367619,466.453646196356,6.66636276511003,309.015384615385,0,961,0.758492989959356,13,0,12,2.649769,3,2.236068,713,92.8173076923077,0,226.055019165026,465.391764218378,4.92310162643738,155,0.877839062453831,0.00125628140703518,223.631267266127,467.941080066898,6.87606555362226
889,250.834645669291,662.214848143982,6.28121484814398,11.9298334208355,25.2443668830823,9.89948174089607,5.75265271747513,7.56050390942142,-6.67529503720526,85.6775739336743,0.984586272181318,0.130681125684148,0.116242488024041,0.12482071283905,-0.0594629251688909,-0.990395855290555,0.122513926875465,-0.989639633361701,0.0748580910875398,39.8298787079787,6.12498367114592,2.06831333049212,0.742690058479532,605.195583149139,250.739847882511,662.21574071032,6.12420737917666,136.949381327334,0,575,0.738793187345739,14,3,14,2.790268,3,2.236068,1485,513.937007874016,68,250.690811792773,661.831611547637,5.57285123333844,945,32.8792229994546,0.299145299145299,251.167322400841,662.716266916536,6.47015887279646
1847,252.819707634001,829.866269626421,5.99458581483487,15.2226206341026,57.352317389612,9.17771386009853,6.03477190701816,11.1243979281491,-7.59548421745574,69.493195775063,0.972601414492774,0.191246945805849,0.132178266922323,0.189066444593409,-0.319849961606001,-0.92841256001276,0.135278852949977,-0.927965844080791,0.347244905166316,205.580519372425,5.26440198111527,2.27615449810846,0.662719770362397,1231.70505499346,252.915078150756,830.271094505073,6.15175363703222,192.144558743909,0,835,0.591046973242428,15,1,54,2.457829,3,2,481,77.4098538170005,0,252.26745747538,827.288202215757,5.04544818710833,343,4.77049979235201,0.00159489633173844,251.884573104983,827.320831784518,4.65394776101634
373,260.997319034853,1005.12868632708,3.9544235924933,8.93106814652056,12.7509586713308,7.98204168558371,5.92600777164815,69.8305283455552,-27.4531568677977,-79.9739524383308,0.305969714383184,0.83297063571195,0.461023268308556,-0.00688734130277236,0.486171123966251,-0.873836485133902,0.952016333058447,-0.264192275176665,-0.154490593004641,10.1616841898742,3.98206184189975,2.19484800685214,0.905339805825243,282.815432802343,260.99284356421,1005.06181707118,3.63179900894686,509.112600536193,0,1450,0.886040501997932,16,0,4,2.806693,3.162278,2.236068,665,137.983914209115,0,260.59433045776,1004.43240460092,3.20393254060776,78,0.924309711319372,0.0011001100110011,261.434340817244,1004.95245830255,4.57232783944217
2041,314.171974522293,191.195982361587,7.89171974522293,15.7379487773531,64.8111515476926,9.85935776463979,8.05526719656994,-80.8878626066592,9.49326211396401,4.1882400422009,-0.156198396309483,0.973858111828369,0.164931619213631,0.986651087989709,0.14605079176587,0.0720333033623037,0.0460618232277955,0.1739814480071,-0.983671065036623,262.530335308624,6.07543347069767,4.05545810050844,0.516447368421053,1314.21030526139,311.574140763009,191.635867398064,7.52557928120577,237.141107300343,0,1127,0.592081183468737,17,0,53,2.67401,3.162278,2,923,64.5859872611465,0,303.465081171294,192.093013199818,6.27510241238052,296,3.30493497729447,0.00123762376237624,306.395032611688,191.631333456327,6.76034242469979
1203,291.733167082294,580.285120532003,4.25270157938487,13.1953931706199,33.2014590060061,8.70851695922761,8.03354156290547,-42.4857540210629,6.40849058963133,-90.8422553737449,-0.732837284083575,0.671186516403881,0.11161619620213,-0.0922301559837357,0.0645380498698895,-0.99364401998211,0.674123959954121,0.738473764135609,-0.0146077479154099,68.8960550079689,4.7398917268222,4.0336118776831,0.635499207606973,808.974035300195,291.012436038604,581.108982488837,3.92331109527819,397.846217788861,0,1381,0.676176323761545,18,3,33,2.441595,3,2,1824,541.506234413965,0,291.018011089415,580.650803153668,3.46255019710423,444,3.40137610066849,0.0037593984962406,291.927493315672,579.453357078413,4.62492985163633
1100,298.080909090909,457.970909090909,3.66818181818182,12.8075095273809,42.7729080890377,7.62432089886022,5.34712697785339,10.3734012048198,0.324117162782198,-83.6552657297949,-0.983639429648485,-0.180059634934376,0.00565688148201226,0.025429105268156,-0.107691696797321,0.993859074037247,-0.178344702881985,0.977742822171666,0.110508554626886,114.345104149579,3.6331418230498,1.7869854323305,0.776287932251235,803.552419557183,298.288889819273,458.597046961133,3.60242830228177,325.704545454545,0,877,0.64130560373261,19,0,34,2.293766,3,1.414214,1181,373.811818181818,26,298.596345268524,459.777403798216,3.26646611202039,312,2.80247635442168,0.0480769230769231,299.076799588193,462.565581400414,3.15802451158873
5358,307.189996267264,453.980589772303,11.4255319148936,21.710410191259,68.7889359342331,20.8370233576373,9.96063416076241,10.4602704244654,-10.0990345685505,89.3871238570419,0.968144662205856,0.178740712809378,0.175350137230355,0.17436812401197,0.0213149037902012,-0.984449811927942,0.179698832413722,-0.983665305101695,0.0105307724472188,295.744856685252,27.1363464004201,6.20088955528415,0.424093715371221,2951.37831548077,307.171351469166,455.346702609735,11.9026208460613,393.042739828294,0,1285,0.501719578317489,20,9,104,2.517761,3.605551,2,2146,509.234789100411,0,306.267989869818,449.695140151293,9.16349872456459,1165,3.61912320942898,0.0149253731343284,304.843685318653,438.426163267529,6.43066531272699
3535,314.307213578501,626.522489391796,8.60820367751061,18.9000780918903,65.3882295262486,21.8936184668677,10.3250555603509,42.9590974189586,2.08950842745902,-47.2270996353037,-0.731353773195234,-0.681022961751752,0.0364607185881757,0.482373449090638,-0.478749504772777,0.733563062927941,0.482117738779125,-0.554081796530704,-0.678642651701035,267.226285036085,29.9581580982983,6.66292327027084,0.313581123037346,2410.22422269109,316.83483054207,629.082846209131,8.06683215543686,286.152475247525,0,1077,0.46560713099918,21,3,103,2.313287,3.162278,2,1176,333.179632248939,0,317.77191774425,630.502143845677,8.71166252048328,566,6.59246695656827,0.0023696682464455,311.726391796431,622.917789380248,9.23773275625261
1302,347.748079877112,208.552995391705,4.45468509984639,13.5478627200787,45.6468917981991,9.84916172201162,5.48431760015637,-64.612753642954,-7.11801147286007,94.8784918979535,0.425429807699314,-0.896468038004068,0.123913419604423,-0.129763814581839,0.0750808537971125,0.988698244065532,0.895639900376314,0.436701181851199,0.0843874790692988,130.227420677281,6.06287416414618,1.87985872121156,0.708378672470076,934.641442917002,347.166399483179,208.795736230081,4.48016760779059,256.798771121352,0,945,0.616944949270815,22,1,38,2.234465,2.828427,2,396,98.3986175115207,0,348.009889552355,208.427959255357,3.84576357179097,181,2.12744943324909,0.00181488203266788,346.193303962971,209.042179220927,5.07521457622888
1287,363.654234654235,541.75912975913,4.1973581973582,13.4956345118724,41.4351322534988,8.61080997664011,6.41406515532285,45.1758194421465,-4.0068640703989,84.5103464918128,0.703210528666909,0.707539609849132,0.0698759820434998,0.116885346687491,-0.0181043245647147,-0.992980387098255,0.701307898217146,-0.706441741353519,0.0954321642406583,107.304386554058,4.6341280283628,2.57126448854544,0.662037037037037,885.533031314957,364.305618477669,542.33015975073,4.05169147831248,314.203574203574,0,971,0.646147582243549,23,4,31,2.511844,3,2,1522,614.744366744367,55,364.725986379769,542.657310130742,3.81823639746403,1042,6.38051411778703,0.13625304136253,362.055024542342,539.823496605266,3.90833464743559
793,367.673392181589,401.368221941992,4.25346784363178,11.4839560478955,24.7796235649779,9.10780872856775,6.5263445255481,-31.5694401408239,-0.342337859169757,-106.435378438643,-0.851991083285608,0.523522200794016,-0.00597488724631006,0.143242108766258,0.244061564200802,0.95912233378024,0.503580075338582,0.816307820712045,-0.282928700499508,38.3768590013755,5.18451123976093,2.66207330413448,0.708035714285714,561.455637036605,367.361162667856,402.147887358071,3.99174230566069,260.21815889029,0,842,0.737933912942542,24,0,13,2.424096,2.828427,2,1504,442.414880201765,15,367.441369874727,401.629746176978,3.40322943833996,518,6.29823687427004,0.0601851851851852,367.982923044172,399.568994285132,4.80332371318417
2996,376.636849132176,413.378170894526,8.13751668891856,17.8860481506303,50.2990906363726,14.8116926814844,7.08953656322169,-21.8019709623527,7.37978128350165,73.9830326064426,-0.92078209166661,0.368323303736468,0.128445644498817,-0.217106086772887,-0.210333360452096,-0.953218141123579,0.3240760508773,0.905592525038487,-0.273636422725834,158.124907427877,13.7116400056711,3.14134554257855,0.599919903884662,1690.48578956826,376.140672049482,414.269480191176,7.58001157934581,372.999666221629,0,1176,0.594520917643062,25,12,65,2.506991,3.605551,1,2109,511.283044058745,0,375.407406561153,415.253663001272,6.19216100754405,919,2.43086808501335,0.00317460317460317,375.931277992667,414.686521690271,6.96321407147895
1072,367.652985074627,977.819029850746,4.52518656716418,12.697904438448,35.6213197894077,9.07097860858111,5.22526879820126,14.4216090380647,5.60182522044067,-78.4675713846846,-0.963864075944137,-0.247865754458613,0.0976146037794409,0.142421863010426,-0.169802211690616,0.975132412465925,0.225126755497861,-0.953797555391938,-0.198967754390927,79.304901471203,5.14266580733351,1.70646462584097,0.798212956068503,754.213493789296,367.558718022571,977.500028802598,4.71814825482443,178.129664179104,0,762,0.671613911292865,26,0,28,2.327817,2.828427,2,604,108.161380597015,0,367.855048340219,978.489999913755,3.94077568586189,605,7.46997297488333,0.00164473684210526,367.522815700991,977.778821102693,3.63530302021864
2071,386.034765813617,574.551907291164,4.15306615161758,15.8146830415894,58.1641588371374,10.3105218383183,7.73973479445854,15.7319856916032,-1.94019123070759,-11.8800170143444,0.961988719946376,0.270982391998025,0.0338562538235099,0.258621624557538,-0.943813487582841,0.205744880781842,-0.0877072289332689,0.189168295133576,0.978019835232959,211.441835826984,6.64417878615245,3.74396841803452,0.556271823798012,1415.87506327747,385.923239139604,573.92430445469,4.02424046306665,265.606953162723,0,889,0.554939864968967,27,1,54,2.35981,3.316625,1,1794,350.710767745051,0,384.043336151184,570.120931212327,3.53415702677325,471,4.35069233524592,0.00181818181818182,384.139838781233,572.154629545441,4.87846805956456
1581,395.16192283365,396.964579380139,9.06831119544592,14.4536571648497,36.5023592425925,11.3045439979558,8.60751319171552,-33.5698014126671,22.5591768307893,25.609447600053,-0.769458514988119,0.510642643195332,0.38363743907857,0.636795562055785,0.659667721995089,0.399161507041784,-0.049244348491341,0.55143683909247,-0.832761914735159,83.2763893922047,7.98704468760745,4.63058020909729,0.550295857988166,1031.42486532149,394.266007614477,397.821958130562,8.56203924572271,310.504111321948,0,869,0.636308572294557,28,4,34,2.580546,3.162278,2,1360,372.697027197976,0,393.41660868178,399.237983551526,7.50852292976984,560,2.82055970261014,0.0169491525423729,397.199068322764,395.193356887784,9.47662286909338
1349,405.020014825797,682.323202372128,6.06523350630096,13.7089578916151,45.6330444463821,12.1746989768593,7.2794524976849,69.2676547287142,14.7788904613702,65.7566327764301,-0.342291552652838,-0.904304054599278,0.255089532944447,-0.301685143770373,0.362889650061101,0.881644585934027,0.889844125120102,-0.224822771786663,0.397029160484973,130.148421590343,9.26395594857113,3.31190179162819,0.433901576069476,1012.64586940123,405.78464354699,682.894005393707,5.22879480342969,242.162342475908,0,906,0.583043773899549,29,5,39,2.251749,3,2,626,170.006671608599,0,403.75245815147,682.010207596615,5.57319949943097,391,4.65584303898058,0.00133155792276964,399.37537118839,679.50024504528,8.60044097768508
1369,399.966398831264,527.826880934989,7.59313367421476,13.7763745543774,41.5524345707774,10.8273533191404,9.20494593406271,4.56460845186338,4.83571952181274,-87.6292732949566,-0.993280015911529,-0.0792999232217687,0.0842990638608432,0.0872517366662929,-0.0345309329592079,0.995587640098893,0.0760390980976813,-0.996252546719951,-0.041217941657765,107.912801172421,7.32697374359382,5.2956893530636,0.436404207841887,978.959925462904,400.018329337309,527.781443156429,7.47043204193154,232.4565376187,0,936,0.60905265765148,30,4,41,2.373915,3,2,1312,299.768444119795,0,399.90070251448,528.537183557798,6.84041249272022,569,7.48066965278895,0.00819672131147541,398.860816245269,525.770239872714,8.1688869085402
2812,399.466216216216,558.917140825036,7.93847795163585,17.512126995427,55.9038019651696,18.3970793931855,8.40298821471688,35.3438619349152,-0.580737975215532,72.6180475636696,-0.815653081095432,-0.578452522324479,-0.0101356162110015,-0.180705928540291,0.238085358684934,0.954285454866759,-0.549595686564151,0.780197437445365,-0.298724856538196,195.327192135057,21.1532831374481,4.41313818354193,0.446703733121525,1849.22328851496,400.46953386626,560.257349123212,8.11238254414483,291.073613086771,0,904,0.52100070929879,31,4,64,2.338479,2.828427,1.414214,1268,257.353129445235,0,400.837144195546,561.565636326704,6.1266573346949,697,3.95914581733336,0.00227790432801822,397.214365364326,557.014507657353,5.92582669406033
1011,402.329376854599,714.460929772502,6.60039564787339,12.4523363939169,37.7626002848759,8.54906158900196,5.29774284255316,6.18557519149895,-16.1730199182745,100.296988738333,0.954833477179682,0.103484890223007,0.278538881222154,0.253197152933574,0.207238780539571,-0.944956765988161,0.155512805271109,-0.972801606359695,-0.171676445852967,89.1258737672067,4.5679033782843,1.75412995161395,0.688223281143635,727.175447288327,402.232998387026,713.508255590915,6.40818584070797,181.515331355094,0,788,0.669903666581527,32,0,23,2.437936,3,2,897,208.810089020771,0,401.957523909676,711.489666377714,5.54496061239087,580,10.0072919534228,0.004,401.859108514454,713.436065603972,5.94377742713626
3343,417.967693688304,618.837571043973,6.46485192940473,18.5515094293894,55.2872555129237,16.9865910009419,7.97776011037881,66.0306883674477,-0.554299077490631,-54.3410484406503,-0.406228267095667,-0.913720419494698,-0.00967419303531784,-0.529493483974003,0.244008060984988,-0.812463363237641,-0.744724946165713,0.324923161951836,0.582931980067741,191.042538884457,18.03401711458,3.97779102367194,0.496804874424134,1971.5794174446,418.505756926809,619.391496078775,6.59069370525891,405.91504636554,0,1392,0.548395774640718,33,10,74,2.360331,3.162278,1,1057,216.126233921627,0,419.410481515827,619.342705291276,5.99692461004,327,0.851451339762108,0.00224719101123596,418.83365401792,619.142825397705,6.96758089425411
1357,413.075902726603,448.725128960943,4.51879145173176,13.7360039945576,44.6695985744882,10.7331175064903,5.81585893789442,-12.1625494043703,4.75864776636612,75.3578531006022,-0.974184179918859,0.209959641198433,0.082958620188897,-0.131720199454367,-0.230196588412413,-0.96418842543301,0.183343864504712,0.950224436515454,-0.251909800518691,124.71081480037,7.19998821300804,2.11401344909292,0.601773835920177,968.059960965081,413.177088679783,448.329213002566,4.49264090865887,310.125276344878,0,930,0.612305882181714,34,1,38,2.341951,3,2,978,325.004421518055,0,412.72814155921,449.380862116268,3.86800474343073,600,3.61050548723358,0.00423728813559322,412.16176185783,448.960798807138,3.34292814738885
1759,429.654349061967,635.460488914156,6.61853325753269,14.9769164040382,46.3708206650868,11.8209569318526,5.96832630050224,73.4016734743081,-7.14146735584377,-77.1589989711751,0.283444287281787,0.95089640023915,0.124319636500216,-0.17836043374469,0.17964669399049,-0.967426803956089,0.942256277072074,-0.25203789665547,-0.220522123533583,134.390813072102,8.73343892404457,2.22630742682917,0.627318116975749,1135.63981099763,429.798167394493,635.376792052544,6.54785249634237,307.362706083002,0,904,0.620517558977687,35,1,34,2.318082,3,2,546,119.548038658329,0,426.838133961053,634.480067527403,5.86781273034215,295,1.26002364729633,0.00134408602150538,428.40738835758,635.362271210046,4.82044902437267
1012,417.930830039526,994.724308300395,9.44071146245059,12.4564406580222,24.0973573759368,10.9064595017428,6.70774960628734,-6.21802452836476,-52.0421831182213,31.9696034300557,0.611462588397156,-0.0666207293866809,0.788463811095118,-0.323127077572458,0.888555104678316,0.325666574412526,-0.722289688926911,-0.453906933595526,0.521791242647645,36.2926645314759,7.43442867894727,2.8121190487905,0.738686131386861,626.621430026306,418.081798571219,994.688127866368,9.54344332573526,614.27766798419,0,1784,0.77791573501269,36,0,14,3.182724,3.605551,2.44949,595,52.8646245059289,0,417.617918091927,993.044598964467,7.48120525617301,112,0.783360643704335,0.000602046959662854,418.544049322776,991.403676785495,5.94343737729905
637,430.301412872841,675.293563579278,4.75824175824176,10.675304461059,21.6514416992069,9.29591542330939,5.42658732625399,25.7535840980163,9.09342385428151,-74.6603188457617,-0.889351384820143,-0.429040762550318,0.158044735403415,0.25221864243128,-0.172040171256716,0.952254134086107,0.38136579648497,-0.886750361457046,-0.261216243229977,29.2990579783848,5.40087772233259,1.84049062559128,0.700770077007701,479.012827496205,430.694231194357,676.16239775719,4.56265198255592,312.458398744113,0,1016,0.747417512001508,37,0,16,2.213965,3,1,1200,248.971742543171,0,431.074365522242,676.747879819666,3.62541063715754,320,2.54200789464072,0.00249376558603491,431.259554825113,676.797410598745,3.02628120683556
1006,443.850894632207,691.925447316103,5.89264413518887,12.4317743743527,35.4726749269882,8.14299067644615,7.29882582321165,80.5020276223213,-13.5105882802411,-66.2627311775771,0.1604462667861,0.958997564927709,0.233625054172552,-0.361735293719776,0.27735363269092,-0.890068839871736,0.918370607517396,-0.0582977949486487,-0.391403620770496,78.6444166547361,4.14426857229306,3.32955364984883,0.571590909090909,744.635598010025,441.973953780288,691.536211418196,5.23913657454105,221.734592445328,0,971,0.652037115331774,38,0,28,2.32573,3,2,889,111.753479125249,0,439.740455774568,690.381475485661,4.03709172418701,157,3.32111352654847,0.00154320987654321,448.754820837875,692.475905869441,6.89493864128375
1558,443.025032092426,789.180359435173,4.41527599486521,14.3832250906489,51.1928241735779,9.83322167523985,5.93467049604478,33.372170858563,-1.93589785464393,71.06249204982,-0.834638494280108,-0.549761223960302,-0.0337813631386418,-0.205203915584318,0.253449016270802,0.945333247685824,-0.51114571004235,0.795943586431245,-0.324351461110118,163.794077929179,6.04326553215042,2.20126961853901,0.592395437262357,1051.30368275104,443.719856185335,790.395553150053,4.32281463082254,265.639281129653,0,1029,0.618207459278718,39,1,36,2.461613,3,2,1066,303.599486521181,0,442.264938436559,788.399997463045,3.54793365017082,850,7.14633031635842,0.00526315789473684,439.473917625045,784.195873395378,3.67795620565496
482,471.352697095436,450.288381742739,6.20124481327801,9.72783372317443,12.76488184078,8.47510018676521,6.88133815427995,-32.1312554554164,-78.4007217429214,-91.543154649582,0.17026875088374,-0.106938863782462,0.979577782458038,-0.814913934800165,0.543614964301327,0.200992660204744,0.554007067952209,0.832494354335562,-0.0054146706652709,10.1838880255672,4.48920769848174,2.95955092459681,0.848591549295775,329.214021872122,471.397421355655,450.3565234246,6.02397737225229,289,0,772,0.903033424885781,40,0,1,3,3,3,1237,555.122406639004,125,471.320208992821,450.128662139486,5.61017158190971,615,8.55914461837141,0.296875,471.337368536977,449.530378845616,6.75386187434305
1438,493.855354659249,324.993045897079,4.22322670375522,14.0040425366656,61.7426138995257,7.86282467418109,5.8342814837674,-88.6940571817485,-4.26958801585407,-92.694130818639,0.0227277786304204,-0.996965762587294,0.0744494211345017,0.0452970149343072,0.0754190874354992,0.996122553548728,0.998714988631175,0.0192673163448445,-0.046873681360652,238.259398196619,3.86400074105694,2.12742752698944,0.645421903052065,1050.03542021967,492.621866506629,325.080801705227,4.14365782321372,201.621696801113,0,814,0.586749551184351,41,0,47,2.336635,3,2,831,178.924895688456,0,495.522612264569,325.032764075338,3.5316136404269,545,6.74190959853077,0.00416666666666667,502.2559354419,324.658337611782,3.15300528065964
789,494.234474017744,288.866920152091,4.31432192648923,11.4646146116295,31.666894320514,8.18171641491314,5.32969647603803,89.3613777430276,-5.01651709755914,-90.3572531134887,0.011103136524004,0.996107652878594,0.0874429198736468,0.00720942037852328,0.0873662919944644,-0.996150167033537,0.999912368468925,-0.0116908040714774,0.00621131894425538,62.6745122441626,4.18378021837868,1.77535403291826,0.731232622798888,602.046094124366,493.780636685881,288.899859571239,4.30809390607128,223.830164765526,0,637,0.685865645811259,42,0,23,2.051319,2.236068,2,1434,391.335868187579,0,493.143387830187,288.825808708269,3.85486326126103,721,9.63074750827359,0.00537634408602151,496.405437864133,289.083012537025,3.54576743018668
1881,488.447634237108,521.199893673578,8.24455077086656,15.3154604361902,31.8761982554914,22.919865038229,6.92722923078122,34.7706526841053,-11.6149988199515,105.580939182219,0.804620422426754,0.558614766025973,0.201334346278868,-0.00612650190497283,-0.331238818463919,0.943527059027475,0.593757898295425,-0.760414616061774,-0.263099163608373,63.5057509514619,32.8325133356646,2.99915655098687,0.478625954198473,1258.10915577916,488.092568571249,520.60184739628,8.15528798878591,254.104199893674,0,1080,0.585722173494772,43,1,32,2.295533,3,1.732051,771,203.186071238703,0,487.861724312062,520.157907130691,7.84864976595594,419,3.67950409014824,0.00253807106598985,489.50172049093,522.781151375424,8.17085967143396
1308,494.038226299694,953.851681957187,8.25993883792049,13.5686416831925,30.6090951697161,9.61855848402735,7.08338921023986,6.97320411722058,-35.0933392686464,90.7798103733306,0.81216424086373,0.0993356954376142,0.574910136868509,0.568952391155616,0.0832997479278401,-0.818140775535278,0.129160452385972,-0.991561178953212,-0.0111357950936177,58.5572941942961,5.78229170691591,3.13590016898391,0.799022602321319,763.213345804819,494.086040381175,953.886420095659,8.26625433568221,523.49006116208,0,1863,0.757838499659209,44,0,23,3.01674,3.605551,2,439,87.9311926605505,0,493.596605630619,951.878571304363,6.89862973203262,71,0.378597388853732,0.000742390497401633,494.095682807264,952.254674002746,6.85739779184427
526,498.596958174905,573.342205323194,3.84030418250951,10.0152633604499,20.256880990051,7.89253878949883,5.31078487494265,13.8767701410527,-10.9065387300074,100.672382350762,0.953278112195858,0.235502358332118,0.189207505211374,0.136092249783513,0.224381407636982,-0.964951751879704,0.269703059599189,-0.945617059452111,-0.181847838909291,25.6463267153182,3.89326053398398,1.76277724924498,0.823161189358372,398.434349986434,498.556360935759,573.118826587449,3.77787597474935,255.988593155894,0,941,0.790893211110588,45,0,15,2.370973,3,2,740,247.070342205323,0,498.33098130949,572.930354958102,3.69066397863942,402,6.39334415585846,0.0324858757062147,497.880453621385,573.134591783192,3.58314871112348
614,515.187296416938,282.731270358306,4.12703583061889,10.5452427829084,20.4786691756785,9.76693396182972,5.36718358653636,84.7867662563267,8.84975727205899,-60.9638268687574,-0.0897808941140313,-0.984007835165948,0.153843983906134,0.495575711883664,0.0898502383660554,0.863904883917531,-0.863912093238129,0.153803494750896,0.479583548674604,26.2109932004302,5.96206243842143,1.80041622822408,0.763681592039801,461.739247770307,515.207106326441,282.584449621433,3.93851011939429,357.941368078176,0,1136,0.756599844140347,46,0,17,2.116831,2.828427,2,1392,389.817589576547,0,515.894638768655,282.505147316878,3.22865868943964,353,2.46248711806304,0.0022883295194508,514.939548852486,283.334441591525,4.16302270646018
1839,512.285481239804,440.217509516041,5.62969004893964,15.2006106693598,42.5389365306209,12.59143450915,6.86802774366049,-11.4309620402719,1.65760360361829,74.7280899004718,-0.979754058259206,0.198104106084034,0.0289266050075552,0.0795540832656503,0.252644954738982,0.964282984751209,0.183720257893296,0.94706139716366,-0.263289910254907,113.097570072262,9.90901393738837,2.94811281798065,0.607131066358534,1178.04604715316,512.238018335942,440.800339936,5.41035392554637,327.285481239804,0,956,0.616182950770137,47,0,37,2.366848,3,2,1115,321.412724306688,0,512.026011795398,440.443680867838,4.70228802290053,551,2.26658727938314,0.00505050505050505,511.173298048877,440.161092924991,4.42749869295536
1486,508.807537012113,490.965006729475,6.48317631224764,14.1581571669443,27.8745162565131,16.1833788637055,7.49895906781481,-27.4913853858638,-17.2558962982726,-32.4295314352168,-0.847152254214132,0.440837674207211,-0.29663985433433,0.530740859520252,0.675309327683057,-0.512124449699448,0.0254400907156366,0.591286273258423,0.806060385356175,48.5617910334132,16.3688594653894,3.51464919379762,0.578210116731518,998.50150643838,509.551944739442,490.03038959714,5.97947438471848,290.219380888291,0,1101,0.630688055943833,48,3,35,2.655109,3.162278,2,849,220.604979811575,0,509.622200055518,490.198499781892,5.53677181615465,285,2.94829711374151,0.00167785234899329,505.892087748164,492.212908403773,7.62292115444158
620,512.85,373.645161290323,5.88225806451613,10.5794808243745,20.1082442545405,10.702307863862,5.74232997292652,5.75017339276326,-29.0299331835371,-85.2211935678893,0.869966684212183,0.0876036982397127,0.485266483919489,0.472799462784529,0.131340399332947,-0.871326785708853,0.140066542584298,-0.987459007532863,-0.0728427902451142,25.2713429375163,7.15871210080518,2.06089709487315,0.668824163969795,467.977429882321,512.940346587491,373.645921872271,5.85366090314568,166.229032258065,0,727,0.751369697622852,49,1,16,2.275432,3,2,449,126.903225806452,0,512.872635993899,373.352224199288,5.56245551601423,232,6.51497353925281,0.00490196078431373,512.208009696697,373.181406637445,5.85768059533849
1715,508.425655976676,676.047813411079,7.75043731778426,14.8509818512588,39.1295093495922,14.3797621975589,9.59229689887429,82.778357625877,17.3653724401015,-47.1478288512983,-0.119978318325607,-0.94684973831691,0.298464028286421,0.702219830824726,0.13157635233268,0.699696343211339,0.7017781076154,-0.29353575004763,-0.649110353573044,95.694906371239,12.9235975536465,5.75075998725959,0.487770193401593,1109.41032242625,509.993750615443,675.807749658869,7.1716628919493,331.601166180758,0,1136,0.624551139376968,50,2,40,2.559078,3,2.236068,1317,257.043148688047,0,510.959063491739,675.767980327973,6.10071252118168,308,2.64331977375576,0.00213219616204691,505.586150698588,676.857940455627,7.66161874446247
3669,533.484328154811,167.360861270101,12.5699100572363,19.1359354124685,50.0774787181966,31.4159098906708,9.25686859539461,61.3816247551267,-15.44754266932,-46.0077768629091,0.461670361506782,0.846117576705138,0.26635600931239,0.517922270113121,-0.500890698930485,0.693444323537082,-0.720150678279947,0.182190982530846,0.66946952616036,156.734617173215,61.6849621411718,5.35560101202519,0.399064607352621,2140.40812698529,534.197518270816,167.605036205874,12.7844419466913,340.93813028073,0,1434,0.537468077000231,51,3,71,2.485598,3,2,638,139.394930498774,0,535.300705850149,169.260998357579,14.3849894415767,329,1.55098597136172,0.000986193293885602,534.414635123362,169.750036173353,15.5786870577565
1091,524.038496791934,645.960586617782,5.98441796516957,12.7724842580877,23.5843717171518,14.9255901233191,7.48811004360748,-63.0047479996825,0.645509680084582,-78.6318911723698,-0.453887854800427,0.890987593522827,0.0112660309367669,-0.170621701398911,-0.099313863451194,0.980318821372995,0.874570780598349,0.443032577487028,0.197099175565991,34.7639118307995,13.9233275330825,3.50448700157345,0.580937167199148,787.778447588776,523.655166292213,646.307553286847,5.59834930095573,314.95142071494,0,952,0.650573740897872,52,1,30,2.344869,3,2,926,155.206232813932,0,523.608427331247,646.561235457391,3.68839544085513,341,1.95452878436701,0.00133333333333333,526.862057870725,644.763418162895,4.09999412247053
465,520.29247311828,392.017204301075,4.63225806451613,9.61209623372181,11.026117904983,10.863254526154,6.59878484328669,-62.7509415020074,-26.4029701659854,145.29090055996,-0.41009941133342,0.796289355181941,-0.444681611546859,0.846758757274512,0.151278348355839,-0.51001418440829,0.338848166297099,0.58569456557378,0.736304146433004,7.59845475341173,7.37564368125038,2.72149758799938,0.776293823038397,338.347724756636,520.398239956882,392.117748185594,4.42154612446683,231.421505376344,0,1244,0.857872670687034,53,0,4,2.860049,3.162278,2.44949,1016,309.417204301075,3,520.749574295067,392.226495875006,3.96702784979045,462,7.01971330023632,0.0108695652173913,519.82731624626,392.339264518966,5.00123594951886
1602,522.144194756554,913.244069912609,14.3171036204744,14.5173705829428,40.3593773884778,9.79003024723198,6.92148006445291,0.574755136192489,-47.2879858721108,51.7997461785339,0.678279627805841,0.00680430182074705,0.734772378346045,-0.583598287115606,0.612588506463039,0.533055682856036,0.446486042087882,0.790372711589991,-0.419477283049491,101.804958949098,5.99029326510731,2.99418039266371,0.659530671058049,944.10054855997,522.199428091867,913.550162239594,14.7670876093806,690.244694132335,0,2234,0.701305991125055,54,0,25,3.134146,3.741657,2.828427,2109,280.387016229713,0,521.768789794737,911.448181130059,12.2693931163453,139,0.745531114342908,0.000847457627118644,521.427239033487,910.656354132317,11.8747717648632
2435,534.938809034908,568.79794661191,6.41930184804928,16.6916824694763,45.9313782093547,13.4043324491902,8.45948566770396,20.7635078332187,-5.91715184933213,-76.3372747585114,0.930069703069909,0.352622655150876,0.103090302675848,0.009929320339706,0.256377382157144,-0.966525760916822,0.367248902012032,-0.899959944104512,-0.234947532394705,131.855719013174,11.2297580255258,4.47268111013053,0.546945193171608,1422.39408722242,534.56761488739,568.002912750135,6.09471124512552,232.215605749487,0,847,0.61536127616308,55,2,53,2.764189,4.123106,1.732051,1162,335.871868583162,0,534.627164216334,567.816701881034,5.43406231964864,604,7.07744148881291,0.00387596899224806,535.893401204982,570.657223665724,6.78070909936467
