Volume,Centroid_1,Centroid_2,Centroid_3,EquivDiameter,PrincipalAxisLength_1,PrincipalAxisLength_2,PrincipalAxisLength_3,Orientation_1,Orientation_2,Orientation_3,EigenVectors_1,EigenVectors_2,EigenVectors_3,EigenVectors_4,EigenVectors_5,EigenVectors_6,EigenVectors_7,EigenVectors_8,EigenVectors_9,EigenValues_1,EigenValues_2,EigenValues_3,Solidity,SurfaceArea,WeightedCentroid_1,WeightedCentroid_2,WeightedCentroid_3,MeanIntensity,MinIntensity,MaxIntensity,sphericity,id,nb_branch_pt,SkeletonSize,MeanWidth,MaxWidth,MinWidth,channel_2_MaxIntensity,channel_2_MeanIntensity,channel_2_MinIntensity,channel_2_WeightedCentroid_1,channel_2_WeightedCentroid_2,channel_2_WeightedCentroid_3,channel_2_Ratio_MaxIntensity,channel_2_Ratio_MeanIntensity,channel_2_Ratio_MinIntensity,channel_2_Ratio_WeightedCentroid_1,channel_2_Ratio_WeightedCentroid_2,channel_2_Ratio_WeightedCentroid_3
713,8.81206171107994,761.168302945302,5.78401122019635,11.0840115376769,19.2314133297331,8.08179142244576,7.33823016708249,26.6281417071561,15.213900670457,-44.6214380244148,-0.862604364124417,-0.432490144088217,0.262423295955338,0.483791008842037,-0.553652615496087,0.677801623720353,0.147851177733266,-0.711632669725678,-0.686818005458499,23.1154536661897,4.08220953724486,3.36560137406747,0.801123595505618,476.347307372284,8.43265418502203,760.684677863436,6.15682131057269,203.758765778401,0,942,0.810251971469972,1,0,7,3.161145,3.316625,3,242,26.2510518934081,0,8.64321205321366,761.325639792702,5.7811080835604,100,2.05402194625213,0.00113765642775882,9.17610620068913,761.52010035204,5.40973014183411
834,140.959232613909,19.0863309352518,3.27218225419664,11.6785558710556,34.3610742632805,6.87975577034486,5.78073999652222,45.8599386293363,-2.7442642867615,-66.2002395496795,0.695616083104622,0.716816537876273,0.0478781364848115,-0.259089721679265,0.312469609760196,-0.913912063109177,0.670067743624736,-0.623327196585698,-0.403078683324075,73.7927140329174,2.9581899662246,2.08855968171198,0.765840220385675,624.177492832501,141.319732286785,19.2588778626473,2.91403385864797,176.286570743405,0,782,0.68646761527531,2,1,23,2.570993,2.828427,2,476,65.8165467625899,0,140.433732305842,18.5655571951686,2.58525076970724,294,5.47777045566144,0.00127877237851662,138.596937636244,17.3025963216638,3.60223171483284
800,155.40125,40.01375,4.0325,11.5176476459394,26.0268739932076,8.62194615582853,5.45049764954424,25.0590232237961,-1.90736930485824,-66.0096519393164,-0.905370041773817,-0.423316998288181,-0.0332837260348182,0.144662613732753,-0.381191461975306,0.913107768834072,-0.399221512003655,0.821885508010339,0.406357473262277,42.3373856161441,4.6461222196254,1.85674528923046,0.836820083682008,552.859178392297,155.477803251355,39.8340389224677,3.59485723218007,191.92,0,913,0.753811788937192,3,0,14,2.41894,2.828427,2,400,63.93875,0,155.594005982288,40.1122167699556,3.3238646360775,268,4.75376718673525,0.0015625,155.896751276026,41.86064783688,4.42545576977764
455,154.356043956044,468.217582417582,5.0043956043956,9.54269239597283,11.1469756182871,8.06340942861578,7.51274931022536,75.7911310335622,76.6773833990965,-124.46141506544,-0.0565617082602933,-0.223384287376872,0.973087988473707,-0.351605240900709,0.916665625256459,0.189994436877347,0.934438081271216,0.331396426695149,0.130391259844573,7.76594158966788,4.06366072584312,3.52758763739323,0.92479674796748,299.511778977133,154.444095364824,468.254414226181,4.97453074421318,576.432967032967,0,1950,0.95516371406671,4,0,2,3.383914,3.605551,3.162278,1470,450.654945054945,0,154.576752760329,468.145956068823,4.46295501541103,310,3.64253278696529,0.00900900900900901,155.215749272047,467.085504411998,4.20802855992458
3250,195.535692307692,616.408615384615,13.4873846153846,18.3778589032405,73.558372883495,11.7530796761392,7.05559536787083,23.8755412740287,9.08984760318185,-90.4294117858588,-0.902943280379527,-0.399668327286113,0.1579831022033,0.141426488173738,0.0707953095071966,0.987414083652154,0.405822597769396,-0.913921907121227,0.00740046103956475,338.177138829205,8.63343011710491,3.111339124695,0.619165555343875,1881.63274817769,197.329008160974,620.241906494236,12.935851073017,114.013538461538,0,745,0.563903558879618,5,0,57,2.614089,3.162278,2,429,66.4652307692308,0,197.161162342833,620.090569042461,12.8441382886136,350,9.35928058030739,0.00158730158730159,194.844487035637,614.918366413728,13.5424696487994
1274,208.120879120879,652.985871271586,5.24489795918367,13.4500408045249,31.659455462254,11.8472333189457,5.91460083904735,17.3612958221754,7.02059798543487,-81.7178148340703,-0.947285973040101,-0.296158828093352,0.122226158508898,0.158424646160674,-0.101394544236134,0.982151097279849,0.278479652345256,-0.949741593772495,-0.142968487045733,62.645070010403,8.77230858209605,2.18640644282874,0.68494623655914,858.157790055199,207.752857493643,652.275531299754,5.96389617179022,99.0949764521193,0,1032,0.662262138677163,6,1,36,2.228003,3,1,491,99.6577708006279,0,208.421977883495,653.947945874421,4.67158407107527,410,19.7497564658595,0.00269541778975741,209.092848105367,655.034667,3.85043142706532
2981,224.893995303589,308.884937940288,10.1435759812144,17.85614831529,58.2186575670816,11.5319220891902,7.82745347978071,23.2948240907144,-17.8992451473305,101.755043233875,0.874026154953386,0.376321533309442,0.30734408083617,0.195802962617047,0.306114467791136,-0.931641096366695,0.444679075612724,-0.874457566824475,-0.19386718014051,211.838255557069,8.31157669194715,3.8293142486332,0.602100585740254,1646.39491521123,225.594167658872,310.555826403121,10.7743998806308,220.324052331432,0,1105,0.60840311045564,8,1,53,2.812206,3.605551,2,908,132.330090573633,0,223.588451515428,305.93491619262,8.96695109461666,292,5.66449365626765,0.00157232704402516,223.010236461313,304.894610629698,8.74462036655521
946,220.373150105708,422.898520084567,3.90063424947146,12.1795386530138,19.3084315263179,9.3290043703061,7.79690364803633,9.03801544485159,-6.09950721407127,5.26111076633222,-0.981993474682321,-0.156200449106512,-0.106255519293192,-0.166050066926796,0.981893263287006,0.0911756260477645,-0.0900899048448198,-0.107177605918956,0.990149872410501,23.3009705004067,5.43939515882439,3.79948165604763,0.894985808893094,536.983052233193,220.404480135249,423.007263922518,3.63732681920426,147.562367864693,0,660,0.867862593053088,9,0,1,5,5,5,1534,537.353065539112,5,220.218485411224,422.268753344245,3.29008962575934,1276,44.862008908852,0.0263157894736842,220.029393538262,421.819432791816,3.60668145984776
1344,231.369047619048,340.244791666667,6.81175595238095,13.691999737378,14.6764099796794,12.4389884648264,10.5988840884509,50.5037136914788,-48.6962986320097,23.3460718706032,0.419810543446219,0.50933817142098,0.751221495129714,0.89783168486611,-0.354232733544719,-0.261567268854341,0.132881049295499,0.784279157965433,-0.60601058498937,13.462313118227,9.67052712675531,7.02102149502617,0.898996655518395,625.591009801789,231.579342818021,340.123214505943,6.95645244427298,235.28943452381,0,786,0.941441064982583,10,0,1,5.385165,5.385165,5.385165,1242,461.316964285714,31,231.475124594765,339.846126675376,6.30189190496927,695,10.8521488756197,0.153846153846154,230.411872518493,339.696352903853,4.61704788861726
1440,232.840277777778,463.933333333333,7.20555555555556,14.0105318992888,28.8512213989423,12.3411165374071,6.47848355060071,30.3690776654241,-10.0312694651743,104.445898438172,0.849597088108071,0.497839491379388,0.174185615655824,0.0194116235099419,0.300514175512247,-0.953579791726368,0.527074925177621,-0.813539839921381,-0.245652095675365,52.024561013174,9.51894733686642,2.62317181971275,0.76555023923445,829.173725568872,233.392555352233,464.81227904615,7.65225816032268,289.936111111111,0,1060,0.743727066842311,11,1,24,2.938994,3.162278,2.44949,455,82.3138888888889,0,232.748422366956,463.552146255863,6.82033543684406,177,2.40379489230703,0.00104931794333683,229.827566498514,459.014766567599,5.7930383905749
1594,247.34504391468,106.743412797992,6.91028858218319,14.4931648346944,31.6072922758319,12.2032516784944,6.76057869751357,-10.7739875022461,19.8419341715728,89.0683829453,-0.924051335025115,0.175837468192451,0.339426450085982,-0.336438433157397,0.0474699518941722,-0.94050825852927,0.181489148251069,0.983274014935223,-0.0152938098676442,62.4388078131162,9.3074594705423,2.85658902032964,0.78949975235265,887.963615108998,247.346517726826,106.887033278867,7.10080187938664,215.772898368883,0,1212,0.74315801358781,12,0,20,2.982378,3.162278,2.828427,750,66.3557089084065,0,247.191942971136,107.320721180664,6.710327027257,282,2.93349477856864,0.00125944584382872,247.370395584964,106.389869683336,6.22587970596228
564,274.854609929078,412.223404255319,2.15780141843972,10.2508566560512,38.204567374694,7.37570937583062,4.13164655431009,6.49143993163444,0.388376220879076,4.43947407268853,-0.993565931030851,-0.113052174230688,0.00677839188237989,-0.112194244889656,0.990666971499156,0.0774041535986871,0.0154658368165695,-0.0761456333771248,0.996976755200019,91.2243105179707,3.40006804979472,1.0669064531089,0.666666666666667,528.727225172474,274.469802197802,409.906373626374,1.8320125588697,141.179078014184,0,745,0.624364957346199,13,0,32,2.190664,2.828427,2,621,129.019503546099,0,274.227685626726,409.025107535009,1.81875025767175,311,13.7041606573749,0.00393700787401575,275.103658190905,414.635354184934,2.09213247082996
1164,277.170962199313,483.81529209622,4.10567010309278,13.0512302830717,17.4327557098019,11.7689144228222,8.40231005863419,43.1888191068748,2.62116158669154,-16.3234107743829,-0.728339373259012,-0.68368877908164,0.0457319441804635,-0.66618826390766,0.690915570009333,-0.280764798631125,-0.160358830104136,0.234958141966891,0.958686454025037,18.9938107273519,8.65670916823201,4.41242589508908,0.894009216589862,603.034880247982,276.981475774504,483.600205077633,4.02674414043896,153.323883161512,0,681,0.887381448288039,14,0,4,4.626703,5.09902,4.24264,2468,751.327319587629,140,277.322564304867,483.625930055057,3.51672469684236,1657,48.8688415213995,0.555555555555556,277.902693120011,484.268037860526,3.4947041571567
707,280.954738330976,601.786421499293,2.24893917963225,11.0528327188591,47.8095518662874,6.90210831867425,4.24287687738999,-1.68321886785726,-0.15528702690165,-7.25823302342932,-0.999564834880388,0.0293733778372595,-0.00271026658699165,0.0294803816926077,0.991548711158447,-0.126341048338535,0.0010237020079759,0.126365968814596,0.991983162135198,142.859578103452,2.97744370266949,1.12512526229317,0.673333333333333,636.347465372825,281.158139358772,600.206122622845,1.85635312047406,149.421499292786,0,807,0.603118636398907,15,0,38,2.229605,2.828427,2,684,128.164073550212,0,281.108760429082,601.952302123339,1.86922261952059,250,11.3118174564498,0.00260416666666667,280.915691295904,603.276193146816,2.74392691156378
1165,299.993991416309,297.551931330472,3.18111587982833,13.0549666790053,49.50878337818,9.63207680597365,6.4291548120853,82.8092567866934,0.103345084862887,-12.3614778637312,-0.125172740865927,-0.992133323485646,0.00180371101858466,-0.969182043689263,0.1218878900627,-0.214078276446645,-0.21217434136675,0.028544888953897,0.976814843345552,153.194976974222,5.79855647476098,2.58337697485997,0.554761904761905,845.378240336894,299.028513269182,297.399743960004,2.73474681163465,282.949356223176,0,1041,0.633359578593471,16,1,36,2.571996,3,2,793,43.3141630901288,0,301.367471908999,297.539743564337,2.70054101187055,225,1.77962186675334,0.00110619469026549,301.268430914765,298.293381054187,3.928261480798
463,288.064794816415,570.397408207343,2.83153347732181,9.59829564585003,22.9565298436089,5.98275956554258,5.34152913718801,-20.0023252151586,2.22294193557729,120.396131134573,0.938971599116608,-0.341800867565008,-0.0387879231747287,-0.141634811316247,-0.486898493148492,0.861898739756092,-0.313483518347955,-0.803804717765165,-0.505594758104406,32.9376414037815,2.23708825119321,1.78324584521428,0.83273381294964,379.132039285923,288.277295059343,570.009726745791,2.44507866409053,195.626349892009,0,757,0.763392047808398,17,0,15,2.402449,3,2,595,135.784017278618,0,288.077145765731,569.818922186168,2.29798943818795,501,7.18092160394485,0.00234192037470726,287.508332837521,570.906361597663,2.84549121307811
524,299.658396946565,520.381679389313,2.6412213740458,10.0025536217189,20.2892294686504,9.02474724634057,5.54806333883515,4.54090211963372,3.95346451005057,-1.29559500499735,-0.994488916326066,-0.078982355169298,0.0689462317789482,-0.0807045252533678,0.996482802845513,-0.0225566672356425,0.0669221555856814,0.0279966284588304,0.997365336216727,25.728302026972,5.09037892877073,1.92381292573292,0.771723122238586,420.970228126159,299.647260850534,519.859069328934,2.39994612613219,113.354961832061,0,477,0.746655496349495,19,0,13,2.499662,3.741657,2,1963,804.635496183206,158,299.719734648233,520.824319484665,2.16533967065833,1503,96.4095717813387,0.696,299.656875168215,522.362790747131,2.62559658807555
665,306.846616541353,699.242105263158,3.34887218045113,10.8294817643945,13.9567842983172,10.8084337102126,7.51336121170907,43.3595463556271,11.2945042744273,-4.91310502866807,-0.712978970435056,-0.673277764977419,0.195852084248236,-0.696247175092922,0.712871794259483,-0.0839861662679691,0.0830714083935796,0.19624183075042,0.977030339841722,12.1744892468597,7.30138995425375,3.5281622936009,0.817958179581796,457.075052077146,307.147110995483,699.216834984981,3.26686533746442,190.741353383459,0,737,0.806079179846314,20,0,4,3.547329,4.123106,3.162278,3682,1347.0992481203,159,307.314010276607,699.245018815143,2.61315262758966,1712,36.6596397306918,1.0126582278481,305.649206726813,699.279366404776,2.85646331500987
1452,318.840909090909,826.967630853994,5.22314049586777,14.0493424352244,39.1662622712639,10.3617770833072,6.60976989526676,-75.2278188163565,0.353868807650369,-93.6748868701156,-0.254971443104655,0.966928859088643,0.00617613654849057,0.0635479296038774,0.0103829641170385,0.997924774068269,0.964858136641958,0.25483480044468,-0.0640936864139477,95.8747562688396,6.71040152025936,2.73056612927342,0.691099476439791,913.37286281705,317.488411988009,827.198028042225,5.68511520072016,81.0957300275482,0,596,0.678912436972728,21,0,32,2.631946,3.162278,2,657,180.638429752066,0,317.541204863375,826.960882544693,4.90219492388109,639,43.2950608989512,0.00613496932515337,319.372379557104,826.446358772663,4.50318742191342
3926,317.953642384106,339.384870096791,9.39862455425369,19.5726918037104,76.4798669177685,13.5660219106784,8.3883116308438,-39.8484165655813,-9.01986955759924,-103.095022093655,0.758248460792051,-0.632835090469393,0.156776975277239,0.0279402476073158,0.271788749626821,0.96195125559455,0.651366727942199,0.725017671403177,-0.223764970187446,365.573127734974,11.5023094050628,4.39773575100933,0.49396074484147,2301.22178211379,317.984815296361,339.14352080171,9.31273764461495,238.613856342333,0,1732,0.522988948649056,22,2,68,2.527773,3.162278,1.414214,746,163.316352521651,0,318.595381952026,338.199989082629,8.77165226613431,325,5.44408578009227,0.0014903129657228,318.627148353386,338.502995064193,9.24438757214582
884,326.590497737557,311.852941176471,9.67194570135747,11.9074257170301,18.2287263783969,12.4593967517162,6.17520838917651,37.3173905106568,-6.88974725917367,-73.2921874504534,-0.789546587906444,-0.601852123477002,-0.119959188858192,0.0829109735960482,-0.298291392606984,0.950866980998889,-0.608064105158861,0.740807847260549,0.285415096753033,20.7679040861538,9.70228546354221,2.38332491560974,0.766031195840555,569.080700206768,326.8235018582,312.006624664134,9.69795237654035,219.766968325792,0,871,0.782729635537594,24,0,9,2.605417,3,2,600,164.765837104072,0,326.671644250376,311.896431930685,9.52933341572093,387,6.34876189386224,0.00201612903225806,326.768519630562,312.990036963833,10.1097380692864
3372,295.592230130486,352.737841043891,9.93238434163701,18.604998865744,43.5541658806103,17.7715372890874,13.2943761597697,-24.339096344427,11.1882478885942,69.984916372081,-0.89380636190465,0.404303509542586,0.194033140443385,-0.307171196219132,-0.236709345088411,-0.921745378160977,0.326735433695339,0.883463274912639,-0.335762711224094,118.560335347232,19.7392211010889,11.0462773423408,0.433865156973752,1767.83913820493,294.258765412684,355.587841455334,8.42266050409868,256.462336892052,0,1302,0.615129314152704,25,4,50,2.795315,5.91608,1.414214,3036,421.300415183867,0,292.698220149582,357.832406863176,5.74368605367356,655,5.28342996622454,0.00187617260787992,295.816997717329,351.511293438074,9.95559665881175
1254,348.553429027113,671.137161084529,3.84928229665072,13.3792870454975,20.8948642319318,11.5258298324175,7.80174985887945,-4.92867331649353,-1.63505498752966,-0.573632565047686,-0.995896775341576,0.0858805462728011,-0.0285332198697544,0.086195828561185,0.996227950026223,-0.010007533422365,-0.0275661387013369,0.0124259147926483,0.999542747779536,27.287209454429,8.30279708286535,3.80420630378284,0.845583277140931,671.799415924368,348.768380819487,670.347235388244,3.7368291332671,210.307814992026,0,930,0.837097786532766,26,0,4,4.574338,5,4.24264,3003,1136.15629984051,71,348.443608658422,670.803308673863,3.17704002133723,2665,40.6496875624253,0.245733788395904,348.187029039923,673.274252405341,3.9975899822074
6544,341.866595354523,404.500152811736,11.2247860635697,23.2067802288892,104.609944541065,14.1124524091169,7.71537331897643,-34.8073968570291,-10.8050280886978,78.8848817587988,0.806518513725789,-0.560699400217639,0.187467516154464,-0.0409945344814167,0.263290480864378,0.963845200656649,0.589785838385593,0.785044142250475,-0.189363036408955,683.95253105529,12.4475820624742,3.72043659069835,0.586012357840064,3300.35766791121,342.219681968296,403.995278105419,11.3940468726478,277.119040342298,0,1238,0.512647263665807,27,4,91,2.909695,3.605551,2,1457,114.304706601467,0,350.052026042433,391.848209248539,7.02338070346653,493,2.83458858011011,0.00116686114352392,346.94298939788,397.175373918636,7.62542015564014
1258,384.68839427663,575.438791732909,3.30286168521463,13.3934976637689,53.3807525351205,7.27737107487412,5.5357738005117,3.25250291888955,2.5992427286303,-59.2492906514227,-0.997362019535351,-0.0566780292724257,0.0453497848524139,0.0679203632752069,-0.508268891971158,0.858515904166589,-0.0256091046491302,0.859331329844435,0.510777680901255,178.094046325985,3.31000811008841,1.91529947315199,0.756919374247894,929.168965141987,384.667363180591,574.409178557655,2.9504750552186,113.366454689984,0,584,0.606517295249626,30,0,45,2.421535,3,2,531,97.9387917329094,0,384.716258004821,575.620297548029,2.77586500767002,267,14.1358955677289,0.00231481481481481,384.806638324887,578.986634862043,3.370345072936
1688,391.602488151659,315.153436018957,6.72452606635071,14.7726340650909,32.6860573921997,11.6928653884913,6.64198293717779,-37.6976329694441,-13.6745852736661,80.4487687203228,0.768820120021021,-0.594160981577641,0.236407172102617,-0.0829989280936456,0.273849146254458,0.958184649757556,0.63405583428131,0.756293179307072,-0.161226008904994,66.7736467403856,8.54519381208611,2.75724608361005,0.834404349975284,923.891588664907,391.585519531411,314.961958090995,6.41082993028916,114.895734597156,0,627,0.742069769246546,31,1,20,3.182222,3.605551,2.828427,668,142.839454976303,0,391.966380908537,314.360834961201,5.83941969118214,669,18.3539097240034,0.0033003300330033,391.954740165223,314.303422323815,6.11001280297897
1253,399.770151636073,441.532322426177,3.58260175578611,13.3757296704174,30.9544001699058,8.84863059141984,7.41766534884636,8.35346543841439,-1.35495203992296,-28.4206359299803,-0.989114009280106,-0.145238890393572,-0.0236461701566622,-0.116635237969889,0.871781535397879,-0.475807919020925,-0.0897201087245284,0.467870301746713,0.8792313022373,59.8859306174163,4.8936414589632,3.43885995171726,0.830901856763926,757.721088437699,400.016105617388,441.403183445198,3.23424807822306,216.051875498803,0,1053,0.741780588264774,32,0,22,3.40679,3.741657,3,1580,508.82362330407,46,399.890342181706,441.123971855021,3.02497976648326,651,15.1586977012072,0.228070175438596,399.636277128543,442.057358369551,4.37106892834256
373,403.865951742627,775.943699731904,2.3887399463807,8.93106814652056,13.9111302275401,9.1865014370281,4.51005228493768,-86.5147539721108,-4.96356042728869,1.69940516517504,0.0605635398030731,-0.994407348313107,0.0865221547779351,-0.997555482884473,-0.0633259182231425,-0.0295446551566009,-0.0348585170890582,0.0845213209911632,0.995811744299223,12.0949715129738,5.27448804078246,1.27128572580447,0.871495327102804,302.549589184729,404.221530039171,775.828944263533,2.15121053376752,113.613941018767,0,552,0.828247457642221,33,0,6,2.807973,3.162278,2.236068,3581,1587.6327077748,417,404.285629370452,775.780709471839,2.03548034657971,2463,170.288067584668,1.61596009975062,403.84757289952,775.554224324784,2.4408530535774
2061,405.654536632703,535.286754002911,5.31683648714216,15.7891877804823,43.7915900957117,11.4464620235433,8.88616618089774,21.5315111480306,4.87082877083837,-66.663896496043,-0.926856531660491,-0.365687466223,0.0849096388267352,0.217905804492347,-0.339867268595773,0.914881030574901,0.305702518940926,-0.866465762038323,-0.394693619315694,119.856460194427,8.1888433035262,4.93524683715817,0.565587266739846,1188.32874709369,405.763911015466,535.444541366108,5.16241923436529,185.782629791363,0,990,0.659071981046861,34,0,38,2.883893,3.162278,2,744,211.16205725376,0,406.290302271343,536.750154524879,4.51473903103135,453,13.2222428953725,0.00490196078431373,405.760662498838,536.216225402646,4.45105385621899
570,411.914035087719,632.394736842105,2.57894736842105,10.2870790653648,22.4058484973429,7.35306694709123,5.23879149981874,-85.7731150458629,-1.37317312288214,1.87273561846131,0.0736849929342179,-0.996993602701089,0.0239640979255776,-0.996689612391308,-0.0744477985339036,-0.0326701981126498,-0.0343560528516992,0.0214774641556612,0.999178852941701,31.3763779303676,3.37922459552534,1.71530852366082,0.909090909090909,426.520224691957,412.000981975989,632.34378134668,2.2658673593293,332.305263157895,0,948,0.779461015466577,35,0,14,3.135984,3.605551,3,1220,352.345614035088,24,411.85876108486,632.226656442787,2.15044538605934,232,2.40888844971981,0.0830564784053156,412.565075922305,631.587261319334,2.97098608868593
985,410.911675126904,830.246700507614,3.54010152284264,12.3446619827233,25.7128683601462,8.7981886021163,6.77972566458748,16.7768170597114,-7.3463123519665,-9.31086309960882,0.949577166015553,0.286275060789836,0.127866318284552,0.265034480935481,-0.950793562432501,0.160462847887524,-0.167510983810408,0.118482873052142,0.978724618621693,41.321974956638,4.83800766740058,2.87279250544163,0.848406546080965,612.045283924508,411.046083164981,830.262053150082,3.24641389047058,130.155329949239,0,600,0.782212446800445,36,0,13,3.601415,4.123106,3,1913,669.778680203046,69,410.584170541978,829.208646844476,2.9334957225055,1704,67.6704576681762,0.266318537859008,410.300747024414,828.663742519658,3.38362754961115
2113,421.981069569333,518.461902508282,4.33838144817795,15.920875941149,67.9401162437135,12.2386426565929,8.62091269405018,47.6458745533946,3.24251436588704,5.12930048931484,0.672632353615059,0.737811912096384,-0.056562348244601,0.732628793074523,-0.674750035823888,-0.0892605215861389,0.104022922610517,-0.0186003097914894,0.994400955373247,288.491212200581,9.361523379736,4.64500847990222,0.425579053373615,1401.33416677951,424.870785874982,521.62023486301,3.58509681399789,227.821580690961,0,986,0.568253446265543,37,0,56,2.590571,3,2,644,116.127307146238,0,424.256886342241,520.743643454766,3.42578155246824,305,5.36868464720841,0.00177935943060498,414.431607476812,510.465061199792,5.14263589318502
720,426.761111111111,511.619444444444,3.66666666666667,11.1201665377826,19.6174200672421,8.28045909109708,7.08868599398683,16.5264128280292,-12.3010233441548,-42.5169046916434,0.936678908177374,0.2779266848153,0.213047836983199,0.0716358313518649,-0.747584316763737,0.660292357214153,0.342784087498486,-0.60322006531321,-0.720155970718397,24.0526981309145,4.28537517245827,3.14059182008407,0.892193308550186,466.567073890098,426.744116811237,511.577858370435,3.23898805093576,205.269444444444,0,646,0.832642105033021,38,0,3,3.727129,4.123106,3.316625,1992,688.505555555556,54,426.405937578169,510.855457875753,2.99066214264389,640,17.6499281327255,0.254612546125461,426.463748908565,512.29235383621,4.87125468616666
1243,437.28077232502,825.618664521319,3.69106999195495,13.3400513743373,41.497923526226,7.9607542671806,5.89654234776561,-57.4063285051686,-1.23298458378445,90.2676414768069,0.538553005463691,-0.842316826885895,0.0215179797124104,-0.0155266783347876,0.0156126804773644,0.999757553844031,0.842448563750876,0.538756538107139,0.00467012643260736,107.629853561781,3.96085053140214,2.17307572868708,0.842140921409214,837.271475639736,435.491310720899,826.831715717914,3.57735298198204,133.370072405471,0,752,0.667726451906978,39,0,27,2.610809,2.828427,2.236068,874,107.223652453741,0,435.26652360837,826.654904373532,3.08299882201997,395,12.6456625636345,0.00231481481481481,437.396802902288,825.021791224708,2.99670581659979
1069,427.77923292797,778.540692235734,6.21889616463985,12.6860483116301,12.7725509957741,11.5215662574503,10.6363450507607,16.5622561946594,-37.8615361691085,116.105360391642,0.756740534087772,0.225051449203752,0.613755333402362,-0.402845606999672,-0.578874315644719,0.708956940588019,-0.514838985498981,0.783745093699571,0.347396671130037,10.1961286837281,8.29665556405108,7.07073975242755,0.891576313594662,537.13636515127,427.902532351301,778.552874204055,6.08567739663722,159.396632366698,0,824,0.941278282683415,40,0,2,4.840797,5.09902,4.582576,3391,1283.28063610851,308,427.777111836988,778.301688915585,5.46836736702223,2359,103.340520675167,1.2572706935123,427.858310298877,778.345412373242,4.95549058580869
3100,437.734193548387,393.726129032258,5.77967741935484,18.0906577380077,51.919784916936,12.0444599822293,11.9545254610037,-47.29744236011,-1.55230801765585,-125.21033139403,0.677943585509006,-0.734614626848539,0.0270895715613199,0.408708716271868,0.407297388384268,0.816741098916148,0.611023469361525,0.542632645014597,-0.576368052943489,168.479004113806,9.06681351647018,8.93191743736157,0.509533201840894,1624.66947394354,437.952759733604,394.074546682833,5.46895946455174,330.431612903226,0,1310,0.63283948216429,41,1,43,3.080659,3.605551,2,951,251.424516129032,0,439.164597596149,392.996203567799,5.07136368768411,327,2.72766732046646,0.00241545893719807,436.682362035319,393.623065019025,5.64960511839744
949,438.985247629083,4.5827186512118,5.04004214963119,12.1923998438292,35.3476109155403,7.67757512379662,6.17807696627594,77.8577687925884,-2.90958268730337,65.5503311928902,-0.210068051980863,-0.976368187986948,-0.0507599746261653,-0.414353666136768,0.0418837395230496,0.909151687961137,-0.885540768624452,0.212016305624471,-0.413360173762987,78.0908498397766,3.68407248634629,2.38553968757683,0.70873786407767,683.310385568284,435.637583576977,3.67960525800105,4.97179742430062,134.433087460485,0,1266,0.683455502765154,42,0,28,2.520478,3,2,525,57.27291886196,0,435.593409626141,3.931097291728,4.28635560788931,274,7.08520222779231,0.00119760479041916,439.62479757962,4.99642379595432,4.3050286530687
1298,442.109399075501,232.305084745763,4.23035439137134,13.5339745886422,19.7254959386269,11.1260631703008,8.63612867866874,-42.5165078755811,-4.28023795242154,12.6925547516763,0.735026886138531,-0.673917744386698,0.0746347804595209,-0.64720087706108,-0.730152936892267,-0.21910662582169,-0.202154647200762,-0.112745565537374,0.972842194842922,24.3184493765493,7.73683010434525,4.66141990965779,0.908963585434174,648.852519577041,442.223677040633,231.99928170706,3.98446381908925,248.835130970724,0,948,0.886859026662563,43,0,4,4.974745,5,4.89898,2428,893.573959938367,139,442.154580858535,231.955957577602,3.53173101213165,1412,19.9953435943177,0.49469964664311,440.44686313899,233.514380994589,4.27665648535575
5581,428.406020426447,621.718330048378,15.4982977960939,22.0075214287742,57.0223182058845,19.6307350631209,13.6420359870324,57.1020543370658,23.3160628438404,20.3426219597863,-0.498788708866407,-0.771070574242996,0.395802973010511,0.712537980204822,-0.624798317360536,-0.319243933989475,0.493456635048122,0.12278938129993,0.861059415584642,203.221548348322,24.0853599449027,11.6315716169679,0.481120689655172,2672.73215687615,429.154263141886,622.463088970864,15.6517800176956,271.569790360151,0,1097,0.56929412317861,44,1,66,3.319663,4.24264,2,639,129.774592366959,0,429.630294972055,621.140005412331,15.5543607926304,286,2.76123891064258,0.00098135426889107,426.598442815004,618.937570632727,15.5486421538289
2628,469.742389649924,310.855403348554,6.10540334855403,17.1215171893638,68.2018685032202,9.82226434493146,7.81057915610869,-62.8654212467212,6.32559526474258,-117.603337384552,-0.453305376641053,0.884519628063368,0.110178323997754,-0.456881244697117,-0.124433310982054,-0.880781402711284,0.765358585077823,0.44960135530121,-0.460526717530036,290.718429208158,6.02980480385705,3.81282167211498,0.605251036388761,1583.82037143938,470.265206545371,310.729255063508,6.13220276919556,83.1335616438356,0,525,0.581471509593805,45,0,53,2.724028,3,2,1062,306.84398782344,0,467.315430823452,311.980083979633,5.56272926365289,744,60.2921334888897,0.00319488817891374,466.423445089923,312.399210577553,5.49228089925839
1572,464.985368956743,598.06679389313,10.3702290076336,14.4261786629009,38.6679267797252,10.8479887514961,6.41879214081923,57.1571947583903,-20.1094535267153,96.2700622675032,0.509273899268428,0.788943338682196,0.343814635920173,0.0935894701106705,0.346363159730486,-0.933420362251605,0.855500500647624,-0.507544057132485,-0.102556927904268,93.4505350901369,7.35492874703668,2.57505578419016,0.648782501031779,939.542198882399,463.483920678287,597.087562089562,9.74394249969856,216.305979643766,0,856,0.695882948149999,46,0,20,2.949971,3.162278,2.236068,785,154.626590330789,0,462.47751498521,596.54566323697,8.86196739251171,786,5.37806328040425,0.00190114068441065,467.242863404786,599.706344755618,10.775437866587
1970,468.033502538071,274.92538071066,4.25532994923858,15.55329948587,26.0429748834678,12.4121001094507,9.08229673654846,-53.6763245385652,2.73294288743123,4.64358851450442,-0.591672430265704,0.804767220861398,0.0476807664629899,0.805325507605614,0.587291798638641,0.0808651349566085,-0.0370750868270933,-0.0862442083783727,0.995583936420205,42.3897837988083,9.6287643204391,5.15550712566992,0.912882298424467,922.16670263533,468.10584084386,274.605469735471,3.86965686184896,277.670050761421,0,1027,0.82411060936255,47,1,15,3.363762,5,2,2414,801.529949238579,56,467.883391154227,274.720811848407,3.46819787538299,1217,11.8585610286959,0.247191011235955,467.829234045384,275.677269704938,5.16399271536535
2296,458.409843205575,606.155052264808,6.30792682926829,16.3678293000564,22.694631093707,14.1401642338293,10.6650931233697,61.5878292648152,13.5852242792899,-25.7322139496795,-0.462498624550492,-0.854939195771738,0.234891451147284,-0.840849549736199,0.33892848964721,-0.422018380658819,-0.281188650192952,0.392691291523806,0.875629198099304,32.1903925299658,12.4965152849792,7.10901320813419,0.844738778513613,993.499798443411,458.710489982675,605.869594420506,6.01716671849318,245.11106271777,0,950,0.84715770203161,48,3,17,3.798325,4.89898,3,2156,725.058797909408,45,459.150610157172,606.026267844432,5.3586006181164,1315,11.5664026253614,0.139817629179331,457.700172268228,606.447877104191,6.1157967511068
471,473.093418259023,395.004246284501,3.22505307855626,9.6532620303661,11.778053065549,10.2419345314023,6.17980790330658,-13.8611213150283,-0.595707588066796,3.38754323941066,-0.970826792495927,0.239556348351765,-0.0103968714735744,0.238554242804254,0.969330026440414,0.0590861496555263,-0.0242324619500212,-0.0548821993490973,0.998198743729147,8.67015837593058,6.55607643409571,2.38687660761066,0.85792349726776,329.12812705816,473.054307627392,394.67311176748,3.05248330809899,171.07855626327,0,654,0.88947360337456,49,0,8,2.727868,3.741657,2,1678,490.607218683652,92,473.147687340961,394.73967439284,2.75225899703993,1318,34.9130019401761,0.383587786259542,473.184005622815,394.701026610804,3.14578876891801
1008,480.412698412698,501.214285714286,2.93154761904762,12.4400073399209,49.2054472288655,6.35747190687097,5.80355516557063,25.6670926613268,0.517400822695104,-30.3117925093979,-0.901289191013191,-0.43312382663167,0.00903022517581796,-0.378035332632715,0.77613310936672,-0.504684737064655,-0.211582327816052,0.458280642563797,0.863256492131542,151.323502312042,2.52609056541583,2.10507828498884,0.672,780.013487443227,480.220849048503,500.694800948525,2.6458620940202,150.191468253968,0,798,0.623288384639739,50,0,35,2.430749,3,2,1326,436.854166666667,0,481.406084719166,502.959463970623,2.73436524211478,976,36.4787422352276,0.0043859649122807,481.353801974899,503.542022179364,3.41621276909202
1558,482.14890885751,600.161745827985,3.82477535301669,14.3832250906489,51.3218882691741,10.9585083046918,8.20292119258624,51.1706686225778,-3.68168846855245,-12.6691892989177,0.625708681606735,0.777409344093118,0.0642133746089536,0.751219748325581,-0.622708017885058,0.218868942948318,-0.210136944604258,0.0887098426239773,0.973639064712389,164.621013469599,7.50555651649997,4.20549475573628,0.500803600128576,1083.37400616961,482.370791290165,600.881681685407,3.53555193093654,206.987163029525,0,829,0.599907118818326,51,0,33,2.5796,3,2,1194,356.38189987163,0,481.59162564859,600.064984160088,3.1206408725549,479,11.1290904162,0.00847457627118644,482.652778817168,598.597223674899,3.73397037001294
2356,476.517826825127,227.951612903226,5.82724957555178,16.5091819737278,52.9108298888044,11.9970849006337,6.49624014637994,-1.8523051875629,0.173358278989965,100.487089061061,-0.999472894120766,0.032323045187343,0.00302566813744906,-0.00290969962601809,-0.182015013476205,0.983291446376578,0.0323336908803703,0.982764343888744,0.182013122644986,174.972244970125,8.99562788206327,2.6375710024649,0.719169719169719,1374.54175420292,476.436269105806,230.272107432754,5.79570021575326,116.660016977929,0,711,0.622935448039296,52,1,47,2.8472,3.162278,2,499,61.4881154499151,0,476.479415459804,229.290040451176,5.26788894564632,362,8.81497046830437,0.00186219739292365,476.68142207548,225.288936866482,5.31823302309905
4223,475.52427184466,179.054937248402,8.86502486384087,20.0542990274728,78.5625377014318,12.520198021527,8.83545969857384,-20.9900699408085,-14.8226481183374,-2.52782393250775,0.902573083047723,-0.346285880797746,0.255827908012121,0.368392029684908,0.92869231290783,-0.0426368433463319,-0.222820874745528,0.132727829433151,0.965781642542248,385.754520630556,9.79720990614053,4.87908425532024,0.519242591909505,2471.25387447494,478.014465300301,174.226835047041,7.34299105191728,205.886810324414,0,1233,0.511266670794523,53,1,84,2.754669,4.123106,2,1065,157.404215013024,0,477.69254179968,173.51599023947,6.9165781579557,492,9.26946994359545,0.00209205020920502,472.02764974887,185.141394716563,10.8242554374854
486,480.681069958848,188.026748971193,15.0411522633745,9.7546692625072,18.3475938066746,8.04399807494211,5.73255641355264,-28.7379336854258,-1.96794525268413,102.534591286905,-0.876310873914843,0.480520541875856,-0.0343403711968546,-0.133741354329026,-0.174179651612833,0.975589411128611,0.462809358592544,0.859512337200209,0.216900990776419,21.0396374059202,4.04411906435452,2.05388768966022,0.675,393.370714781197,480.422365379514,188.292834135435,14.8564553412407,271.491769547325,0,1475,0.759928873318918,54,0,9,2.427537,3.162278,2,730,223.539094650206,0,480.421723122239,188.080375552283,14.9226804123711,394,10.0968571916921,0.00221238938053097,480.980447349649,187.834816078315,15.1848367503979
928,507.330818965517,567.689655172414,2.69827586206897,12.1017947984708,42.1775058022891,8.67522711456814,5.52406328385719,-85.2051024023763,1.62893655142691,8.22101812802057,-0.0835553220827844,0.996097607463769,0.0284264763310272,0.986599883016486,0.0786795933107785,0.142934224132318,-0.140139855085908,-0.039988473356791,0.989323881757179,111.183874731383,4.70372284308366,1.90720469775369,0.620735785953177,725.598855104956,509.146292439394,567.53318963537,2.38976094580315,281.461206896552,0,1105,0.634092845677459,56,0,37,2.457446,3,2,635,127.729525862069,0,508.633165447597,567.340614006226,2.28668809529836,202,1.91120605623121,0.00218818380743982,500.804525064913,568.335204491647,2.73172161011566
1342,492.353949329359,165.888226527571,5.71833084947839,13.6852046991715,45.1197779159188,9.82566609342644,5.39059312642697,-25.6157421519381,-13.6801971140336,-92.7231722461696,0.876132984890706,-0.420068608795367,0.236502339716179,-0.192476244008351,0.144973232242422,0.970533697212839,0.44197724859877,0.895837667123855,-0.046162602647061,127.237147448865,6.0339821362194,1.81615589091761,0.673356748620171,948.747846273279,491.734972850507,166.88215812101,5.69898869720405,176.617734724292,0,788,0.62015702171137,57,0,35,2.380476,2.828427,2,1276,316.340536512668,0,493.313922017106,163.545698880406,4.54597447995308,1043,21.5700033758953,0.0036231884057971,495.364932381483,160.23550840694,4.51837634680637
2493,485.853188929001,703.215002005616,5.38788608102687,16.8231720087147,56.6170115100521,11.2470991451104,7.60499043329162,59.6123792737298,1.41264046760644,-82.8909779420429,-0.505693658867555,-0.862360809818265,0.0246527294783428,0.119130915670316,-0.0414999991825463,0.992010874436062,0.854448212774008,-0.504590510966503,-0.123720119341468,200.342874520586,7.90607744874639,3.6147424681536,0.604656803298569,1431.73619476389,487.119223426579,703.940447452707,5.2064604008562,152.541516245487,0,787,0.621015785078814,58,0,36,2.836983,3.162278,2,2099,210.563578018452,0,493.94369398116,707.784066598722,3.82778058235782,1170,12.5133015185852,0.00234192037470726,487.496627265743,703.977024301746,4.72402360955059
691,501.782923299566,394.169319826339,4.24457308248915,10.9688174402794,20.5634539862441,8.54320799437856,7.27044968594759,70.778578777672,-14.4797755778561,-65.3721079969301,0.318762350840035,0.914260049276648,0.250038249041212,-0.318663065861449,0.351815819483644,-0.88015878091219,0.892661421896744,-0.200883527093968,-0.403486547978456,26.4284774902737,4.56165017720086,3.30371491474346,0.767777777777778,478.400005950591,502.012133397351,394.215960468931,3.99724922978434,144.677279305355,0,560,0.790093179985354,59,0,14,2.613904,3.162278,2,675,194.758321273517,0,502.23392382113,394.116750137467,3.77103984306499,447,16.8124283419845,0.00483091787439614,501.856296101677,393.764262734471,4.45634561547282
1376,511.645348837209,614.970930232558,3.94622093023256,13.7998151979967,37.6451934448296,9.67712896556196,6.97866361434552,-87.8195083502397,2.32838160467399,48.8518275115961,-0.038016160554513,0.998450919902491,0.0406267409788761,-0.658696105826631,0.0055345788438422,-0.752388735033861,-0.751448076519945,-0.0553636070256672,0.657465329360859,88.5725368436652,5.85292656350739,3.04385911513687,0.74217907227616,883.146854167473,513.543562705298,614.474906089447,3.54103259496336,215.715843023256,0,1231,0.677428536861757,60,1,29,2.693133,3.605551,2.236068,1579,468.292877906977,0,513.250940839982,614.333927194116,3.19926719234727,726,14.222338684808,0.0263157894736842,508.373336723947,615.833639242886,4.06974742972914
1328,511.924698795181,197.792168674699,3.82379518072289,13.6374493592264,23.2370536462835,11.5431034689594,7.48488663428268,86.645183413105,3.49888463258172,-17.4449924653218,-0.0584100634957993,-0.996425467527401,0.0610291089990413,-0.953440977443732,0.0375630034375694,-0.299231220469874,-0.295869172124366,0.0756657679241369,0.952226929125034,33.7475413850161,8.32770235594386,3.50147049550397,0.852374839537869,727.267409056326,511.481443509088,197.562352156432,3.59991600323635,121.92093373494,0,640,0.803381910228286,61,0,12,3.522815,4.123106,3,2323,973.090361445783,138,511.884046913015,197.757208279423,3.2794220066488,1841,106.023321354648,0.572390572390572,512.691061366194,198.464016992346,3.91028482013198
