Volume,Centroid_1,Centroid_2,Centroid_3,EquivDiameter,PrincipalAxisLength_1,PrincipalAxisLength_2,PrincipalAxisLength_3,Orientation_1,Orientation_2,Orientation_3,EigenVectors_1,EigenVectors_2,EigenVectors_3,EigenVectors_4,EigenVectors_5,EigenVectors_6,EigenVectors_7,EigenVectors_8,EigenVectors_9,EigenValues_1,EigenValues_2,EigenValues_3,Solidity,SurfaceArea,WeightedCentroid_1,WeightedCentroid_2,WeightedCentroid_3,MeanIntensity,MinIntensity,MaxIntensity,sphericity,id,nb_branch_pt,SkeletonSize,MeanWidth,MaxWidth,MinWidth
1234,80.257698541329,740.05510534846,4.31442463533225,13.3077769304024,43.3071058726965,8.40974739133872,6.98029221405465,31.011795866857,7.8349834335729,-10.447552723233,-0.849060402411105,-0.510404899478799,0.136320474051144,0.527859273321531,-0.830116332403505,0.17964259585471,0.0214713908715092,0.224485441098059,0.974240866577179,117.219088691809,4.42024069913303,3.04527996209951,0.631848438300051,844.2205080194,80.6869105792275,740.701196738149,4.24605755962941,312.437601296596,0,1323,0.659029719149668,1,0,35,2.607999,3.464102,2
1347,94.4944320712695,750.769116555308,9.12917594654788,13.7021796665834,40.8826523590238,7.45863594262597,6.79094464475904,7.14521931180688,-26.1029535980166,93.7275598989395,0.891031060945486,0.111697990712709,0.439985462602011,0.42755846219112,0.119119071911562,-0.896105132289561,0.152503802703822,-0.986577014519227,-0.0583813718852371,104.4619539943,3.47695313278951,2.88230807301134,0.75801913337085,850.236059319131,94.2950518158902,749.804310988703,8.58800065353375,318.069784706756,0,1386,0.693728710426788,2,0,31,2.988583,3.605551,2.236068
1104,109.396739130435,289.952898550725,3.2463768115942,12.8230150019988,39.9944275965587,8.37500103483738,5.31311979664272,-23.7614888631673,3.61380935015134,-19.5462487395555,0.913410826490556,-0.402129018391322,-0.0630310607357299,-0.360409524721168,-0.870984601714158,0.333902378049471,0.189170918854092,0.282273052458893,0.940497893307283,99.9721399235236,4.38379014584545,1.7643276233423,0.757201646090535,790.44638102005,108.487567563929,291.905911970006,3.14192295524458,269.135869565217,0,1214,0.653518307029886,3,1,35,2.477442,3.316625,2
1515,113.422442244224,325.433663366337,2.7973597359736,14.2496655145219,78.9739595366867,7.24097499620896,5.56031301095576,-0.961368793667115,1.72079572739641,172.390592433239,0.999408325312807,-0.0167706969200281,-0.0300290362860183,-0.0126546515195538,-0.991121003355864,0.132359421658545,0.0319821683187537,0.131901100949471,0.990746809471496,389.805392806389,3.27698243098275,1.93231754873774,0.584942084942085,1190.37119070637,113.223429181577,327.050084645527,2.53972838413315,263.962376237624,0,1182,0.53589142215764,4,0,69,2.368068,3.316625,2
837,144.035842293907,747.572281959379,2.29510155316607,11.6925421788773,49.5732333104522,6.23592791947923,4.44725702950536,-49.0801494923314,-0.141023221282385,7.36937734832621,0.655000660895817,-0.755624295628742,0.00246131704799612,-0.749178215495934,-0.649830782812603,-0.128265175069028,-0.0985197221492812,-0.0821698093263438,0.991736853597213,153.594091303283,2.43042481355881,1.2361309429053,0.793364928909953,721.288493633267,144.150006144724,747.516581152597,1.96908435937416,622.188769414576,0,1790,0.59546845412071,5,0,34,2.357027,2.828427,2
1669,141.817255841821,771.217495506291,10.973037747154,14.7169982461976,60.9905395690159,10.8594488969734,6.89880337133286,4.80060484890013,29.6062198219398,-80.91203587593,-0.866391282745623,-0.0727621193642144,0.494036252888411,0.499341915045699,-0.116570466641465,0.858527214586402,0.00487822312815945,-0.990513503336839,-0.137328812149865,232.490369807481,7.37047689662352,2.97459299726959,0.468951952795729,1142.60965000392,141.612812268007,768.504807563303,12.5402426589626,267.952067106052,0,2054,0.595511923312531,6,0,51,2.678962,3.162278,2
1199,147.904086738949,653.955796497081,7.27689741451209,13.1807519456469,40.1405826765477,8.41270800799619,6.32357647008767,17.0994067222574,21.441082193452,-116.898546334376,-0.889649192195862,-0.273681744604014,0.365544275698243,0.178562465790687,0.52826633512632,0.830090431810267,0.420285332406449,-0.803761769333868,0.421102431151009,100.704148600798,4.4233535017377,2.4992262108154,0.644623655913979,815.35504121221,147.948049204716,654.150070337395,7.18518060755329,371.140950792327,0,1672,0.669396574837808,7,0,35,2.681807,3.464102,2
1473,157.631364562118,1010.80583842498,6.19551934826884,14.1167494966933,37.6918434726401,12.7276721727601,5.83716926495713,2.85853641721851,-17.0063564463944,-28.2310038385825,0.955082432639179,0.0476894701599204,0.292477796251089,0.0942399169014905,0.886850879174132,-0.45234318406545,-0.280956197522724,0.459588111839216,0.842521443364878,88.792191522875,10.1246024335783,2.12953406423503,0.651481645289695,955.896331226529,157.60192087101,1010.39917633112,6.0354902690447,353.921249151392,0,1651,0.654950524517139,8,0,29,2.74809,3.464102,2
3605,181.426074895978,293.518446601942,12.6108183079057,19.0240165715119,88.5778643150793,11.0192875895989,7.83996673493034,70.1969101598448,-11.284628199945,-82.2503305923398,0.332238923815146,0.922672987372383,0.195683049535404,-0.0611811018137536,0.228113328105765,-0.971710441603551,0.941208887698692,-0.310867926801452,-0.132238276618981,490.377377913788,7.58904368639293,3.84156740030095,0.525433610260895,2084.45484122258,177.296487519055,292.275920674851,11.5357458768028,530.606380027739,0,2609,0.545458624640679,9,0,73,3.054793,3.605551,2
849,159.504122497055,289.54652532391,15.6018845700825,11.7481555824605,33.7070954771224,8.60125139603261,7.10249440100808,15.2759437632625,77.9020416267199,90.7869184627178,-0.202178735118562,-0.0552186137637128,0.977790705498816,0.946773003763762,0.244343668395263,0.20956395458019,0.250488798971133,-0.968115218560869,-0.00287839900635762,71.0105178439902,4.62384534860956,3.15283916977195,0.552015604681404,656.707838395875,159.574074436914,289.583694771248,15.3645770063144,661.266195524146,0,2522,0.660263137532787,10,0,25,2.401351,3.605551,1.414214
419,171.073985680191,649.968973747017,3.08353221957041,9.28407129540316,20.1043557737684,6.10445845008404,5.38598837020059,-13.0592875484699,6.42999530077323,-94.6073382142416,-0.968008893817504,0.22453776309092,0.111989171067286,-0.12689077652354,-0.0530258720582535,-0.990498353217063,0.216465961119676,0.973021608104664,-0.0798212868722841,25.2615700673909,2.32902581055015,1.813054420246,0.849898580121704,342.033410139448,170.890105946418,650.569021204887,2.94953892243599,152.957040572792,0,764,0.791695681629172,13,0,15,2.350532,3,2
2366,223.328402366864,24.136517328825,6.44843617920541,16.5325066472619,47.7655730831607,12.7129798559091,8.31082848693027,86.3391322214912,-12.8313949875747,71.2924170084498,0.0622562382547858,0.973038228263725,0.222082793425683,0.333514850674774,0.189441074185491,-0.923514982981235,0.940686985759741,-0.131562478499148,0.312728810750489,142.596873247673,10.1012410510468,4.31686688369822,0.592833876221498,1438.99009560603,221.967202121064,23.8660585731074,6.42557209826003,325.838546069315,0,1663,0.596718469075062,14,6,59,2.716066,3.605551,1.414214
894,222.456375838926,319.276286353468,2.4586129753915,11.9521572629837,45.080828622501,9.82241300959205,4.76284830273778,5.96362339659642,0.631638829098695,5.74516460840935,-0.994527622390499,-0.103890715376957,0.0110239539532965,-0.102277580249395,0.989706868256895,0.100098009487987,0.0213097367564418,-0.0984227320469855,0.994916509530211,127.017569330707,6.02998733318773,1.41779524718076,0.57088122605364,776.861626806386,222.189374536691,317.712198343856,2.19869166693016,318.385906040268,0,1186,0.577695255012559,15,1,44,2.17076,3.162278,2
537,221.147113594041,481.28677839851,4.16945996275605,10.0845971582465,21.5225971959861,6.66907176844924,5.7545199420761,-57.0262768427935,-17.064552341294,124.296268035136,0.520293414094086,-0.801986585014729,0.293448940544573,-0.604651010983863,-0.103294086910095,0.789764196786358,0.603068750779306,0.588343308847668,0.538665232558836,28.9513868787919,2.77978239079541,2.06965623523447,0.844339622641509,401.843895065159,222.534496244847,480.418248222404,3.47761316920833,316.635009310987,0,1317,0.795077762460856,16,0,14,2.510548,3.162278,2
1049,241.371782650143,480.867492850334,3.00571973307912,12.6064349922511,49.8508412948133,6.83308608080251,5.8748720338441,36.4582926233306,0.971151074563183,31.2176843809345,0.804174106078382,0.594152118109872,-0.0169489721985634,0.501129181235716,-0.693052059558019,-0.51821654398177,0.319645977335952,-0.408242701450915,0.855081484938718,155.319148612541,2.91819158672851,2.1571325883777,0.652769135034225,776.420298193317,240.235851924391,479.418449266048,2.79735797859861,467.259294566254,0,1977,0.643039378633862,17,0,27,2.77698,3.464102,2
513,243.450292397661,163.407407407407,2.16374269005848,9.93206563620856,34.7377794609595,5.80485800724156,4.09894758814502,21.9602795811924,1.41983647035195,-5.44694400981721,-0.927158576699778,-0.373848913656113,0.024778285053367,-0.374456503501663,0.922375898696029,-0.0948948285735447,-0.0126214356295571,0.0972609441802684,0.995178882462752,75.4195826173914,2.10602353026477,1.05008570814749,0.815580286168522,478.583415969325,242.698518316162,161.524781454886,1.95344533770424,599.391812865497,0,1805,0.647547139638107,18,0,27,2.318181,2.828427,2
1270,256.341732283465,184.454330708661,14.3826771653543,13.4359496042613,38.0912315322116,7.78082246830413,7.05084864050818,-56.4456188793225,53.2695681822204,-66.807495663805,-0.330559606640851,0.498392658768262,0.80145811128427,-0.0789933685282404,0.831605295820884,-0.549720546906536,0.940473494674893,0.245025283692444,0.235525404501149,90.6838699775345,3.78382489270415,3.10715415945976,0.726129216695254,786.694517872454,255.428624891237,185.033909141091,12.9500983935806,504.962204724409,0,2519,0.720909056369294,19,0,24,3.197552,3.605551,2.828427
2357,291.292320746712,708.789563003818,8.33092914722104,16.5115174076214,57.4337252969703,9.21262727118012,6.72470460447528,-87.0779505040657,13.8192119520528,-106.015173890027,-0.0495017037929795,0.969791690350626,0.238859076964786,-0.287237014417397,0.215225909301158,-0.933366329751653,0.956579572680795,0.114812391719567,-0.267906020532314,206.164550092991,5.30453132735572,2.82635325109069,0.799796403121819,1314.42797954473,291.406053914833,708.861223530789,8.40671976091329,521.855748833263,0,2505,0.651608965350502,20,0,42,3.100234,3.605551,2.828427
3302,278.107813446396,324.558449424591,18.786190187765,18.4753560003968,91.6286645418887,14.1618552334367,9.12566958729526,-70.8717512998951,-3.02358995319318,27.6868669624343,0.327227582205283,-0.943472231621845,0.0527471098978911,-0.82857845156933,-0.313319210116687,-0.463992265201508,-0.454290500714087,-0.10812594845989,0.884267448360842,524.738260358123,12.5348839783013,5.20486533853038,0.332527693856999,2151.80532556477,275.891220803373,325.587944652546,18.8561473396134,286.609630526953,0,1571,0.498347777479729,21,4,86,2.722304,3.316625,2
3662,286.501911523757,336.986619333697,6.87629710540688,19.1237579957356,58.9967823782661,21.3032169138375,11.7158509945014,-0.143145053602279,10.3068639345933,-171.749562991263,-0.983860540158252,0.00245803554772932,0.178920081546923,0.0281474747459546,0.989583058468405,0.141184595681479,0.176709244763644,-0.143942101046091,0.973680909929685,217.53877068678,28.3641906798757,8.57882278283493,0.397697654213727,2279.19133543523,287.266000137607,334.86269346484,7.81313894441312,305.606499180776,0,1676,0.504098686597801,22,4,90,2.658095,3.162278,1.414214
912,281.473684210526,391.871710526316,5.67434210526316,12.03184066461,31.6407530665403,7.58547449710861,5.68634485310885,-41.1841849240134,-13.9259467138356,-111.184404066143,0.730476067043707,-0.639127386292421,0.240667612211067,0.0690704851756808,0.419732276157633,0.905016068602723,0.679436519149474,0.644469549662783,-0.350749220959213,62.571078413611,3.59621395914281,2.02090736177984,0.823848238482385,610.934183932143,281.150706335616,392.251334189498,5.90648544520548,153.684210526316,0,1045,0.74442267050223,27,0,14,2.786548,3,2.44949
585,296.408547008547,306.218803418803,3.26666666666667,10.3765364169848,25.3787260266583,6.77876839124822,5.38113466082023,-85.4473121264331,-7.19120904201435,-135.921032442586,0.078751428090717,-0.989003502073696,0.125181010778939,0.709202835548767,0.143829423565933,0.690177104058285,0.700592285586461,-0.034426295221179,-0.712730860545608,40.2549834210116,2.87198130638662,1.80978813986755,0.846599131693198,447.48871773177,297.137100047713,306.153137306567,3.04777707355633,240.039316239316,0,870,0.755914387924356,28,0,20,2.548528,3,2
1130,317.681415929204,165.261061946903,3.29203539823009,12.9228987118867,45.6174859430505,6.48742160280486,6.08099589225451,-47.2119613371307,-3.69793551867238,125.569661825972,0.677873795879902,-0.732343729082123,0.0644963513189966,-0.462524298130633,-0.356636392132866,0.811715317981137,0.571452876883246,0.58007167339954,0.580481234168098,130.059688985276,2.6304149407837,2.31115694010101,0.812365204888569,798.223709226123,318.604127021054,164.419797603815,3.15766430150052,190.199115044248,0,1024,0.657271997916254,29,0,29,2.675518,3.605551,2
3185,318.556043956044,297.334379905808,10.1205651491366,18.2545138518614,87.516732265721,13.2567843773913,9.59334438261429,-2.16649506028671,17.6104335925347,89.9448304841555,-0.952454282899135,0.0360318251334272,0.302543462273851,-0.302363462693241,0.0104749837284285,-0.953135148414978,0.037512336840673,0.999295743157872,-0.000917764299059927,478.698651654369,10.9838957517903,5.75201602771486,0.378176205176918,1987.9659732891,318.63137791071,297.77815011917,9.76231391722785,381.892307692308,0,1667,0.526600744792496,30,0,78,2.84481,3.464102,2
1043,322.957813998082,309.548418024928,13.5071907957814,12.5823538734575,38.2653190920265,7.12871197834543,6.63222687712926,4.68833699568663,12.1113583138968,-50.658159950364,-0.974470183547569,-0.079916334297662,0.209812394508028,0.213537213641007,-0.618561878413708,0.756163382453647,-0.0693521432055472,-0.781661424202148,-0.61983521854366,91.5146653259128,3.17615840438787,2.74915208435725,0.692103516921035,752.317289953773,322.818500705484,308.838367821213,13.5637840128254,219.48322147651,0,1178,0.661108316460076,32,0,36,2.448184,3,1
2054,333.368062317429,640.403602726388,3.91139240506329,15.7712919888416,78.2204561592227,11.085974492467,8.94152370265342,28.7647350849736,-1.73873173226569,-36.8121294927409,0.876199420281859,0.480992663997067,0.03034193597547,0.369325055954964,-0.710561165223832,0.598917217584878,-0.309634589381738,0.513564881642772,0.800235923588568,382.402485109805,7.6811769029769,4.99692788281959,0.339560257893867,1472.55663165258,332.950479757588,639.103021230008,3.66939133305631,513.181110029211,0,1814,0.530655184240168,34,3,63,2.56364,3.316625,1.732051
4254,322.757169722614,374.413493182887,12.3178185237424,20.1032506602503,120.285198807818,14.2484046535885,9.48595382179402,-1.56470717210738,-4.69509377903402,-44.8494727070797,0.996272775216869,-0.0272142698935249,0.0818531665596441,-0.0770639904151942,-0.707121414343503,0.702880108381317,-0.0387517579338705,0.706568247864994,0.70658305411751,904.28306576477,12.688564698275,5.62395749432539,0.350440728231321,2824.79840502018,322.923047760697,370.432068936825,11.4290552909117,452.02632816173,0,2041,0.449464079058355,35,1,119,2.55778,3.316625,1
6136,320.987288135593,393.628911342894,7.6271186440678,22.7141022360757,99.5592959207099,29.8161031039423,11.4538817782819,-11.0643127697028,-7.97180635729241,-14.5615227016265,-0.971928442479639,0.190056179292048,-0.138685801046871,0.219966396347557,0.943196084016065,-0.248989822231009,-0.0834858501602078,0.272506505995121,0.958525073753085,619.503337764217,55.5625002690575,8.19946298692866,0.270522881580108,4146.82397724657,320.882224128444,391.655061269901,7.43268303718299,456.73370273794,0,2040,0.390863776757558,36,8,178,2.517089,3.464102,1
1220,325.220491803279,866.924590163934,3.9155737704918,13.2572588527692,37.764416603161,7.92311291239031,6.77060137667703,30.4918038802252,-3.82478851388609,30.9631300073194,-0.859782488104375,-0.506284937744121,-0.0667055841926393,-0.464680556476387,0.721493969551551,0.513340464344612,0.211768868301848,-0.472357929661584,0.855588646899886,89.1344475860691,3.92348238890537,2.8650651876163,0.767295597484277,826.050596607503,324.264317670825,865.545774889008,3.83729556374759,287.275409836066,0,1587,0.668421938738483,40,0,29,2.794065,3.464102,1.414214
2517,326.382995629718,260.969805323798,5.20738974970203,16.8769850005781,65.6503548104595,10.0035508807612,8.39056702825392,-0.631169975193172,5.74297341477545,-175.207189478168,-0.994920426628632,0.0109604810188394,0.100066040857701,0.0193375439951261,0.996350787374497,0.0831334342515518,-0.0987896961698735,0.0846461833401611,-0.991501699230318,269.373067921202,6.25443938899866,4.40010094097641,0.523720349563046,1558.28677312409,326.57005323511,263.581238114529,4.8954127736731,404.05164878824,0,1610,0.574238381818294,41,1,65,2.773705,3.741657,2
843,337.301304863582,934.849347568209,4.40094899169632,11.7204148521105,30.7687060247672,6.93839725757856,5.97688197884537,-62.3314833005503,11.5430059895183,-16.8329165398605,-0.454963773424612,0.867736476030132,0.200103405863183,0.820794098097426,0.49577942887803,-0.283724878059376,-0.345405578124719,0.0351591534053628,-0.937794657978039,59.169579402409,3.00883478149836,2.23269488681541,0.798295454545455,593.336804542503,337.298147844017,934.691359646722,4.55559935037682,325.035587188612,0,1580,0.727335110264317,42,0,23,2.707103,3.162278,2
1969,326.977653631285,467.649568308786,4.47232097511427,15.5506673484893,53.5716925842877,8.77329597655916,6.58958791055028,-8.19128286025565,-2.4504998912701,85.6492305096136,0.98889278214405,-0.142348053031413,0.0427562535960224,-0.0313893627025144,0.0811626299349862,0.996206472279299,0.145278261734271,0.986483481514111,-0.0757929242559367,179.370390396589,4.81067014326932,2.71391680192938,0.77336999214454,1157.98074211838,326.955101082599,468.287547333466,4.73533222582431,283.397155916709,0,1270,0.656064590446587,43,0,43,3.010673,3.162278,2.828427
755,335.201324503311,723.405298013245,2.83046357615894,11.2975110930877,34.7271271919482,6.75999677436455,5.44147489206329,26.2012206748987,-2.69299223928741,27.6814955851252,-0.896258067552496,-0.441037361231368,-0.0469842776377049,-0.410573759044381,0.784916081373107,0.464043029886295,0.167781598309327,-0.435192820712794,0.884565737562116,75.3733351878593,2.85609727433871,1.85060306255971,0.761088709677419,598.801975024149,334.889597466972,723.203356367226,2.53093035222953,504.487417218543,0,2100,0.669625835830002,44,0,30,2.444438,3,2
2609,365.08662322729,755.601763127635,8.34342660022997,17.0801554482589,80.1234670885161,12.2828108901797,7.4825485945389,69.2291268307916,-8.47960720333732,17.8807747994062,0.350755000912495,0.924784973668262,0.147457389819125,0.905898850203528,-0.295169761519527,-0.303680893512305,-0.237314564523128,0.240099071972175,-0.9412939143027,401.235623642783,9.42921521024484,3.49928334185209,0.46193342776204,1644.26691517525,364.91147231493,755.321362281022,8.34698477108348,301.694518972787,0,1448,0.55739259175383,45,0,68,2.828617,3.605551,2
2900,376.11,197.874137931034,13.818275862069,17.6929313274704,76.4413784314653,10.2177089684949,9.41228250544791,-70.5772493195035,24.2277133252629,-113.980337634868,-0.303246473124921,0.860024898506211,0.410364168132011,-0.507975957437726,0.218455630076412,-0.833209196032511,0.806227017162363,0.461122881277104,-0.370626071884022,365.205271031405,6.52509853530385,5.53694137264754,0.449055435119232,1809.2650059553,377.046278428764,197.547444456305,14.3154268728291,251.960689655172,0,1313,0.543559728555131,46,4,66,2.817774,3.162278,2
750,370.902666666667,207.264,18.3373333333333,11.2725165178683,24.9422534990283,7.92668592031786,5.64519475500679,-60.1646392083982,10.8492389569094,108.29302332306,-0.488616863385765,0.851953495007943,0.188225405189647,0.183363665906627,0.311182976497008,-0.932492853143521,0.853013087144821,0.421118032720297,0.308266565941635,38.8822506006117,3.92702185496034,1.99176398887226,0.796178343949045,523.317618251681,371.040274506192,207.177020963009,18.2419497045703,202.642666666667,0,986,0.762827388042287,48,0,9,2.693488,3,2.236068
787,373.191867852605,546.114358322745,8.21728081321474,11.4549193726613,32.9858526828605,8.84897668736142,6.58281422426471,25.2266215097853,1.88737881142017,-93.40014345966,-0.904138358016711,-0.425968442718375,0.0329350173968102,0.00446410757801863,0.0676647175423341,0.997698129567981,0.427216457204516,-0.902204174124681,0.0592766976612546,68.0041548259611,4.89402427584162,2.70834019444885,0.288489736070381,18.8312233774463,372.759295476464,545.318157541852,8.30359523708892,330.700127064803,0,1398,21.8904863725968,51,0,22,2.308622,3.162278,1
5599,350.433113055903,500.060189319521,10.1734238256832,22.031155799643,90.2919469392435,18.4733771534922,13.9233910793821,21.4260361942784,2.07341079654376,-3.7160166331038,-0.930280451764378,-0.365060669585471,0.036179947303336,-0.366714620290903,0.928076174387905,-0.064768833542139,0.00993319334167284,0.0735208953653206,0.997244207611515,509.539730129947,21.3291039659479,12.1163011968386,0.322188974565543,3084.88143745091,349.940627862818,501.177872141235,9.76646877129214,506.70137524558,0,2240,0.49429470575272,52,6,101,2.654176,3.464102,2
656,336.207317073171,478.615853658537,3.21493902439024,10.7804048895996,31.5588072620863,7.35095863368414,5.98351871217225,-6.46569544145058,6.21279081596445,38.347522353864,-0.987803641251866,0.111946946861601,0.108221289115959,0.155031061464476,0.771712769449005,0.616785839210454,0.0144684591699374,-0.626040959169376,0.779655937661951,62.2473947378443,3.37728705213345,2.2376560111822,0.567965367965368,561.171634226601,336.279923839438,477.986004863468,3.20686627150987,361.079268292683,0,1148,0.650615352332701,53,2,35,2.030928,3,1
684,349.418128654971,510.519005847953,3.20175438596491,10.931652720669,34.6907775983855,7.89094084098253,5.91741284181483,-2.24840484561864,-3.76867829160703,-49.0868725599381,-0.997069342629336,0.0391471592398101,-0.0657284254501569,0.0753265394043321,0.652461075860741,-0.754069265351673,0.0133655695752736,-0.756810441530835,-0.653497756032744,75.2156281487902,3.89168420974288,2.18848592127969,0.530643910007758,620.453376021138,349.391363828994,511.506025467091,3.32571084015234,514.021929824561,0,1728,0.605079408445698,54,0,35,2.134666,3,1
885,358.012429378531,509.76384180791,21.7796610169492,11.9119140045705,19.3038457361485,13.9365458115356,8.02597730976309,80.9851764968262,-9.42821491554309,64.8695018748607,-0.154573364445044,-0.974306306036758,-0.163811773145727,-0.442673693838434,-0.0799305989928631,0.893113150797859,-0.883259347976332,0.210566667261581,-0.418944629814937,23.2899037628136,12.1392068223144,4.02601948605199,0.597569209993248,619.520132610732,358.537896577971,509.957315065239,21.1709340804681,418.623728813559,0,1726,0.719544316851728,59,1,14,2.651331,3.316625,2
801,374.619225967541,304.001248439451,7.00873907615481,11.5224446675878,122.465053460552,11.469478115482,8.10611487970047,-25.7620575122334,-3.69332504870679,90.3652994311466,0.898736349614977,-0.433732113503482,0.0644160507680368,-0.0607834264629082,0.0222549480355955,0.997902847152648,0.434256086829161,0.900766990405253,0.00636239326735852,937.355582443496,8.22180801509481,4.10681865268142,0.12014399280036,5.6419374861547,371.904003876202,309.458431623584,7.72800096197715,705.995006242197,0,1903,73.9283248252593,60,0,27,2.165362,3.162278,1
3861,377.960113960114,293.59077959078,8.003108003108,19.4640730757738,82.6860575222372,13.0656513448279,8.37356677257081,-18.6172752570004,2.47133723952857,-87.2937123085782,-0.946790784227345,0.318948132343682,0.043119598521396,-0.0257441731019029,0.0584957221104646,-0.997955654348466,0.320818404168882,0.945965295013117,0.0471721546813273,427.31150678567,10.6694528165377,4.38228878091885,0.426111908177905,2199.02856033135,376.938337740874,296.127442486223,7.79388384436143,560.2072002072,0,2129,0.54123572576624,61,2,73,2.669545,3.316625,1
444,379.716216216216,278.988738738739,2.75,9.46516340462475,61.8878690113156,7.91556742863814,5.459832007918,-47.2442406152479,4.91922078833837,39.0796938380869,-0.676373980086708,0.73154970979798,0.0857511583371108,0.606677797219921,0.48729784905381,0.62807870260654,0.417684437610559,0.476839415738696,-0.773410552149329,239.38177067261,3.91601298233233,1.86311034716788,0.28719275549806,568.218119268112,378.328298836002,280.285262152156,2.49133662229327,490.310810810811,0,1954,0.495325887353435,62,0,35,1.60404,2.828427,1
414,364.628019323671,329.722222222222,6.00966183574879,9.24699393833908,20.8040893688251,9.9868833932968,6.47717075184412,-65.5020539022349,-31.2359933530092,107.402485580279,0.354550865467319,-0.778064780945462,0.518564249103875,-0.477343420229332,0.326264239359465,0.815901284028254,0.804013024123452,0.536811738664013,0.255726835260558,27.0506334041287,6.23361499445672,2.62210880928406,0.428571428571429,441.360635706939,363.834793104672,329.97726915411,6.85401441344579,476.272946859903,0,1652,0.608635699213318,63,0,20,1.888038,2.828427,1
537,374.283054003724,480.506517690875,4.48230912476723,10.0845971582465,21.5180814095806,7.17024053782132,6.25143315463037,-53.535837376803,22.6982704213897,127.70322705447,-0.548289644110737,0.741941025847738,0.385878193637483,-0.310396055375427,-0.609002300571548,0.729911286873916,-0.776551836626697,-0.28042773055204,-0.56420522238733,28.9392392218337,3.21327183563851,2.44252603042574,0.726657645466847,409.988790978414,374.327748712109,480.60992089568,4.57148733177165,371.24208566108,0,1111,0.779282634006897,66,0,13,2.583272,3.162278,2
3791,377.036929570034,385.036402004748,6.13716697441308,19.3457269628904,57.8596620366879,21.4907567785355,10.950647818938,-17.0048887403634,-3.21245836601246,27.9089170024441,-0.954777110548544,0.291993739691042,-0.0560386041387039,0.233355806871695,0.852728578064987,0.467331830234711,-0.184243688010836,-0.433120800854109,0.882304162574144,209.233780687484,28.8657891821355,7.49479297840069,0.391753642657849,2317.99299961957,377.355130177102,385.70728240973,6.32212030709637,397.010023740438,0,1315,0.507233420721486,67,12,89,2.607436,3.605551,2
621,376.719806763285,521.895330112721,2.29307568438003,10.5851656620211,40.1604729368089,7.13894675275498,4.30712429199533,-3.41518518276814,-0.66128610914197,-0.614376774843626,-0.998157589339195,0.0595669687777698,-0.0115413636626817,0.0596910464197418,0.998159315022904,-0.0107219779110118,-0.0108814439245114,0.0113911396987399,0.999875910358121,100.80397415676,3.18528504616692,1.15945747916852,0.598842815814851,561.59611007218,376.683850040822,522.387832917761,2.10412851122046,364.887278582931,0,1143,0.62678861639983,68,0,31,2.299971,2.828427,2
865,380.131791907514,250.143352601156,3.57919075144509,11.8214975090979,33.4399610186383,7.09809575251516,5.76067341006588,-7.83114139011764,4.26902944748099,-61.6251473666082,-0.987925321763687,0.135876008853451,0.0744396993288729,-0.000132375148273232,0.479730114955584,-0.87741609244504,0.154930762261522,0.866831429415638,0.473919541570407,69.889437058003,3.1489352069921,2.07408488359001,0.800185013876041,625.661651425896,380.171490607371,249.95645206108,3.61132543667487,178.900578034682,0,915,0.701706219940143,69,0,23,2.415589,3,2
1347,368.314031180401,482.187824795843,18.5330363771344,13.7021796665834,133.662315234702,15.3904207352376,9.14012126605548,46.8623540194921,11.6653650371403,65.1235608423855,-0.669630597898957,-0.714641108076845,0.202195323892971,-0.181538844685406,0.421484574968888,0.888478700326341,0.720165613055618,-0.558246217819695,0.411974089066573,1116.60090711881,14.8040656504768,5.22136354738749,0.124895688456189,199.134036050001,373.486562551219,488.083818398932,16.1461588892271,317.067557535264,0,1620,2.96199071082812,70,0,52,1.990696,2.828427,1
3800,389.751315789474,500.815789473684,7.11236842105263,19.3610240649122,78.2696204488303,15.4160308266696,11.9895630874782,40.2059154362855,9.31857121227301,42.9552342917837,-0.753650665327136,-0.637017579187337,0.161923680968133,-0.388190137394748,0.630191034262738,0.672434143663383,-0.530395222340296,0.443923263798109,-0.72222783384291,382.883342825247,14.8533754030518,8.9843514392887,0.304975922953451,2372.6363505718,386.09845104902,497.239293784385,8.12061969122578,569.842368421053,0,1951,0.496335504026392,71,4,87,2.491893,4,1
3785,370.281373844122,471.863143989432,22.1281373844122,19.335515439767,74.5138719812387,25.358620696621,11.3009479216255,-45.0772553591927,-0.301790715302705,-13.8410778478343,-0.706142908249402,0.708049750759943,-0.00526721727843485,0.688389462911255,0.684755950819779,-0.239226326247038,0.165777382298763,0.172553870619242,0.970949546193049,347.019819852277,40.1912277271935,7.98196399545576,0.289505889551782,2356.22485911494,373.125104367177,470.868274357873,21.4025062096287,453.763276089828,0,1691,0.498476451580068,72,7,95,2.758327,4,2
501,381.357285429142,488.986027944112,24.6427145708583,9.85401081345117,20.7320563203188,7.58738640053151,5.98854891470914,57.8986404281644,-2.82721917897005,37.8991160612483,-0.530771847397788,-0.846078225253209,-0.0493242613966063,0.684549726384894,-0.393672864421702,-0.613525344158152,-0.499672811063706,0.359406889987369,-0.788133091116787,26.8636349543044,3.59802702443565,2.2414198814915,0.696801112656467,387.80493066064,380.611727277714,488.336695738029,24.7326257473534,363.892215568862,0,1704,0.786615709062048,79,0,10,2.862741,3,2.828427
1463,392.936431989064,321.237183868763,3.29118250170882,14.0847313566046,58.9481038287385,7.76239588049477,6.36437517452537,-34.2984091722112,1.38103589835566,24.1357461475148,-0.825873972433418,0.563339426541579,0.0241012896097316,0.522382610607906,0.748341106546159,0.408781110605345,-0.212246530693709,-0.350191774256729,0.912314162693646,217.179934062734,3.76592436284515,2.53157946013218,0.60932944606414,1053.07105478944,391.774711441932,323.138658718641,3.13306701205208,262.814764183185,0,1091,0.591819584667568,86,0,40,2.598187,3,2
2064,395.216085271318,369.271802325581,6.35222868217054,15.7968450017508,28.9178031056777,14.1919210577823,10.0016393238454,-15.6393693347181,-7.53138045083252,75.1352072588554,0.954670166833613,-0.267255950010705,0.131069179221344,0.0528345325801702,-0.281192575403121,-0.958195829517742,-0.292939216775282,-0.921685951244802,0.254325819674386,52.2649585286713,12.5881639568953,6.25204932276812,0.588201766885152,1211.38127966887,395.404910371589,368.272297439791,6.01059597621157,574.345930232558,0,1686,0.647157112414133,87,7,53,2.580915,3.741657,1
2409,401.366542133665,479.608136156081,6.28684101286841,16.632060620016,33.7081882073552,28.3977201841423,10.2209200631807,34.5027824294801,14.8066063808857,1.04870633437985,-0.796733601766455,-0.547636802983605,0.255557233969511,-0.562496820535742,0.826610082062108,0.0176946071009157,0.220936404205899,0.129652243525404,0.966631988424445,71.015122013905,50.4019069785526,6.52920043362057,0.380448515476943,1535.87330058915,401.3523455009,478.4970622732,6.57814353287115,376.926110419261,0,1457,0.565830821615685,88,6,58,2.484068,3.605551,1
4159,420.693676364511,340.419091127675,8.93796585717721,19.9524745726665,83.0360322565533,17.8723700677949,13.4649310887175,-59.1659198877824,-5.35400348403222,-13.3111958316237,-0.510317519535799,0.85490902993489,-0.0933090552444661,0.846597892591403,0.480336484070971,-0.229235403745002,0.151155673114261,0.195978092158596,0.968888306193883,430.936415806959,19.9638507400133,11.3315230764944,0.30700524101277,2627.56699221871,423.340354723305,339.793926282887,8.38836342293606,498.151478720846,0,1633,0.475980989110516,89,4,99,2.510786,4,1
3001,420.583472175941,345.967010996335,11.4655114961679,17.8959925806512,56.5834076957757,22.3327210910145,13.662205949984,-49.0706128901544,10.0771105549927,-31.5861637962395,0.645021844935662,-0.743862303421324,-0.174973406849491,-0.583549278468687,-0.627314766115085,0.515699935827659,0.493373143933139,0.230532118722531,0.838712038236504,200.105126654148,31.1719019580652,11.6659919637361,0.257221222250793,2534.8952715944,419.924283683421,346.37859395734,10.7600420439962,457.780406531156,0,1767,0.396918584112204,90,20,124,1.995496,3,1
682,403.794721407625,334.014662756598,3.87096774193548,10.9209876868537,26.8278129778874,9.20712955208804,6.73299465000153,-15.8668843028505,-13.5102512942644,-71.0820233530906,0.935281940404899,-0.265837728836705,0.233619335414238,-0.301221108907125,-0.251439358047038,0.919806551821444,0.185778188981402,0.930649531860322,0.31524262615794,44.9832218235313,5.2982021618083,2.83332605980933,0.465529010238908,568.666796869835,403.793269574657,334.453243403586,3.41505131128848,348.485337243402,0,1200,0.658894429714237,91,0,30,2.159285,3,1
597,411.678391959799,89.8542713567839,4.63316582914573,10.4470074146047,21.6972922593263,6.76493748211133,5.98648214694755,-62.9800215496925,17.9320462141468,-116.861803987271,-0.432232272920726,0.847572854842615,0.307888807818216,-0.527302584718627,0.0394153657900732,-0.848762872119587,0.73152392058964,0.529213269555455,-0.429890763952411,29.4232807116637,2.86027369605468,2.23987303098261,0.867732558139535,422.556561757893,410.875013688629,90.3309302184097,4.25214455192553,275.326633165829,0,1271,0.811425830048068,95,0,14,2.807516,3.162278,2
6459,387.369252206224,595.37033596532,7.46555194302524,23.1058644238528,152.694045537697,22.229507524906,10.8801203780304,26.2889360268376,1.25589147877935,-29.8898792899069,-0.896356596221192,-0.442791674994583,0.0219176861518325,-0.393778553342621,0.772476777217594,-0.49821489297984,-0.203674503407156,0.455208920403601,0.866776519898201,1457.21697141677,30.8844377999909,7.39856371502703,0.272796384677113,3653.19474200701,385.857957839285,592.665403552572,7.71731526913964,456.418176188264,0,1910,0.459115008676449,96,1,130,3.035099,4.123106,2
2438,364.92165709598,547.901558654635,18.7251845775226,16.6985345566456,72.3712068616278,15.9065703813397,12.086100620777,33.4395605373895,10.4467761298654,47.0808663354875,-0.820635250015986,-0.541922589733972,0.181322070270627,-0.264446059062689,0.6414156904713,0.720176501882309,0.506582735865933,-0.543052316773671,0.669677618686286,327.349473913033,15.813686331032,9.12961426347159,0.299655850540806,1819.07868997237,366.216451144087,550.912459756926,17.3721458307052,237.354799015587,0,1073,0.481565211524002,99,3,78,2.296936,3.162278,1
1490,431.789261744966,927.058389261745,3.63154362416107,14.1708493809729,47.4395109760695,7.70040719492203,6.4817906088665,57.9950026993444,0.115974209983985,-81.1707633823117,-0.529992142701551,-0.848000136539271,0.00202413042943846,0.131219942758382,-0.0796525789919696,0.98814816362852,-0.837788550469094,0.523976368827169,0.153489770387442,140.656700103039,3.70601693547544,2.62585059357438,0.788359788359788,958.926750750187,431.618499578351,926.882030185742,3.5524358336757,372.459060402685,0,1751,0.657894419617649,103,0,32,2.925708,3.316625,2.236068
465,430.090322580645,510.817204301075,2.38709677419355,9.61209623372181,27.980594742824,6.38705118393169,4.63079768460564,-89.5233610354207,-2.5269274204731,4.07231031935109,0.00831073419519133,-0.998993042990914,0.0440889073678399,-0.99741465864641,-0.0114287030301103,-0.0709463421489375,-0.0713787812616707,0.0433853063006663,0.996505285878001,48.9321051351345,2.5496514266352,1.34026794973431,0.769867549668874,413.586765147744,429.745411489514,510.832242898665,2.17631460101671,371.427956989247,0,997,0.701809851565653,104,0,22,2.172084,2.828427,2
1114,431.472172351885,587.883303411131,3.98294434470377,12.8616155208139,37.1187438588246,7.91313287991037,5.81767572369532,58.0339695850282,1.75502676972163,87.3947162327723,-0.529168034306252,-0.847964166096303,0.0306262058547683,-0.022365139655471,0.0500199384372383,0.998497774803192,0.848222253891425,-0.527688145380713,0.045433789496532,86.1125716035643,3.91360449844492,2.11533442662961,0.801438848920863,749.087910526149,431.113016718346,587.655148351231,3.95778953453743,307.448833034111,0,1167,0.693758201461129,105,0,20,2.621101,2.828427,2.236068
3280,430.908841463415,452.230182926829,6.01646341463415,18.4342330566513,77.7014980608911,12.6110160604098,9.10940506530614,69.8813971547556,3.73850370908677,45.5942631152204,0.343232634802263,0.936984492408388,-0.0652029093897737,0.641016629899394,-0.284422885222765,-0.71288239040811,0.68650494433698,-0.202888351927243,0.698245857884691,377.345175056667,9.93985787974462,5.1863287902391,0.369036903690369,2126.18946875164,432.838451700606,453.172074947506,5.59771428429935,492.507317073171,0,1806,0.502109059742036,106,5,84,2.52726,3.162278,1.732051
382,402.918848167539,443.410994764398,8.21465968586388,9.00232968140077,39.0017947521164,11.5425707290501,6.1898413565021,-85.6083708182313,25.5710931425596,-12.4588133790628,-0.0690730301886592,0.899401942450964,0.431630701428883,0.966453993296829,0.167615796136687,-0.194606330128485,-0.247377434987852,0.403709166109586,-0.880808329807305,95.0712496178882,8.3269336896952,2.39463350116649,0.260217983651226,506.365424882171,402.948432540545,443.286134179747,8.04237575546763,301.034031413613,0,1124,0.502800447779933,107,5,37,1.426822,2.828427,1
540,459.116666666667,469.477777777778,3.5,10.1033418057638,21.6558784099056,7.8078101045658,6.43818044705896,61.9150479072237,14.0854075815983,41.1685509035784,-0.456625723717169,-0.855724820982764,0.243367991309023,-0.588716750457198,0.495731721796028,0.638484649569794,-0.667012395815018,0.148273702183366,-0.73014339212921,29.3110668565385,3.81011866430998,2.59063546680577,0.652962515114873,434.66247314541,458.564242311944,469.138777961651,3.28405075746443,579.662962962963,22,1770,0.737781596197062,109,0,14,2.697095,3.316625,2
724,446.96270718232,255.636740331492,2.51795580110497,11.1407214210431,38.4894994672902,6.78768110987083,4.80148583249794,-66.273556246364,0.215537053214458,-9.92792855193545,0.40236749306451,-0.915470507016729,-0.00376182236613117,-0.901507119281042,-0.396938760152257,0.172408046721683,0.159327695051989,0.0659800838990146,0.985018433390005,92.5900980776583,2.87953842808108,1.4408916374799,0.715415019762846,617.049363531545,447.537047932322,255.488469321352,2.32861765571096,309.886740331492,0,1008,0.631911986287475,113,0,31,2.290441,3,2
1244,434.552250803858,740.88424437299,6.56913183279743,13.3436277957887,42.1743135203774,10.23023098655,6.54645047459926,66.9300574936537,21.9675770286315,-96.9143775985553,-0.363404195543951,-0.853229253456419,0.374081851614397,0.034761220522896,0.388836196824629,0.920650894523389,0.930982839911033,-0.347571939438672,0.111645415069439,111.167045057193,6.54110162738551,2.67850086352381,0.597789524267179,845.215616097146,434.690122499277,740.927211161946,6.55447339903741,297.462218649518,0,1545,0.661805236188528,114,0,35,2.701541,3.162278,2
1293,436.338747099768,527.517401392111,5.87393658159319,13.5165742421362,32.7061242617085,8.50259686168066,7.6485435558011,-81.0312288620386,-21.4883086599236,104.631423138416,0.145060131349621,-0.919115630393846,0.366311365177978,-0.304766218559154,0.310719329904192,0.900317194131626,0.941315627363099,0.24223946001759,0.235042408284977,66.8556602638949,4.51838458701637,3.65626365781166,0.781268882175227,776.704321850963,437.259997967376,527.38815026632,5.40189588347523,334.832173240526,0,1099,0.738971040781304,115,0,25,3.334789,4,2
1871,455.089257081774,648.964724746125,4.84553714591128,15.2882715623345,51.378985806644,11.3528409224463,8.3803333336765,42.3239326948907,-7.23960195476318,6.08765053284045,-0.733455691449213,-0.667953573219956,-0.126018937876213,-0.679405301659729,0.726182133086491,0.105204304392005,-0.0212411100794828,-0.162780630323899,0.986433617449216,164.987511407458,8.05543731314816,4.38937417397059,0.537334865020103,1163.36576719708,453.983378919098,647.646839744192,4.6224756779749,432.245857830037,0,1636,0.631175843691251,116,0,42,2.77903,3.464102,2
