Volume,Centroid_1,Centroid_2,Centroid_3,EquivDiameter,PrincipalAxisLength_1,PrincipalAxisLength_2,PrincipalAxisLength_3,Orientation_1,Orientation_2,Orientation_3,EigenVectors_1,EigenVectors_2,EigenVectors_3,EigenVectors_4,EigenVectors_5,EigenVectors_6,EigenVectors_7,EigenVectors_8,EigenVectors_9,EigenValues_1,EigenValues_2,EigenValues_3,Solidity,SurfaceArea,WeightedCentroid_1,WeightedCentroid_2,WeightedCentroid_3,MeanIntensity,MinIntensity,MaxIntensity,sphericity,id,nb_branch_pt,SkeletonSize,MeanWidth,MaxWidth,MinWidth,channel_2_MaxIntensity,channel_2_MeanIntensity,channel_2_MinIntensity,channel_2_WeightedCentroid_1,channel_2_WeightedCentroid_2,channel_2_WeightedCentroid_3,channel_2_Ratio_MaxIntensity,channel_2_Ratio_MeanIntensity,channel_2_Ratio_MinIntensity,channel_2_Ratio_WeightedCentroid_1,channel_2_Ratio_WeightedCentroid_2,channel_2_Ratio_WeightedCentroid_3
1588,4.76196473551637,146.591939546599,4.61083123425693,14.4749573220142,38.7578090989339,9.96571350253584,6.07997450562448,2.18200459352369,-1.44366560732035,27.1602224974419,-0.998957733577623,-0.0380618741529599,-0.0251940521040939,-0.0453679279765688,0.888650500977534,0.456335444846761,-0.00501972475066473,-0.457002823676553,0.889451078764361,93.8854853843378,6.20721535091407,2.31038062431522,0.841101694915254,943.684528611062,4.9772201070179,150.339505299444,4.84593666392262,97.9143576826197,0,929,0.697521536872748,1,0,28,2.527891,3.162278,2,190,7.70277078085642,0,4.87859712230216,149.952501635056,4.66612164813604,113,2.39565783163788,0.00110741971207087,5.18370423806905,146.919404838871,4.4486654171091
616,4.875,172.512987012987,2.98538961038961,10.5566801484706,21.1543869841353,7.81505108096942,5.74725184601828,17.6468314731095,1.14255214594302,16.0169062963064,-0.952753738145398,-0.303088620436555,0.0199399752215851,-0.286137792519611,0.917618136709773,0.275866124910777,0.101909166133256,-0.257126901243628,0.960989218729781,27.9692555421596,3.81718896238507,2.06443148634753,0.861538461538462,439.908173791838,4.46121727418133,171.551048068019,2.78613519656537,192.840909090909,0,714,0.795870793995711,2,0,9,3.132501,3.605551,2.828427,199,19.5616883116883,0,4.40838174273859,171.62531120332,2.64373443983403,106,1.47438169382638,0.00141442715700141,5.12764388395912,172.42688757416,3.43369877692691
815,48.6638036809816,65.7914110429448,4.80736196319018,11.5891876643704,21.5236557899717,9.80007127697769,5.7380320703139,53.3187422122886,0.682017960286399,-74.3444132853221,-0.597320523150156,-0.801914276578495,0.0119031778619086,0.223261933295454,-0.15200896894651,0.962832998240606,-0.770300137456044,0.577777436717122,0.269835008580786,28.9542349103239,6.0025873146152,2.05781325249693,0.839340885684861,530.607303062576,48.8980739730697,65.950497942487,4.58861915313253,50.3914110429448,0,410,0.795211478936571,3,0,8,2.78106,2.828427,2.44949,496,77.6711656441718,0,48.9561941170895,65.8513475087675,4.27332469748191,339,27.3291275731909,0.0043859649122807,48.3833531500144,65.4295253727674,4.35880301774619
479,61.8288100208768,75.3319415448852,4.14613778705637,9.70760947830282,14.4248083241181,8.73714052656179,5.71880616741087,48.2827594386496,0.159594855968322,-79.2194971303861,-0.665452409816594,-0.746435081923314,0.00278545210394608,0.141439894677275,-0.122428915847532,0.982347146765378,-0.732917353091717,0.654099250143687,0.18704631645263,13.0046934492216,4.77110153630553,2.04404649877603,0.919385796545106,336.567450292805,61.6587463339464,75.1233782373117,3.80548789580951,41.9979123173278,0,453,0.879634701822714,4,0,3,2.702115,2.828427,2.44949,443,64.5073068893528,0,61.7107673387488,75.3653839930095,3.42150231399074,298,22.7114366847626,0.00442477876106195,61.8721292070951,75.6973885808386,3.49456095684388
1707,128.383128295255,710.826596367897,3.57820738137083,14.8278539464399,50.7401235630647,9.84565034497249,6.56620233250918,54.5760931417025,-0.0939999272223062,-38.7127767760065,-0.579620456690479,-0.814884921073511,-0.00164060749068881,-0.635253465675484,0.45310933634944,-0.625415832594808,-0.51038530595346,0.361461608915786,0.780289910704223,160.910008699692,6.05855191971605,2.69468831696556,0.686093247588424,1108.65290589348,129.893968577618,712.286078392106,3.52737533907408,160.89338019918,0,782,0.623032744382769,5,1,41,2.794531,3.605551,2,540,79.9496192149971,0,129.472683441535,711.656879698697,3.20353327373712,260,6.27132847570626,0.0016260162601626,127.313474208754,709.788170415313,3.87949126357519
941,173.454835281615,314.925611052072,4.92773645058448,12.1580427759089,11.7760056934666,11.2598139211562,10.3894225748902,-25.8842101942734,-9.77832106742912,-155.637608350723,-0.8866078035246,0.430211713735032,-0.16983663943464,0.334650456461807,0.850150352095258,0.406513776915633,-0.31927366743781,-0.303582377942917,0.897720482713486,8.66714438078491,7.92396309619142,6.74625633997743,0.933531746031746,484.165263492376,173.571326447246,314.916710434174,4.48735119047619,218.524973432519,0,853,0.959143480322084,6,0,1,5.09902,5.09902,5.09902,2371,976.350690754516,161,173.533564227763,314.836626227488,4.23071447385893,1522,42.6798359433409,0.689830508474576,173.184371045356,314.841779853694,5.33283965154583
985,192.930964467005,484.584771573604,4.64060913705584,12.3446619827233,20.6261287965247,11.6096503183712,7.97038888981425,29.8978668510399,5.66552369127587,-58.6299308745344,-0.862680558633363,-0.496020585753796,0.0987209818857619,0.332550298016993,-0.409269690105805,0.849652058227077,-0.381041405945386,0.765808004181962,0.518020798507168,26.5898243206767,8.42399878217855,3.97044369092965,0.670980926430518,659.237156886379,193.903154233629,485.62700887503,3.80684816502758,16.9299492385787,0,283,0.726217316621575,7,3,20,2.700927,3.316625,2,1815,176.860913705584,0,196.792150762307,487.56431966385,2.46772249265246,1254,95.0677844463316,0.00581395348837209,196.55757923889,488.176640032047,2.78595362463287
716,191.090782122905,462.723463687151,6.81145251396648,11.0995353836465,12.8886049785353,11.4645761187026,8.09083935827018,-30.0379109502789,-42.6494018171844,-22.1088326441478,0.636729638100166,-0.36817798335048,0.677510398843298,0.684511775147953,0.674398011296813,-0.27682296155251,0.35499154588332,-0.640025229920569,-0.681431366622122,10.3822586432953,8.21478159884541,4.09135509508337,0.775731310942579,456.488014534746,191.431756756757,463.022128378378,6.77795608108108,16.536312849162,0,421,0.847871609547678,8,3,11,2.907954,3.605551,2,188,4.00977653631285,0,191.404737025427,462.166840822013,6.30825496342738,80,3.10531278693459,0.0023696682464455,190.960546997423,462.182175785351,6.52770667289796
794,220.541561712846,705.013853904282,5.40680100755668,11.4887812400801,14.9482800110772,10.6552831594011,7.82573732301106,46.3602930611729,-25.9165619576741,108.454307488706,0.62071676891894,0.650912957671865,0.437061796909426,0.0570309344630091,0.51849036432078,-0.853179473862786,0.781957905067215,-0.554508849019896,-0.284713489426691,13.9656922055981,7.09594120043848,3.82763529054802,0.800403225806452,481.185685153078,220.678622033298,705.135582713425,5.21431101664895,14.2216624685139,0,276,0.861757543580733,9,1,9,2.93715,3.741657,2,134,7.47732997481108,0,220.934647128179,705.59659760822,5.4522486104093,118,5.96856532275844,0.0036101083032491,220.80745158527,705.384911031904,5.38255695918227
404,220.388613861386,814.643564356436,6.91584158415842,9.17193385896786,15.7826378201809,6.58955318568213,6.17508357826829,2.96982232303098,-79.8003199424019,47.4295611381885,0.176841420291492,0.00917447052475488,0.984196596803646,-0.758883657922896,0.638035263832989,0.130409339554854,0.626755698663246,0.769952486323772,-0.119793418003615,15.5682285351877,2.71388819918335,2.38322857491242,0.83298969072165,305.786831118269,220.386597938144,814.879725085911,8.21134020618557,4.32178217821782,0,151,0.86427693453709,10,0,9,2.942809,3,2.828427,502,64.6212871287129,0,220.146857164745,814.381545179454,7.35515379017122,503,54.5056579567424,0.00884955752212389,220.153077337172,814.322969246641,7.2748830654566
494,244.064777327935,455.912955465587,4.38663967611336,9.80790179947727,12.8248293588116,9.54800279284813,7.61190701648906,-89.9848472725877,52.477986216056,-137.707122199912,-0.000161076681158512,0.609066179444458,0.79311938767832,0.739855869419675,-0.533510701415844,0.409853173661044,0.672765387441684,0.58686005191332,-0.450535251593853,10.2797655051647,5.69777233326473,3.62132052672972,0.745098039215686,365.98938571976,244.213875453446,455.815069528416,4.14873035066505,26.7854251012146,0,278,0.825721513814546,11,0,3,3,3,3,152,8,0,244.235829959514,455.458248987854,4.30693319838057,153,4.87418367930692,0.003584229390681,244.107089618949,455.738804871921,4.6783985771835
695,261.587050359712,309.541007194245,5.63597122302158,10.9899418399634,14.4332047309608,11.0682166860301,7.72714434290373,-48.0311743915582,-32.0378985717855,-116.470962366482,0.566877427011617,-0.630270460061259,0.530480093800755,0.0138602381733137,0.651146933832454,0.758825121064381,0.823685544696802,0.422808251734475,-0.377856197147498,13.0198374253642,7.65658878805722,3.73179748100433,0.747311827956989,464.973328726782,261.012790306294,309.820486929205,5.67025692808258,12.8244604316547,0,225,0.81604220145402,12,0,12,2.52589,3.162278,2,136,3.84028776978417,0,260.928062944923,309.264893218434,5.97489696515549,102,3.16205252393075,0.00442477876106195,261.192234699395,309.20561443406,5.83625961788605
397,263.695214105793,702.994962216625,4.99496221662469,9.11865171316781,11.2437158860076,9.31487005861788,5.81017857202378,-29.1435754137252,-73.541765636121,75.327159610251,0.247449084809816,-0.13797499328977,0.959026512487258,-0.686942629041466,0.673046601504449,0.274076807863985,0.683285280708127,0.726616249082004,-0.0717638609441801,7.90132168282867,5.42292526305849,2.10988593992527,0.870614035087719,289.417445584285,263.974311926605,702.78623853211,4.64128440366972,2.7455919395466,0,82,0.902581490144652,13,0,6,2.62346,3.162278,2.236068,94,3.74055415617128,0,263.808754208754,703.628282828283,4.12727272727273,95,4.40515363385625,0.0120481927710843,263.704218149523,703.531582805228,4.19287970714907
834,282.025179856115,341.121103117506,4.3273381294964,11.6785558710556,18.9987621435454,9.6644452787929,8.22017169483711,-84.2639416071076,-6.12359042018901,-116.881001679469,0.0993756751351764,-0.989315545104702,0.106673461580727,0.440365488825955,0.139860175644602,0.886858143966519,-0.892301917202079,-0.0411568157520489,0.449559123002355,22.5595601866883,5.83759390917389,4.22320141828757,0.743978590544157,548.182848791062,282.436710561677,341.057511421661,4.08814834721849,4.46163069544365,0,263,0.781632690548773,14,0,16,2.884446,3.605551,2,188,6.8189448441247,0,282.498329523475,340.940214524354,4.36486724107614,189,6.86814418563657,0.00378787878787879,282.444849899224,340.924344548106,4.41854909696181
568,285.959507042254,457.737676056338,4.30105633802817,10.2750332943177,11.6547307591511,9.62952473253665,9.12449754008114,17.7735835679983,-11.114741687886,-58.6059362375251,-0.934408593425036,-0.299530627183434,-0.192774437912667,-0.00231537588150827,0.546288641555283,-0.837593791250992,0.356195479432254,-0.782208491060269,-0.5111503271497,8.48954681676898,5.79548416090845,5.20352845993418,0.759358288770054,401.105937064392,285.986768447837,457.896692111959,3.96106870229008,6.91901408450704,0,202,0.826908122580378,15,0,6,2.473603,3.605551,2,112,9.48239436619718,0,286.059598960267,457.668213887857,3.98793167471222,113,8.71499914023378,0.00492610837438424,285.935825383068,457.665914853893,4.13408546265647
652,284.23773006135,819.875766871166,2.83128834355828,10.7584488107169,29.1130689757056,7.72749924076726,4.95294598970845,10.3967107906373,7.06541407669923,2.49695220210996,0.976112873546065,0.179092313295237,-0.123002444757024,0.175020564958607,-0.983615016401425,-0.0432354177867546,0.128730182704811,-0.0206746905221295,0.991464117975331,52.9731740740119,3.73214028225365,1.53322962356056,0.772511848341232,521.639364547233,284.458474675401,821.477181959461,2.30724562605484,183.567484662577,0,826,0.69707391449767,16,0,24,2.429774,3.605551,2,289,39.0122699386503,0,284.30150180846,821.264310426168,2.34997641138544,131,3.08054708485933,0.00165562913907285,283.320840055888,819.75377975548,2.83024792048538
575,294.547826086957,267.064347826087,5.81391304347826,10.3170707192238,13.0312295050806,9.83751332338021,7.346014065981,19.5909566106672,-48.3321111080053,75.6839340953393,0.626326103484482,0.222913307592767,0.747010889741239,0.764822835123561,0.00974044769205557,-0.644167023800751,0.150869622414535,-0.974789608570388,0.164388491250711,10.6133089008802,6.0485417742302,3.37274516609942,0.826149425287356,396.104484069516,294.615307753797,266.76898481215,5.47022382094325,8.70260869565217,0,229,0.844214736332597,17,0,7,2.514647,3.162278,1.732051,115,6.48695652173913,0,294.293833780161,266.819034852547,5.27506702412869,116,6.00945025532855,0.00434782608695652,294.434702637909,266.870546081182,5.35392343349265
657,303.252663622527,250.146118721461,7.85844748858448,10.7858799565082,16.6049419353836,9.89519836120593,7.6634897983282,-56.0184515356746,55.8289154778906,-90.2285400028724,-0.313929615542725,0.46574325911222,0.827364135720617,-0.465739112285432,0.6838300311825,-0.561661435155129,0.827366470055908,0.561657996510749,-0.00224035326615756,17.2327560423413,6.11968441297578,3.67056724306753,0.675231243576567,464.065418345256,302.644089732528,250.563848144953,6.63244176013805,3.52815829528158,0,128,0.787556700943237,18,1,12,2.432791,3,2,131,9.1689497716895,0,302.915006640106,250.032868525896,8.28004648074369,130,8.77719729389088,0.00806451612903226,303.009855908817,250.020679089796,8.3721119390019
499,306.14629258517,261.234468937876,5.37875751503006,9.8408808701007,12.9604568694858,9.56637552812635,6.88232599809885,88.9514188629138,-68.526444218577,-62.963217638417,0.00669917614286754,0.366010460835695,0.930586623371435,-0.439317505485129,0.837067125493767,-0.326065571307252,0.8983068798653,0.406638623321056,-0.166402462752886,10.4983401416126,5.71972129657092,2.96040069650671,0.784591194968553,364.991885182304,306.028053272882,261.041654859734,4.38821195806177,7.07214428857715,0,291,0.833555675021809,19,0,14,2.477491,3.605551,2,93,3.32665330661323,0,306.082530120482,260.863855421687,5.52349397590361,94,3.535914647548,0.00342465753424658,306.063275229295,260.96681447508,5.55673586639453
565,310.745132743363,415.886725663717,8.29026548672566,10.2569115048637,19.7953082798196,7.95818512852397,6.9870315950865,85.2020243358121,-75.7613623456444,-87.6130232463628,0.0205728330248288,0.245099186569462,0.969279705391752,0.0395001548762722,0.968528689823544,-0.245747664797531,0.999007755878844,-0.0433424241555229,-0.0102439231859539,24.4908893683184,3.95829440874125,3.05116315692106,0.646453089244851,437.974031197384,310.803115534401,416.045867589788,9.25270445694504,4.09026548672566,0,132,0.754631151438759,20,1,17,2.359982,3.162278,2,171,19.1185840707965,0,310.259766709869,415.828735419367,7.07156082206999,169,17.2319978221618,0.0075187969924812,310.264135725081,415.804925331433,6.89534515690968
823,333.093560145808,595.277035236938,6.33778857837181,11.6269838966019,15.6993283012936,9.75313978683591,8.38421816933937,-31.6301253070114,45.1229763192775,58.7245001716189,-0.600773369333121,0.370033814155635,0.70862284403028,0.787940101939188,0.124412726612208,0.603052128105837,-0.13498797893217,-0.920650014847309,0.366308334201474,15.4043068194874,5.94523348134761,4.39344464444253,0.81003937007874,486.784664808431,333.472915475964,594.583285705214,6.84530386740331,19.1336573511543,0,273,0.87246321752352,21,0,9,2.960574,3.741657,2,228,21.8286755771567,0,332.687447815196,594.963985527414,6.47269691065962,229,13.0573498228268,0.00364963503649635,332.393234307084,594.930948838536,6.44281058147821
544,335.402573529412,671.639705882353,4.54963235294118,10.1282269846259,14.317185555352,9.30021488465744,7.35787194727785,57.8944034880124,-42.3159422115645,23.9161646888298,0.393000570655808,0.626360672158745,0.673218285429811,0.919393393351199,-0.254663784994146,-0.299770153408613,-0.0163199180873237,0.736762285262554,-0.675954876665834,12.8113626391488,5.40587480630024,3.38364247453365,0.772727272727273,385.891081175553,335.201136860516,671.634674245737,4.18080454744206,8.40808823529412,0,237,0.835125958347785,22,0,8,2.515719,3.162278,2,119,4.80147058823529,0,335.929555895865,671.764548238897,5.17764165390505,120,4.82199915796944,0.00420168067226891,335.91623760292,671.815865166166,5.38297298251887
933,337.013933547696,461.697749196142,4.70632368703108,12.1234904254075,13.4226663021554,10.34359192532,9.96067194651153,22.3560183719297,-7.79846579135178,43.2456893962677,-0.916284889320611,-0.37684278575411,-0.135689043138334,0.363040221842151,-0.638313040898185,-0.678791764198796,-0.169185693625427,0.671227216853126,-0.721685682571083,11.2604981661886,6.68686836984662,6.20093660162637,0.921936758893281,487.59010345624,336.940874527833,461.518971426697,4.21598071425057,196.069667738478,0,738,0.947000783012308,23,0,1,4.89898,4.89898,4.89898,1624,579.317256162915,20,336.910971816993,461.589247423234,4.04572037528006,1000,24.3024476812674,0.304347826086957,336.393650031839,461.564758406333,5.28473642719291
529,345.020793950851,481.606805293006,3.31758034026465,10.0342677008268,15.0242377732797,8.95780320463645,6.74404085561569,-61.7822772343352,-11.976625028154,-1.03516591170259,0.462531090236416,-0.861976509979043,0.20751261843334,-0.882786016378795,-0.469442777038042,0.0176728145146683,-0.0821817488909218,0.191363463940116,0.978072688923512,14.1079825417528,5.01513989081218,2.84263044138835,0.791916167664671,388.519710422709,345.287928017996,481.434641339665,3.0864783804049,7.56332703213611,0,228,0.814157040457492,24,0,5,3.015174,3.464102,2.44949,363,22.7296786389414,0,344.832252162342,481.674151696607,3.27661343978709,364,19.5894506047938,0.00436681222707424,344.78478022532,481.84122732916,3.40359344784696
516,357.253875968992,443.077519379845,4.62015503875969,9.95138876981622,11.463208267391,10.0800672675066,7.31680838354973,48.2422300418224,-4.48510134191382,-70.7086524073163,-0.663943395693213,-0.743682693479781,-0.0781998640281667,0.197290996957277,-0.275081078813014,0.940960500020416,-0.721287342073164,0.609316380460699,0.329360165574564,8.21282148634883,6.35048475734115,3.34598030759897,0.808777429467085,362.557155071958,357.337220602527,442.904761904762,4.17849044379657,11.9651162790698,0,230,0.858105683697088,25,0,6,2.632782,3.162278,2,312,40.1356589147287,0,356.988652824722,443.154514727185,4.75572187349107,313,32.179359237934,0.00662251655629139,356.814803235088,443.14315636646,4.95588320703401
1079,363.430027803522,553.138090824838,5.78220574606117,12.7254829709607,14.5484238347855,11.6691755431757,9.4245350298496,20.4104315607827,4.63705831452692,-75.9683537290251,-0.934150805780694,-0.347601182649344,0.080843613724636,0.158062737721233,-0.19988354631351,0.966986421237239,-0.319966315419841,0.91608950749035,0.241664170415761,13.2285397547846,8.51060361609055,5.55136628305389,0.883701883701884,553.520490357846,363.509586555759,553.364919509833,5.70217869278433,120.55421686747,0,527,0.919104132109925,26,0,5,3.306821,4.582576,2,2177,929.782205746061,149,363.411959311627,553.16050875418,5.30168106176519,1570,105.459954347675,1.30943396226415,363.11668620921,552.459694093925,5.12890758601018
987,371.63829787234,505.110435663627,5.33941236068896,12.3530114353755,13.3476512618741,10.724439419,10.0364061950774,-1.33700257766847,-25.2950425979524,-80.2834700689254,0.903873375090386,-0.0210958021782138,0.427279637863977,-0.424973569786237,-0.158901111146361,0.89114976399009,-0.0490956900945038,0.987069097888749,0.152591641996654,11.1349871380381,7.18835005323756,6.29559058203675,0.925891181988743,504.502499972013,371.612048019438,504.536837814508,4.90428082739218,126.763931104357,0,593,0.950237656690251,27,0,2,5,5,5,1508,552.208713272543,59,371.690576665505,504.685613635947,4.65248518430178,1170,48.8169116783935,0.463503649635036,371.172999908663,505.816577983888,5.81244515407902
395,372.111392405063,733.172151898734,3.4,9.10331332977338,12.8011828292519,8.2158529550134,6.00753165396943,75.7013990026377,-2.04539409434714,-42.5923128442726,0.246817994938796,0.968404362829031,0.035691279440364,0.707416390084572,-0.205227027951526,0.676346004673566,-0.662301236911199,0.141685768699193,0.735718842040908,10.2418926142458,4.21876498615015,2.25565228584029,0.840425531914894,296.713197349217,372.311921458626,733.235624123422,3.11612903225806,9.0253164556962,0,177,0.877429014514951,28,0,4,2.819479,3,2.44949,127,5.09873417721519,0,372.85551142006,733.316285998014,3.14746772591857,81,4.48962351729859,0.00561797752808989,372.838322947301,733.55815853294,3.38480754915054
610,379.526229508197,399.801639344262,2.8983606557377,10.5222933245503,16.6180741782635,9.91411939595152,5.92713122548336,-32.2788182155757,1.56573173550595,7.4364944987648,-0.845143657120063,0.533840435208647,0.0273237729087048,0.532537893408717,0.836459499695475,0.129378891064197,-0.0462124540955153,-0.123894693612914,0.991218701387858,17.2600243371418,6.14311021232389,2.19568028525624,0.848400556328234,420.82479856164,379.529815649324,399.419959033183,2.53843506759525,100.040983606557,0,473,0.82655043151408,29,0,5,3.249004,4,2.44949,2163,1006.75081967213,151,379.28555587037,399.91815253746,2.46324647706141,2026,146.323367703569,1.45697329376855,379.134010477269,400.559634904822,3.0107481950403
1359,381.450331125828,328.139072847682,5.54157468727005,13.7427489030781,22.0525179774306,11.3857741200927,7.79355506385787,-50.0038565296563,-3.22044531808109,-100.613918333355,0.641721025701677,-0.764877886889333,0.0561777831539895,0.10561607702918,0.160686401333273,0.981338435352213,-0.759631074565379,-0.623812230221781,0.18389924409952,30.3945968215564,8.10224076961081,3.79621878333654,0.894078947368421,691.984558977618,381.450675713408,328.106634277098,5.20702099737533,105.412803532009,0,582,0.857433982809273,30,0,2,3.741657,3.741657,3.741657,1972,798.520235467255,59,381.379803886696,328.039983818487,4.92415606866638,1506,115.230425100977,0.970099667774086,381.088609970423,328.355412675033,5.5470018343283
1045,379.446889952153,349.728229665072,5.56459330143541,12.5903911505543,12.8839814689257,11.4658513566466,10.1745345225162,-74.4708532648391,6.5438043200072,87.4114715567484,-0.265984299914579,0.957217234169966,0.113962795714001,-0.0739942356600507,0.0975990563867041,-0.992471297963578,0.96113329215465,0.272414373336696,-0.0448687409176934,10.3748111557263,8.21660920829469,6.47007204686715,0.923961096374889,515.579018169536,379.281827131325,349.853356960031,5.14518043484375,170.11004784689,0,631,0.965902039276755,31,0,1,4.582576,4.582576,4.582576,2308,1040.65837320574,159,379.152912951683,349.80871513065,4.91277420992232,1565,53.4939655029941,1.14617940199336,378.990469837356,349.447954339256,6.18852681718694
992,387.283266129032,504.209677419355,5.20665322580645,12.3738358366215,12.5076415308695,11.1365248603082,10.478627926856,9.05878327442221,-28.4139165037076,99.1304661910613,0.868562893605621,0.138480462931864,0.475837851833593,0.438964719672234,0.230674203217345,-0.868388960577644,0.23001842259808,-0.963126457614066,-0.139567015835661,9.77756854154572,7.75138662276641,6.86260270184294,0.921933085501859,506.475349842753,387.353478236214,503.9931707159,4.78633171039947,124.434475806452,0,740,0.949730224831404,32,0,2,4.740778,4.89898,4.582576,1732,779.321572580645,154,387.341779127058,503.950382039796,4.55443565859987,1622,85.4404265308026,0.920377867746289,387.121068858573,503.970111030894,5.24178992390672
700,393.938571428571,301.57,5.43857142857143,11.0162336670513,12.8882876364133,9.33485114967397,8.51984333825368,-2.01842858607644,-49.708766074274,143.886925434224,0.646271857939374,-0.0227764329694025,0.762767277573429,-0.477734823886524,-0.79152024134704,0.381136649489438,0.595064806287267,-0.610718381612273,-0.522418352165374,10.3817473874327,5.44621537416059,4.5367331567741,0.895140664961637,405.761439191356,394.028496519302,300.997161196998,4.77589729680861,79.0071428571429,0,500,0.939605129249041,33,0,5,3.775046,4.24264,3.162278,2568,1083.48285714286,303,393.847209659854,301.311720931704,4.71201469335661,2103,226.78483386067,1.87134502923977,393.642613720204,301.785138295956,5.23460440941009
3024,417.241402116402,183.863756613757,10.1855158730159,17.9415952406219,59.122240688171,13.0370330082212,6.08462993607993,-57.851112898511,9.73744042407867,75.8050940227893,-0.524454999106851,0.834470386898781,0.169133460027378,-0.29487254396574,0.00834022924039042,-0.955500195390556,0.798747229558266,0.55098966774815,-0.241688330930099,218.464958999376,10.6227643535906,2.31392009119001,0.733802475127396,1649.29936721946,417.802519770126,183.618831264516,10.6477900261731,94.2546296296296,0,751,0.613158128555418,34,2,48,2.711356,3.316625,1,166,4.2255291005291,0,416.048677414306,184.69752699953,9.80137736735013,157,1.25845748852449,0.00132978723404255,415.426083286332,184.822317412839,9.15944115983454
740,409.604054054054,585.095945945946,5.93918918918919,11.2221921132714,16.9026329286224,10.4755605554772,8.13335757787802,-64.1206399406311,54.0722110600603,57.0147656889383,-0.256109914225766,0.52792146243159,0.80975714960682,0.786295589987739,-0.373487825491938,0.492185015390693,-0.562269470095171,-0.762761937771802,0.319448382818729,17.8561874949843,6.85858555946687,4.13446909310161,0.693533270852858,506.370464801684,409.239113530327,585.218247796786,4.65953862104717,10.427027027027,0,202,0.78133432607755,35,0,9,2.658391,3.605551,2,216,16.85,0,410.06504130243,585.270109872484,6.3824685219344,217,14.8064047187291,0.00497512437810945,410.13969539568,585.216629285342,6.78209161161511
1430,410.329370629371,414.176223776224,6.62167832167832,13.9780247479209,15.0954267470851,12.478252107688,11.2028673158517,-55.5134417980926,-54.8398483724696,109.084218503952,0.326061536273437,-0.474661000131389,0.81754560087941,-0.706960905368558,0.451705217449263,0.544213813504933,0.627606686423491,0.755419970270434,0.188283073251799,14.2419942922882,9.7316734789387,7.84401475603612,0.898805782526713,660.194605570006,410.251056601367,413.865937722843,6.43127887898798,120.62027972028,0,557,0.929757116921155,36,0,2,5.147586,5.196152,5.09902,1198,409.052447552448,30,410.404938925882,413.825855422305,5.92350050004701,875,44.2311853300323,0.27891156462585,410.821655306042,414.345689708419,6.26585127515862
638,425.467084639498,394.822884012539,3.81818181818182,10.6808877803097,13.1821245216478,10.4862511799773,8.30526541756746,-49.3908844345844,-25.8232668632648,6.83338233850117,0.585897905024701,-0.683358754792525,0.435596667957959,-0.720040073640731,-0.685617708103965,-0.107101123643575,-0.371841279633014,0.250896732905544,0.893747666949798,10.8605254315142,6.87259148809841,4.31108960351513,0.823225806451613,431.398357631204,425.762241908482,394.308070591518,3.12147739955357,44.9404388714734,0,312,0.830780108475107,37,0,2,3.232051,3.464102,3,926,293.368338557994,0,425.578477205093,394.542584509187,3.22312455588265,685,101.833395417471,0.387096774193548,425.37221237955,394.862177016808,3.63893200045222
561,423.941176470588,303.969696969697,4.82887700534759,10.2326490570539,13.1669101311627,9.38652100163696,7.61913953395002,69.9855189829064,-22.6010270048138,-82.7127621566915,0.315973384787735,0.867447523530163,0.384311870786174,0.0112881450285518,0.401598290293824,-0.915746357358244,0.948700900119525,-0.293689644275151,-0.11710249765884,10.8354701501322,5.50667353213573,3.62820545236251,0.80835734870317,379.833127257567,423.680863827235,303.755698860228,4.61127774445111,11.8859180035651,0,168,0.866030510925648,38,0,8,2.57514,3,2.236068,323,18.2245989304813,0,423.737480438185,303.812989045383,4.66656885758998,324,13.4526295549832,0.00645161290322581,423.786438615138,303.800526850724,4.55196200691936
457,422.676148796499,380.706783369803,5.93873085339168,9.55665392633672,12.7098353129238,8.31973433096555,7.69731804260208,38.6224470628614,-69.0685017166958,17.4711777122009,0.279112038099853,0.222991302446788,0.934008216891496,0.81447122959638,-0.570204107860773,-0.107256195804533,0.508658123249307,0.790659316274579,-0.340770830971063,10.0962446051029,4.32612370861542,3.70304406556047,0.792027729636049,333.948048976751,422.338157528528,380.70748677985,5.03645978291122,7.86214442013129,0,141,0.859177075445753,39,0,5,2.931371,3,2.828427,211,22.0634573304158,0,422.757512645046,380.995338688882,5.67846870970941,188,17.4426856728697,0.00952380952380952,422.813821758695,380.955164035531,6.01227807169695
498,425.734939759036,608.0140562249,5.64056224899598,9.83430273921667,13.1826293796414,9.72494114894928,6.40403397821639,-69.9926119004169,24.3904279093919,-96.8865312162963,-0.31160610991316,0.855787383498966,0.412952281152172,-0.25293583092471,0.34420664697068,-0.904182088749621,0.915928543991951,0.386199091693904,-0.109202398671408,10.8613573350616,5.91090502190794,2.56322819963437,0.791732909379968,358.381947351519,425.358535344974,608.247499576199,5.0203424309205,11.8453815261044,0,280,0.84779508542729,40,0,7,2.545801,3,2.236068,190,10.4176706827309,0,426.056476484194,608.155358519661,5.43986121819584,191,8.87483371503184,0.00355871886120996,426.26468752408,608.036614312931,5.63955827569124
989,428.512639029323,549.211324570273,5.26592517694641,12.3613496163989,17.8016406828239,10.7053278178241,8.06243721419424,27.92878428641,-19.9508240778074,70.8227590874865,0.830506088669317,0.440264677830076,0.341213496418846,0.438599665471593,-0.13928544239292,-0.887823123705176,0.343351088729016,-0.886998635282259,0.308777348385549,19.8061506875232,7.1627527304424,4.06268086455152,0.83955857385399,558.906067132018,428.188428039143,549.318466248448,4.70193577988909,127.814964610718,0,661,0.858900445788632,41,0,5,3.423007,3.741657,3,2280,899.146612740142,160,428.091835197064,548.717831535576,4.49135007242009,1619,93.928139656116,1.12334801762115,428.89399162762,548.481063168393,5.59428325965711
1113,440.014375561545,620.908355795148,7.19856244384546,12.8577658900779,13.7193052622842,11.2773880016204,10.238387517049,-77.2535426916551,79.3771041598352,72.3723116816978,-0.0406731581274363,0.179801141435765,0.982861762277044,-0.502040731561334,0.846810947361406,-0.17568814212188,0.863887028529368,0.500582429742868,-0.0558250210158999,11.7637085549836,7.94871750869321,6.55153618432903,0.922120961060481,535.542619987954,439.996872067563,620.865731495071,6.94715398249962,112.024258760108,0,510,0.969810455207493,42,0,1,5.385165,5.385165,5.385165,1642,700.104222821204,72,439.868384376091,620.720957988542,6.57360218476007,1246,94.2725854726069,0.744239631336406,439.968395775622,620.727128006809,7.06797091627179
1233,441.307380373074,598.271695052717,6.06163828061638,13.3041812055772,14.4508474203579,12.4089048776063,9.83178275519551,3.80203944824394,-14.7980494229853,99.972088721764,0.964704192050996,0.064110072037565,0.255412843260814,-0.23951778428123,-0.189467696685029,0.95222540552428,-0.109439722460562,0.979791758781532,0.167424778845746,13.0516869479041,9.62380751634266,6.04149700908499,0.934799090219864,581.793428728789,441.110568402853,598.245361079379,5.83786470715366,131.342254663423,0,653,0.955778735385502,43,0,2,4.791288,5,4.582576,2530,1237.06812652068,319,441.136958182134,598.165219415133,5.43318090480265,2230,113.833651539794,1.176,441.468306155216,598.303600292245,6.14595945323485
738,440.705962059621,302.676151761518,4.97967479674797,11.2120729084029,15.5067575318794,10.5415363413759,7.33436712757065,19.7038791671859,-13.1314423063131,-53.1668383259297,-0.916830218429424,-0.328342777143955,-0.227185763797053,-0.0309333577905362,0.625693252411114,-0.779455631362687,-0.398077226113801,0.707600858241846,0.58381122588123,15.0287205720311,6.94524927728436,3.36205882262431,0.796976241900648,470.280935735835,440.868747327918,302.54147071398,4.6051731509192,12.6775067750678,0,304,0.839777675748912,44,3,10,2.855583,3,2.44949,177,19.1070460704607,0,440.925253528119,302.835472661513,5.13467129990781,178,14.4385383773454,0.0050761421319797,440.981859962411,302.875452954854,5.07695623311151
738,458.384823848238,286.990514905149,5.46341463414634,11.2120729084029,14.1936367173624,11.6660242468489,7.25816751609296,79.4683391449607,28.839699765466,-45.3931506932309,-0.160109259731459,-0.86121608068557,0.482360743963302,0.7531769137515,0.209273537234199,0.62364182284806,0.638035705536931,-0.463153807046938,-0.615141438595969,12.5912077040285,8.50600760800409,3.29256223072918,0.765560165975104,472.117563125516,458.300276434001,286.982895646164,5.62888735314444,7.84281842818428,0,216,0.836510780380072,45,0,11,2.593509,3.464102,2,154,17.6707317073171,0,458.513687600644,286.52733686067,4.88582163944483,155,15.4117207243437,0.00793650793650794,458.725823995619,286.620311243983,4.78097285054897
530,459.601886792453,274.147169811321,6.13396226415094,10.0405865108726,13.119527830602,10.771428046966,5.99542502312543,-7.61587821153407,-61.4258142104498,-171.8988507783,0.47407711760909,-0.0633891162529539,0.878198557559808,0.0085435066692813,0.997689317979565,0.0674020272934221,-0.880441874886269,-0.0244508635868094,0.473523241474598,10.7576256561213,7.25147888568542,2.24657007549491,0.799396681749623,375.369152655346,459.493449781659,274.425982532751,6.63296943231441,8.64150943396226,0,203,0.84374159102205,46,0,4,2.585603,2.828427,2.236068,177,15.9339622641509,0,460.00982830077,274.59739490823,6.59928952042629,163,12.7587010400909,0.00531914893617021,460.284767593587,274.661213245151,6.71166422077499
665,480.73984962406,514.43007518797,4.28872180451128,10.8294817643945,12.292771249211,9.73611151033382,8.42398160269396,78.353444316372,17.5606088388234,-40.4758733302355,-0.192466150586694,-0.933769320576691,0.301714495555124,0.784555398166559,0.0382577460183228,0.618877348169499,0.589431597461532,-0.355824677080357,-0.725230439994493,9.44451406158921,5.92449170885342,4.43521662765789,0.909712722298222,395.378104764276,481.475352976211,514.378937042357,3.50152401639631,128.765413533835,0,649,0.931864154000686,47,0,2,3.932382,4.123106,3.741657,1272,476.897744360902,72,480.902181076317,514.369073933347,3.65199582514812,871,54.5197913639736,0.393574297188755,479.678134245435,514.441198590638,5.1514643021904
449,483.124721603564,425.489977728285,2.73719376391982,9.50056075500365,14.0113432433847,8.69779946553927,6.15846138894837,-59.7387639977872,2.34482294900177,-1.41965531239792,0.503521415181909,-0.863013483909252,-0.0409134579817372,-0.862960756327434,-0.504664198964572,0.0247543798595284,0.0420109211038086,-0.0228423482650703,0.998856000449387,12.2698587177464,4.72823222142094,2.370415417448,0.873540856031128,337.912738945339,483.150114990592,425.283608613841,2.3396702607449,149.135857461025,0,612,0.839158092919395,48,0,3,3.65092,3.741657,3.605551,1244,305.917594654788,26,483.149260685659,425.334020108185,2.36852144412007,533,23.5904646258766,0.118421052631579,483.069014832632,425.435912614679,3.28514129206491
1054,486.488614800759,351.88330170778,7.27039848197343,12.6264325432085,14.6394008689322,11.5984484847073,8.96281174953203,-17.4192821835029,-79.7258293645664,146.425400668357,0.170179061448122,-0.0533937879469307,0.983965543326246,0.768618004903775,0.632057942259738,-0.0986363024658098,-0.616656670751543,0.773079466183822,0.148602454160618,13.3945036125808,8.40775045327564,5.02074965359683,0.914137033824805,533.188807314984,486.878994679136,352.065035472428,7.27366978394066,235.370018975332,0,858,0.939355914685616,49,0,6,4.077498,4.89898,3.162278,1139,329.878557874763,5,486.566616430634,351.964272977233,6.78615556296953,423,8.3973350755616,0.0363636363636364,485.462347694603,351.283834140044,6.54751757004787
488,488.793032786885,263.745901639344,5.62090163934426,9.76803183984615,13.1873198110478,8.06466137847127,6.92265898434068,9.41487929506215,-59.0343343991573,99.2171589029258,0.507593536465076,0.0841670018744701,0.857475782476882,0.808800969134309,0.296475833185301,-0.507880963085332,0.296967665018062,-0.951324338032274,-0.0824148639577561,10.8690877374283,4.06492269683788,2.99520046334205,0.88086642599278,327.235618564607,488.672694978201,263.632972711125,5.25722590020991,12.6905737704918,0,189,0.916016795454487,50,0,2,3.239451,3.316625,3.162278,285,21.2110655737705,0,488.666409042605,263.007149067723,5.0173896241909,286,16.8689962014967,0.00526315789473684,488.636821850872,263.063455845147,5.17972321133201
1946,492.763617677287,329.208119218911,7.49383350462487,15.4898806388482,22.9413240344059,13.8725816456764,12.0111575535885,-7.21134573106595,41.9758583334376,170.015754806345,-0.737546091941111,0.093322123043756,0.668817421732569,0.00858803412553086,0.99162127089875,-0.12889336977132,-0.675242184650999,-0.0893209743103684,-0.732167846614418,32.8940217782256,12.0280325947473,9.01674411107044,0.645439469320066,1064.78700959608,492.762336892486,329.579824798929,5.9955358122992,70.2173689619733,0,560,0.707918514881523,51,5,34,2.889693,4.24264,1,2968,937.427029804728,44,492.620261227595,329.680603848302,5.95355308230911,2172,210.193328789935,0.933962264150943,492.581180640748,329.448402979377,7.5501941222847
744,489.58064516129,651.569892473118,6.83736559139785,11.2423759555247,12.3922453460146,9.82259340820057,8.64281990555398,-8.80284712968349,-75.3211250362273,51.5677884050146,0.250416424255621,-0.0387792526167884,0.967361247946966,-0.653726004103213,0.73023276885488,0.19850041523831,0.714096580318289,0.682096967341901,-0.157511272995638,9.59798404473875,6.03020882892658,4.66864599499001,0.915129151291513,407.32933780853,489.57143323539,651.539656110567,6.80745456524105,123.508064516129,0,612,0.974810930675995,52,0,1,4.123106,4.123106,4.123106,1667,771.189516129032,96,489.442759666414,651.458487359808,6.51074568856588,1329,94.7685661811906,0.625250501002004,489.304299592067,651.440621583304,6.64823865101414
819,494.261294261294,276.029304029304,6.003663003663,11.6081165467858,16.1283429626459,11.1738922042237,7.28822640538384,-89.5586136190364,30.2438328273281,72.9946166212412,-0.00665503447288763,0.863864091015473,0.503680993060265,-0.296163368582883,0.479391400499648,-0.826118117605845,0.955114113405201,0.154669704147244,-0.252654532896602,16.2577154200456,7.80349168697566,3.31989025850839,0.816550348953141,506.650813965002,493.114651829371,276.132917439442,5.29809475636486,21.7252747252747,0,306,0.835535001355548,53,0,5,2.412899,3,2,186,14.4334554334554,0,494.681414431943,275.941375518146,6.04923441333221,187,10.4137903157222,0.00325732899022801,494.983876346398,275.84961313152,6.38709130447361
474,499.761603375527,724.092827004219,4.27848101265823,9.67371391783797,11.2999116197269,10.172954662558,6.6879787682058,-19.3957643616659,7.58848896403513,48.2084649946147,-0.934986337688248,0.329182976264448,0.132057246957511,0.314183840759508,0.595903773880312,0.739044793284417,0.164587552815883,0.732487037709803,-0.660585858950369,7.98050016335243,6.46806291040372,2.79556625024822,0.824347826086957,329.669814310048,499.959673024523,723.683923705722,4.26920980926431,3.87130801687764,0,113,0.891778851351061,54,0,3,3.108185,3.162278,3,118,8.56540084388186,0,500.024630541872,724.266995073892,4.20246305418719,102,8.39606050205429,0.00943396226415094,499.99225077309,724.201795627298,4.24931576783069
984,504.894308943089,658.063008130081,8.82113821138211,12.3404830176163,21.3875694145973,10.7555670407514,7.9646940030046,62.524801870314,-81.4229015458754,-36.7991340279017,0.0688079718816267,0.13231869818061,0.988816072440839,0.437153533524534,-0.89493896547055,0.0893366453898736,0.896750941528667,0.426117366689379,-0.119422521632889,28.5892578415136,7.23013889800609,3.96477191009359,0.703359542530379,640.693097296001,505.022402660927,658.021913519859,8.40050870671102,10.3882113821138,0,188,0.746730938050827,55,0,16,2.569831,3.316625,2,213,17.0711382113821,0,505.380878676033,657.723300392904,7.78056911537088,204,13.8470602562274,0.00529100529100529,505.218238103748,657.840852640201,8.03643763411316
