Volume,Centroid_1,Centroid_2,Centroid_3,EquivDiameter,PrincipalAxisLength_1,PrincipalAxisLength_2,PrincipalAxisLength_3,Orientation_1,Orientation_2,Orientation_3,EigenVectors_1,EigenVectors_2,EigenVectors_3,EigenVectors_4,EigenVectors_5,EigenVectors_6,EigenVectors_7,EigenVectors_8,EigenVectors_9,EigenValues_1,EigenValues_2,EigenValues_3,Solidity,SurfaceArea,WeightedCentroid_1,WeightedCentroid_2,WeightedCentroid_3,MeanIntensity,MinIntensity,MaxIntensity,sphericity,id,nb_branch_pt,SkeletonSize,MeanWidth,MaxWidth,MinWidth
604,13.6043046357616,371.402317880795,4.22847682119205,10.4876802674584,15.1305944888214,9.1712904883996,7.3179344090939,76.5593489156225,-11.7053546572978,-25.2112325540313,0.227604210018559,0.952384645191261,0.202878809109635,0.859876999023419,-0.294347515870875,0.417098413388405,-0.456954997929016,-0.0795174666633758,0.885928384443761,14.308430599072,5.25703557641306,3.34701025098753,0.774358974358974,413.44498922991,13.0356906223773,371.397588232696,4.09024250187729,37.4817880794702,0,382,0.835778158331263,1,0,7,2.709068,3,2.236068
535,71.0822429906542,102.938317757009,4.43177570093458,10.0720619095798,16.1760519265786,8.19513813818027,6.27654648267047,-62.6305887500902,18.4668510598792,-91.2179623589443,-0.436053114712059,0.842332092321447,0.316755942951802,-0.164464451553508,0.271463166290842,-0.948292778377308,0.884765011359014,0.46560111210426,-0.0201613263988462,16.3540409957105,4.19751806899105,2.46218973432019,0.846518987341772,370.874888495302,71.5538630941457,102.662996268428,4.39291613140026,61.1102803738318,0,357,0.859328502941771,2,0,2,3.383914,3.605551,3.162278
647,97.6707882534776,767.910355486862,5.0015455950541,10.7308770629507,11.7698082283092,10.634946703404,8.23926521277622,82.1266294320562,-45.2589596275998,-83.0182865729644,0.0964236593212126,0.697268127295928,0.710295457243207,-0.0238289479145793,0.715033252325234,-0.698684212867646,0.995055103581903,-0.0504440950600489,-0.0855612886133779,8.65802410819847,7.06888071151528,4.24284320290402,0.826309067688378,405.849171252481,97.7782256152497,767.947745270046,4.62193560624022,32.5950540958269,0,311,0.891365145489795,3,0,1,3.162278,3.162278,3.162278
5685,143.239577836412,749.874054529463,14.5226033421284,22.143381831244,124.216294801163,24.6112563344323,8.81932792208861,-36.8720380839356,10.4720815465758,20.405844983664,-0.786652829017351,0.590035541071805,0.181756394305954,0.61307250656401,0.711750691584126,0.342860109556129,0.0729344109067891,0.381141723380715,-0.921635263216452,964.355493383086,37.8571211474458,4.86128406233315,0.292468360942484,3144.6348426287,138.116258169334,756.839377935998,12.6691580531806,382.837642919965,0,3250,0.489855003498017,4,0,105,3.057296,3.741657,2
3141,119.336835402738,579.492836676218,14.1454950652658,18.1700632056242,86.820486990382,16.6430466747078,8.69737080183037,-32.9580277387913,18.2193002216959,-17.6831977110142,-0.79700407938295,0.516750820245163,0.312654901165629,0.438633208614887,0.851089847484063,-0.28852552713714,-0.415193214957985,-0.0928151996469665,-0.904986150704721,471.112310077944,17.3119376635313,4.72776617903316,0.340008659883092,1996.79452834632,114.172658575082,587.851348321175,10.3222918188092,364.893027698185,0,3270,0.519432800931462,5,0,70,2.709256,3.741657,2
771,116.492866407263,568.72373540856,16.5486381322957,11.3767597061494,40.6984621153217,7.31040535512281,5.89616179483682,-48.1437730441454,15.3471424242833,20.6724808251675,-0.643469080981405,0.718261190898935,0.264666589257862,0.759210393257903,0.55470937598301,0.340436612258024,0.0977093679752666,0.419998059334783,-0.902249693579826,103.522801159517,3.34012665351303,2.17279524443082,0.503592423252776,740.709790444324,114.396050796602,571.105909014073,15.6020052402485,245.530479896239,0,2452,0.548957797352199,7,4,36,1.652058,3,1
614,195.781758957655,488.053745928339,5.32736156351792,10.5452427829084,16.7721719153494,9.79872348295062,5.78214548247209,77.9436460095699,-12.8902017271371,-85.1859732289055,0.203609909339812,0.95329785166148,0.223083416766556,-0.0356388276538431,0.234922233363339,-0.971360601545606,0.978403229135152,-0.189828212574392,-0.0818069124751579,17.5816094223773,6.00093636845799,2.08957539877953,0.833107191316147,417.631817341161,195.929841696171,488.101737679567,5.25572783135962,40.0211726384365,0,388,0.836506770773913,10,0,7,2.462296,3,2
1862,238.069280343716,132.34962406015,3.78571428571429,15.2637186214275,57.4761558214979,12.7684479906309,6.30595590537823,83.1928559780205,-0.253092925873425,-26.7572019481035,0.118526620593917,0.992941049486416,0.00441729050450702,0.886392197910766,-0.107810794776464,0.450206290507573,-0.447504538182025,0.0494459783448859,0.892913648418485,206.469280501069,10.1895790055904,2.48531749253591,0.510556621880998,1433.69229258827,237.163094618448,130.977421074936,2.55115382608552,422.006981740064,0,2939,0.510522191758187,11,5,71,2.213819,3.162278,1
425,253.157647058824,488.882352941176,4.88,9.32817680918531,11.0090555310822,9.63533154148866,6.10581684577583,-8.38809430722592,-10.2201022914472,73.9337806411288,0.973605813847242,-0.143562884169277,0.177430035596707,-0.128304846928194,0.298659794350072,0.945695613553063,-0.18875800777075,-0.943499881042796,0.272357098263743,7.57495648040322,5.80247586965039,2.33006245963499,0.872689938398357,301.828187256076,253.139185795222,488.859529233106,4.9405408562584,40.2847058823529,0,332,0.905698431820522,12,0,5,2.598141,3.162278,2
628,273.914012738854,367.972929936306,4.86464968152866,10.6247896462619,18.0254192399115,9.69176812640444,6.04585866210784,-59.7102052435371,-25.8157285097539,59.7825810125539,0.454036950519781,-0.77730891919345,0.435478233330908,0.244778220625116,0.578777566484435,0.777881836297748,0.856699521577023,0.246591509741648,-0.453054695432058,20.3072336734108,5.87064808849931,2.28452543513652,0.8,436.440889514434,274.026596974883,367.888940284009,4.64484943799436,34.4251592356688,0,454,0.812578115034933,13,3,14,2.430011,3,2
565,336.146902654867,531.343362831858,4.48318584070796,10.2569115048637,18.6539204236149,7.98349307110107,6.30146574148131,-73.8248421975412,-17.3120289208907,-100.828128906188,0.265954822099829,-0.916906192065552,0.297575314086531,0.0990058870213449,0.333041144267658,0.937700074949344,0.958887828130572,0.219924148689357,-0.179353009136442,21.7480466981598,3.98351010101993,2.48177940569141,0.771857923497268,406.545515999989,336.912110224801,531.267150108774,4.24343727338651,48.8141592920354,0,398,0.812968866843351,14,0,9,2.722383,3.162278,2
565,384.833628318584,134.700884955752,5.44247787610619,10.2569115048637,13.3345481881811,9.7066183434427,6.99011829756167,-81.37805994179,-33.2795181795853,136.111744957571,0.125328600108797,-0.826555933409487,0.548724002518882,-0.769576758538802,0.268064256808889,0.579562910250827,-0.626134454180314,-0.494921047407635,-0.602502117939223,11.1131359614328,5.88865247907864,3.05385961336915,0.829662261380323,384.218831882214,384.730126521843,134.890785390308,5.2192647409883,29.6566371681416,0,432,0.86020991174133,15,0,3,2.504662,2.828427,2.236068
1010,393.791089108911,600.510891089109,7.67425742574257,12.4482294225128,18.997145316524,10.8549863277529,9.97286467642109,-0.127229989840821,-17.3366911316185,175.56711403459,0.954567817028053,-0.00211969981589515,0.297986223787255,0.0252456211693632,0.996954951751612,-0.0737799619796166,-0.296922449986643,0.0779508245667178,0.951714625107389,22.5557206360705,7.36442051098143,6.21612686588798,0.600118835412953,674.789483381743,393.739503266343,600.150236205741,7.37941034316095,63.5039603960396,0,457,0.721434213985867,16,1,20,2.461376,3,2
529,395.873345935728,251.886578449905,5.65028355387524,10.0342677008268,11.9545511137641,8.78783241373386,7.71117993855742,-85.4708750002941,30.8847908062439,-140.443073178881,-0.0677685831707816,0.855521309325183,0.513313460202973,0.794398664952414,-0.264998026756294,0.546540764204366,0.603604324252939,0.444813820722552,-0.66166644514994,8.93195577072486,4.82662490824197,3.71639350280065,0.858766233766234,344.073698961946,395.553804575387,251.975904990293,5.41330744927867,49.6616257088847,0,480,0.919326465671353,17,0,3,3.159634,3.316625,3
399,402.937343358396,452.052631578947,3.07769423558897,9.13393866837998,13.8264695300499,7.54659519952703,6.13995004640797,-37.537969125243,5.15419330174361,-12.0735265960569,0.789743486962747,-0.606823411309226,-0.0898363639455328,-0.580909456905408,-0.786858668251927,0.208321000080804,0.19710258161116,0.112333359621425,0.973925966713271,11.9482037290874,3.55944369409528,2.35618666077408,0.820987654320988,306.478177641549,402.898583213773,452.022865853659,3.14194763271162,55.8997493734336,0,405,0.855197649073455,18,0,4,3.113702,3.464102,2.828427
1084,399.908671586716,649.155904059041,7.28782287822878,12.7451089782623,13.3662773765352,11.7512937943626,9.84453223664644,-77.0423347468,-63.4078404413998,-176.39979168899,0.100374053027639,-0.436238109458306,0.894215500500325,0.960021854191916,0.278510189141406,0.0281089668670548,-0.261310330742433,0.855645011906609,0.446753315204957,11.1660856816547,8.63080661508899,6.05717593489819,0.903333333333333,528.032675976845,400.113418359565,649.262286014862,7.09183773836116,647.14852398524,0,2825,0.966442857367922,19,0,1,5,5,5
1584,422.087752525253,694.746843434343,6.42676767676768,14.462793486603,35.0966755788122,13.2502800492647,10.8760149499217,45.2535136771416,-2.14450725330497,37.7721146615119,-0.703478128807294,-0.70973112362148,-0.0374199739815466,0.57753786197262,-0.540177430049064,-0.612093425919347,-0.414208329561205,0.452205789689361,-0.789899603426624,76.9860397927746,10.9731200864964,7.39298132443249,0.440244580322401,1126.52452228004,422.65842824221,695.25395500039,6.11232089776561,56.7064393939394,0,568,0.583329033535729,20,2,42,2.339052,3,1.732051
442,429.346153846154,470.927601809955,4.16515837104072,9.45093005472339,13.0533026616664,8.45142420332984,6.67003295912446,25.9089535682652,24.6626591773424,-116.152314245619,-0.817438361407411,-0.397084613033275,0.417274891877983,0.144323474241219,0.560117677161182,0.815744397783096,0.557642591704142,-0.727043325960548,0.400553045293269,10.6492943985667,4.46416069153934,2.78058372973792,0.840304182509506,318.606732902858,429.440857049395,470.8675171737,4.09012103369316,69.1628959276018,0,609,0.880732497808123,21,0,5,2.982718,3.464102,2.44949
604,435.789735099338,685.271523178808,7.35761589403973,10.4876802674584,15.2153349429148,9.11717617145122,8.45128579072573,-44.8597703120737,-54.082523977566,-31.4145438232782,0.415816531613601,-0.413786100202459,0.809862750912817,0.901194058956772,0.307179434022173,-0.305761448542546,-0.122253344076365,0.85698416472713,0.500631862019477,14.4691510890677,5.19518133382987,4.46401446978266,0.676371780515118,438.30889603939,436.13864641527,685.232309124767,6.96069017690875,56.9006622516556,0,515,0.788367050708479,22,0,8,2.44731,3,2
690,435.7,352.079710144928,6.8536231884058,10.9635236086462,17.5950684780857,9.46929675007329,6.9154772142113,-69.5340729703214,-37.3770795378073,-43.9700439719884,0.277852239011765,-0.744498974756453,0.607057995468917,-0.821642403114455,0.143222185240012,0.551716564061094,-0.497696588978117,-0.652080272851178,-0.571917321890045,19.3491521717829,5.60422380880929,2.98898906876723,0.741138560687433,463.337180945211,435.967226577081,352.074692049272,6.60380739081747,38.8260869565217,0,592,0.81499141316465,23,3,12,2.643628,3.316625,2
837,440.974910394265,755.328554360812,5.5221027479092,11.6925421788773,19.4172515563604,10.2891499360128,9.52862849675473,49.39873413629,-10.1659983502539,43.5353607699071,0.640573914472389,0.747336993306212,0.176500647402639,-0.629542137339586,0.379484626664584,0.677988285620885,-0.439706444587097,0.545416204894273,-0.713568080863559,23.5643536251862,6.61666290035951,5.67467256432289,0.619082840236686,575.71595021879,440.52250739939,754.918407916243,5.18562530370632,54.0908004778973,0,430,0.746035513026228,24,0,10,2.305062,2.828427,2
918,465.636165577342,550.651416122004,4.00326797385621,12.0581686274759,17.1409453688096,9.63254073122132,8.52153091819802,0.103052595421721,5.84267530304613,-39.4109117769365,-0.994803554572452,-0.00178926265864586,0.101797280656967,0.0660183413087161,-0.772495185834205,0.63157958047567,-0.077507847479212,-0.635018099271285,-0.768599080910863,18.3632505085322,5.79911505866486,4.53853057436281,0.92354124748491,514.950133221428,465.766495725541,550.437439876241,3.50539700180528,780.208061002179,0,2047,0.887048577508568,25,0,3,4,4,4
1368,466.839912280702,645.850877192982,6.13815789473684,13.7730193729114,13.94323369548,12.2822658514104,11.4002201971112,12.1460184417547,-41.6987523234458,91.9871593581678,0.729938520718039,0.157098577054904,0.665214095655892,0.642636035031233,0.173778713204227,-0.74620364868876,0.232827580950577,-0.972173336357466,-0.0258905701809659,12.150860367923,9.42837840279514,8.12281378391391,0.927457627118644,612.245229167714,466.815121557865,645.850123502206,5.64135417734038,1148.55774853801,1,4095,0.973380809574587,26,0,3,5.740596,6,5.477226
670,504.092537313433,598.032835820896,5.63582089552239,10.8565555814727,14.8789869599482,11.7938557056296,6.98503393311756,24.0589089388751,8.32187677584022,-94.78989589243,-0.903512108106008,-0.403383113181049,0.144734012955497,-0.0976571659626778,-0.135046485671742,-0.986014971815261,-0.417287608780772,0.905010779332532,-0.0826228833311199,13.8365158096444,8.69343952532582,3.04941869042524,0.701570680628272,473.675206777064,504.3696519648,598.368436352105,5.3459475172432,56.4791044776119,0,464,0.781723809166104,27,0,12,2.846021,3.162278,2.236068
812,508.128078817734,630.886699507389,8.11945812807882,11.5749503187537,15.971815585933,13.0284733656331,9.52056435715573,-12.9860476996822,83.6209365481645,-168.888728511529,-0.108264239153417,0.0249670016107245,0.993808584864863,0.4071250864942,0.913121405275658,0.0214117531860051,-0.906933304310533,0.406922533239409,-0.109023086887135,15.9436808194407,10.6088198899382,5.66507160492151,0.577114427860697,586.050280708673,508.182033569308,630.968257593058,7.51958209636903,43.1428571428571,0,529,0.718213006418029,28,1,19,2.354287,3.162278,2
455,541.167032967033,352.008791208791,5.6989010989011,9.54269239597283,13.5569985411294,8.18066331271077,6.37867005654397,30.6731530121507,-49.6930677086687,0.105379583187621,0.556377689823213,0.330000385140114,0.76259006817186,0.511345438450272,-0.859374439375274,-0.00118975818209292,0.65495779165003,0.390608907675964,-0.646880956900964,11.4870130902615,4.18270326474575,2.54296448064067,0.847299813780261,321.486958790219,541.16301703163,351.86100973236,5.57489355231144,57.810989010989,0,416,0.889873680385288,29,0,6,2.94126,3.162278,2.828427
723,608.275242047026,662.983402489627,6.6984785615491,11.1355898121084,17.1936700623852,10.4242744762593,7.05683944615519,70.2982358327856,17.6920364686649,-89.7844118763798,-0.321179527095722,-0.896932610450515,0.303900647720586,0.105993996719436,0.284839826546252,0.952696985338224,0.941068001811776,-0.338198411473981,-0.00358475138149445,18.476393138385,6.79159364727447,3.11243643555074,0.709519136408243,494.77806420313,608.225803669606,663.074793557707,6.58668420258295,64.1507607192254,0,533,0.787346471583748,30,1,15,2.541313,3.162278,2
466,622.600858369099,654.512875536481,6.5450643776824,9.61898169183121,14.8191948845608,7.87680432408519,6.38427402783441,-63.8540371627038,74.4250717584913,52.0794555949741,-0.118316320494208,0.241024067941955,0.963280149788951,0.886537725075986,-0.411324661175498,0.211808604938411,-0.44727185281639,-0.879044607390077,0.165010508443009,13.7255335641621,3.87775289749545,2.54743467890506,0.804835924006909,335.193985177347,622.401289052578,654.755683261366,5.88950977901956,67.587982832618,0,513,0.867185189521554,31,0,9,2.722295,3.605551,2
1289,641.660201706749,188.341349883631,3.20636152055857,13.5026216394535,51.6325412781209,7.12932119119057,6.04758903122226,53.9899359948676,2.2880504407911,-42.859608009694,-0.58745861802583,-0.808268825452082,0.0399234005251806,0.608917851270824,-0.408997120226969,0.679661979258637,0.533021033835349,-0.423583358323197,-0.732438199468554,166.619957427304,3.17670129044743,2.28583331815998,0.729485002829655,910.422550518128,640.962230698603,187.75505193927,2.68751072827876,673.415826221877,0,2458,0.629133865050457,32,0,31,2.691794,3.316625,2
419,637.121718377088,334.651551312649,3.3890214797136,9.28407129540316,15.7976497474034,7.29010674415752,6.35318115394118,-86.2677513478048,7.69900586099116,84.0232836055858,-0.064507181970841,0.988883781323618,0.13396899084969,-0.112576642976501,0.126180324782539,-0.985598815489302,0.991546934305342,0.0786599813938213,-0.103185679223434,15.5978585963522,3.32160352132569,2.52268192342459,0.792060491493384,325.518595040945,637.086226631057,334.571028869388,3.29551909788461,56.2983293556086,0,369,0.831861460160947,33,0,8,2.522542,3,2.236068
819,661.394383394383,467.702075702076,7.30525030525031,11.6081165467858,17.5128450687955,12.2614846381928,8.29543759874859,-43.931827906563,-70.1869514451538,-6.26802373284446,0.244101778487473,-0.235165702016437,0.940803600298367,0.763627407325078,0.644595757239951,-0.0370066552154329,-0.597735313095381,0.727456804451901,0.336925946070345,19.1687339002271,9.3965003457898,4.30089280967074,0.626625860749809,578.001021057743,661.579276471516,467.49451633265,6.62454631529115,61.8998778998779,0,663,0.732394015080376,34,6,18,2.463328,3,2
1085,673.227649769585,1008.27649769585,5.41198156682028,12.7490269339282,25.3129458912487,13.1165627836143,10.9928378398557,-83.4653491388572,-15.9323237240431,-38.791100035762,0.109432475657299,-0.95533937654017,0.274501746630791,-0.793942418634804,0.082150437889236,0.602417414627868,-0.598063515994607,-0.283862609701326,-0.749494529432818,40.0465768558303,10.752763703531,7.55265523583519,0.487859712230216,768.935111150898,672.292407815661,1008.47722948691,5.35467943103917,61.0377880184332,0,586,0.664070606738682,35,0,29,2.352028,3.316625,2
1090,682.305504587156,603.252293577982,8.6348623853211,12.7685806868611,29.1502004189903,11.2388873159213,6.54791803790395,3.2496692796002,-32.1047684456249,61.0767859942587,0.845715589951068,0.0480183140805812,0.531469079464249,0.491846160303603,-0.456489788677891,-0.741420546941759,-0.207008443084623,-0.888431941313274,0.409678154343147,53.1083865292064,7.89453675624852,2.67970191444423,0.58982683982684,793.961024444652,682.388373147107,603.02680924642,8.25585455522168,54.6504587155963,0,614,0.64511321689267,36,1,29,2.461327,3.605551,2
843,700.817319098458,495.686832740214,10.9228944246738,11.7204148521105,22.1251226047598,12.084295753715,6.5004022793505,57.1661031539964,-80.7263918812242,-25.6300806363418,0.087375985229094,0.135404994780562,0.986930050506985,0.526099898654963,-0.847561142235626,0.0697065765009158,0.845922179541642,0.513133118752547,-0.145293043876163,30.5950656422283,9.12688774145338,2.64095186208657,0.619397501836885,626.012558822753,700.732702850165,495.610849853205,9.78539322923433,45.6571767497034,0,414,0.689370658900771,37,4,24,2.453659,3,2
717,716.41980474198,508.875871687587,4.57880055788006,11.1047003613038,18.0826436977398,10.4902337585069,7.59411994787675,-32.3710182222378,15.0377530339872,44.8232831494762,-0.815675630613857,0.517064922651305,0.2594554516411,0.534224319856676,0.501138293082813,0.680782481619288,-0.22198567903439,-0.693905092191753,0.684994949860214,20.4363751937131,6.87781276925738,3.60441611142123,0.648868778280543,511.491542510222,716.205608290516,509.007293390229,4.29195332230253,64.0613668061367,0,616,0.757399657738276,38,0,14,2.512492,3.162278,2
788,772.931472081218,30.3730964467005,4.77284263959391,11.4597690427465,19.8013519923799,14.9161007910654,7.37357814968342,36.3364142049767,-16.0934764627889,-19.9070135996493,0.773982870960114,0.569304627907112,0.27720525987774,0.481086229809062,-0.813343913734096,0.327150909336663,-0.41171173768602,0.11984956668778,0.903398874482534,24.5058462953829,13.9056289255763,3.39810342059305,0.541208791208791,594.082153227208,772.991942446043,29.7426310380267,4.203802672148,61.738578680203,0,448,0.694472570036654,39,1,24,2.488042,3.162278,2
887,988.970687711387,247.517474633596,8.94926719278467,11.9208804468004,21.1134324848173,10.5623615723384,7.18964474256329,17.5169610502046,-38.0062881606863,151.613556704611,0.751404594434688,0.237161529888145,0.615747955094905,-0.0143640338220935,-0.927074906198771,0.374600844671897,0.659685387131472,-0.290321420218447,-0.693201747666251,27.8610644556836,6.97271762405074,3.23068697026675,0.671461014383043,593.624502694476,988.935493360229,246.721423768701,8.27903849386452,26.8275084554679,0,368,0.752063859203741,40,1,18,2.470593,2.828427,2
740,467.209459459459,679.104054054054,7.25405405405405,11.2221921132714,17.1271544883164,10.5638850724032,7.48694230166374,37.9743925817209,-65.5123474041768,133.209627879449,0.326742219117416,0.255043910246155,0.910050617324431,-0.101581478523211,-0.947846046073309,0.302107722781515,-0.939638614291295,0.191155634992918,0.283793582984516,18.333713804166,6.97472923893396,3.50339406427762,0.706781279847182,500.640795254404,467.259799453054,679.095779186365,7.28445443174832,63.7445945945946,0,479,0.790276440936759,41,1,9,2.435306,3.316625,2
624,699.296474358974,262.128205128205,8.07532051282051,10.6021836425475,16.2919408892924,8.66159221094922,7.43137076088008,17.0184470816616,59.1738219307647,-142.109546063895,-0.48999601836775,-0.149979339894617,0.858725858227483,0.273316837620224,0.908984592107831,0.314714025082837,-0.827769175710857,0.388912855168527,-0.404406952002104,16.5892086212623,4.68894872679851,3.45157946160396,0.777085927770859,428.928573891256,699.467137705159,262.712997718407,7.25344078898947,43.5480769230769,0,512,0.823295115967462,42,0,8,2.606657,3.316625,2
923,91.3315276273023,347.75406283857,11.421451787649,12.0800211012074,32.9202262570721,7.04316631686421,6.29439802158967,70.5358630529684,-39.672238765272,-52.8204468039343,0.256479933053968,0.725720285432714,0.638394949268941,0.400291541376224,-0.680937657630275,0.613262250854919,-0.879764017133731,-0.0982546372058653,0.465146536506792,67.7338310510511,3.10038698543817,2.476215403387,0.730799683293745,650.822421775524,91.1311874068457,347.755955338232,11.2930993907382,41.433369447454,0,433,0.704405522101859,43,0,25,2.55585,3.162278,2
799,355.750938673342,651.822277847309,9.08135168961202,11.5128466251056,17.9827172123576,10.5045185209798,7.65804681354215,85.9498029607143,64.574322422374,-49.6612006430448,-0.0303244578252079,-0.428267674011535,0.903142971325336,0.694311657379739,0.640964067181929,0.327255843352261,0.719035290986616,-0.636986549291545,-0.277914350722382,20.2111323962263,6.89655683485043,3.66535506240019,0.6852487135506,534.477146133836,355.968115176331,651.9480914014,8.33361511028926,47.377972465582,0,392,0.779087382453641,44,0,19,2.473356,3.741657,1.732051
668,583.112275449102,325.661676646707,7.01497005988024,10.8457422719456,17.2988073605855,10.2467559315383,6.03731021020422,77.4760574546474,-18.277396396164,-65.3826628518433,0.205907449257925,0.926955203898965,0.313617876251856,-0.34481805109702,0.368658181048396,-0.863244841967643,0.915807094304116,-0.0696074386162667,-0.395540352570423,18.7030460061654,6.56225044503222,2.27806966088976,0.832917705735661,442.467505992431,583.02669525371,325.563522091899,6.8235590868962,71.2185628742515,0,581,0.835193393605681,45,0,9,2.825655,3.162278,2
644,649.454968944099,519.271739130435,6.20652173913043,10.71426577159,14.6115241926477,10.0474907748189,7.88600738729483,-68.2794091951176,53.4319649162014,36.6848339097257,-0.220485496480556,0.55347651762475,0.803149979941295,0.922565403075374,-0.148965138967245,0.35592480163771,0.316637368120214,0.819434641573353,-0.477773633951744,13.3435399520206,6.30950442937938,3.88681953202929,0.752336448598131,441.879165567772,649.392972023246,519.239059332342,5.89995945398027,57.445652173913,0,627,0.816152241085363,46,0,13,2.497309,3.316625,2
830,666.274698795181,377.653012048193,9.3566265060241,11.6598551891494,17.7368997478007,12.2711662461738,6.736639093198,-51.3677241650835,50.8393002271529,141.613475509014,-0.394256423000803,0.493306292798924,0.775377826873837,0.311712789877937,0.865484700075304,-0.392136928332532,-0.864521260322223,0.0870926829334295,-0.494992782806307,19.6623507914709,9.41134506507722,2.83639414200022,0.70578231292517,558.995636440306,666.306325688684,377.898238921173,8.88209200195183,54.3204819277108,0,464,0.764060535134306,47,6,23,2.496533,3.162278,2
1013,683.700888450148,58.9437314906219,11.2033563672261,12.4605422192861,19.5866413475326,17.5343486941037,7.33342532119981,-25.630232868819,-25.0788719785416,59.1342960895785,0.816605796353914,-0.391781882307735,0.423865462212479,-0.106118624868022,0.619928622551513,0.777449252618783,-0.567356863726271,-0.679849586038553,0.464661951902561,23.9772824548045,19.215836507901,3.36119543385091,0.54433100483611,678.11736335338,684.037362834639,57.7479747772816,10.279940758028,43.9911154985192,0,460,0.719314624327171,48,1,24,2.44407,3.605551,2
475,718.76,456.4,6.62736842105263,9.68051203245609,11.8761718493257,8.57942767254398,7.33673953131709,-76.8340912434424,2.98984720922242,76.914996641365,-0.227461501723866,0.972389173167983,0.0521589986407991,0.232017317272304,0.00209736955123681,0.972709394180363,0.9457426868442,0.233355730477426,-0.226088198130863,8.8152161121697,4.60041119927584,3.36423418439943,0.831873905429072,325.828957914353,718.902209986423,456.429250263992,6.45500829687736,55.8231578947368,0,472,0.903559697755549,49,0,2,3.162278,3.162278,3.162278
1419,784.9274136716,18.9619450317125,7.36011275546159,13.9420913638337,25.3125358254013,14.3383225915515,9.03639725449317,-40.5012668837169,1.02276187760053,-94.710651515062,-0.760270461927122,0.649361390900467,0.0178496142516023,0.0668633635053998,0.0508926988350244,0.996463357994679,0.646156417086347,0.758775142722202,-0.0821107023781719,40.0452793695139,12.8492184212123,5.10352970881323,0.499472016895459,987.210199086848,784.776863911394,19.1875397395139,6.87836119372372,68.7174066243834,0,563,0.618580304407572,50,4,40,2.333263,3,2
1507,79.4525547445255,594.649635036496,14.7962840079628,14.224539316458,48.0436403614804,14.3370761028735,6.9231389813606,43.6287764084944,24.5136535035454,-13.262464766015,-0.658581545421362,-0.627789757042558,0.414910073368743,0.740478501874817,-0.638844204891032,0.208733490696563,0.134022148511494,0.444700014424995,0.885595822527846,144.261961198955,12.8469844487241,2.99561583470218,0.430571428571429,1037.22569001014,81.1162066710268,596.400261608895,13.6885284499673,25.3649635036496,0,556,0.612848359447153,51,0,37,2.528521,3.162278,1
918,497.423747276688,760.316993464052,9.40631808278867,12.0581686274759,12.2047370751785,11.0933209577931,9.47498811663792,-54.3836367335957,-13.785531084313,81.1034247956069,0.565580122333104,-0.789517482115805,0.238288209224021,-0.0113774623783379,0.281444166421812,0.959510153430885,0.824614866814503,0.545390985092943,-0.150196520624974,9.30972544213977,7.6913606170382,5.61096248815186,0.945417095777549,456.204525242005,497.323963985238,760.469003306021,9.16017315422973,793.429193899782,0,2740,1.00127411695358,52,0,1,5,5,5
619,506.581583198708,674.067851373183,10.1534733441034,10.5737898707081,16.9694145490213,9.58797087408299,6.7981706298167,-51.0184082762896,-81.0304098996668,8.09599068717136,0.0980785499527421,-0.121196518826533,0.987771229517998,0.682090818670764,0.730937753176561,0.0219571415773702,-0.724660412278893,0.671596161994342,0.154356347683709,17.9975643835334,5.74557409264149,2.8884452445064,0.724824355971897,427.344591023947,506.683510783511,674.081736281736,9.2970242970243,59.1760904684976,0,704,0.821926555911662,53,0,13,2.541383,3.316625,2
840,949.879761904762,776.279761904762,13.4214285714286,11.70649510641,28.9340741630039,7.00961672836718,6.22647043205101,-42.1473391199835,-66.1771739589512,-37.7234896191653,0.299467457897178,-0.271039384159805,0.914798827007816,-0.945763118925107,-0.210849538101589,0.247132748059419,0.125902202290729,-0.939191207644439,-0.319481628488595,52.3237904793882,3.07092041741282,2.42305837757534,0.772769089236431,573.684079114755,950.066906044285,776.156712547377,12.9939357670058,29.8392857142857,0,377,0.750465705873482,54,0,26,2.638171,3.162278,2
715,102.194405594406,75.9846153846154,9.66433566433567,11.0943655946435,13.1648524661366,10.9091442472189,7.99135928674297,-13.1412838339678,-26.535946840636,163.830989152562,-0.871225400645115,0.203402358838111,-0.446759198774744,0.339511750229662,0.907007767452641,-0.249135869028463,-0.35453924003804,0.368733494816607,0.859265696437127,10.8320837784465,7.43808926291434,3.99136395311332,0.806997742663657,434.189527727539,102.055208034433,75.6980487804878,9.47629842180775,48.7412587412587,0,450,0.890585201958959,55,0,9,2.997901,3.605551,2
516,259.635658914729,537.980620155039,8.75581395348837,9.95138876981622,10.7253029051514,10.1340872028264,7.34042773242624,-39.968883441891,-29.6199100954471,-17.6020433868899,0.666243605684603,-0.558428458055055,0.494243983391434,-0.726841736084065,-0.634501112245355,0.262886723220684,-0.166794929691167,0.534383753302493,0.828621418764721,7.18950765045303,6.41873271465559,3.36761745593576,0.819047619047619,347.182109098365,259.851751786648,537.994770786125,8.57408052989367,22.2364341085271,0,400,0.896107107132493,56,0,3,2.939711,3.162278,2.828427
728,266.350274725275,18.2623626373626,8.95467032967033,11.1612007344534,11.7632724971451,11.1684487252706,8.15862138768221,30.0322667973704,-3.78020693635844,-57.7607659420459,-0.863860089902417,-0.499398723888917,-0.0659292018145964,0.218709929977943,-0.489745389029178,0.843987808237597,-0.453774957002732,0.714668012788302,0.532294955728859,8.64841124013064,7.79589043306235,4.1601939342216,0.880290205562273,415.556433193777,266.144577400788,18.1909269918207,8.80354438049076,90.6868131868132,0,782,0.941763166644657,57,0,2,3.741657,3.741657,3.741657
981,269.445463812436,130.386340468909,7.03465851172273,12.3279291096448,26.6927156600714,13.5265392191487,4.98491710297558,75.7610787203407,4.07089213602742,3.22416206337131,0.245345300211348,0.966832975830342,-0.0709907072175559,0.966762183313865,-0.249446583701301,-0.0561006487837601,0.0719483465995742,0.0548671005867366,0.995898105578473,44.5313168318388,11.4354539529479,1.55308740772115,0.698717948717949,717.225261425381,267.317291528945,130.348758145245,6.88495608650486,53.9704383282365,0,530,0.66569386102386,58,0,20,2.065028,2.828427,2
502,387.790836653386,443.872509960159,9.27091633466135,9.86056268427343,12.8565629923423,8.96908971313852,7.61958829431183,-74.5034429493794,-49.1603303897898,14.8606528177908,0.174721216259346,-0.630171397290571,0.756542468487859,0.879573918844941,0.445220030217258,0.167716564420744,-0.442518042430598,0.63613138165806,0.632071710641442,10.330700748504,5.02778564264545,3.62863286092587,0.800637958532695,354.796917302902,387.740308569947,443.885042568823,9.26768658974026,46.093625498008,0,434,0.860941081434155,59,0,7,2.847824,3,2.44949
683,398.285505124451,484.418740849195,9.8696925329429,10.9263228062597,16.0842177535107,9.52881435182607,6.94074055333046,-89.5537964757903,10.5925562713501,87.3256060000153,-0.00765493457092423,0.982929431970745,0.183823648485127,-0.0480886117526989,0.183254492970409,-0.981888627200589,0.998813740091922,0.016356117260121,-0.0458649106808257,16.1688787963968,5.67489393447291,3.01086746429037,0.799765807962529,442.975463344618,398.323680900761,484.393633586872,9.79583158651255,48.8931185944363,0,604,0.846677962200556,60,0,3,3.208793,3.464102,3
445,540.047191011236,333.395505617978,9.34157303370787,9.47226405500323,13.786254690829,7.63680856900288,6.4626592285815,-75.3585302067893,-37.7576077584436,76.075619191812,0.199841820761639,-0.764934437207285,0.612322262741644,0.082598339108022,0.635855493420693,0.767375596343358,0.976340494423574,0.10277693447998,-0.190252833586333,11.8788011500253,3.64505281997474,2.6103727690481,0.867446393762183,314.563517956605,540.405540355677,333.238474692202,9.08071135430917,65.7078651685393,0,439,0.896084802873637,61,0,5,2.953223,3.316625,2.44949
662,626.700906344411,451.995468277946,10.7175226586103,10.8131722792263,13.0535027082877,12.3764897665635,7.07606425066964,56.4410135429096,-68.3546659576304,93.181263597674,0.203904088681738,0.307377452152595,0.929484924314025,0.466778048274442,0.804039485740765,-0.368291676553827,0.860547137737366,-0.508959337548595,-0.0204698914047446,10.6496208097046,9.57359368386571,3.12941782997531,0.740492170022371,448.41188130315,626.634986498057,451.916485543042,10.1289600210762,45.8700906344411,0,409,0.819179369091678,62,0,4,3.079156,3.316625,3
866,647.368360277136,595.172055427252,13.6431870669746,11.8260512451065,28.0559952216329,10.9431583954958,7.85855872081421,-76.9260279560111,60.7465177003749,56.9555347403865,-0.110542435850348,0.476007259257641,0.872466308237917,0.696591391634795,-0.589036206977459,0.409630052571718,-0.708901123554316,-0.653034023618707,0.266469062031207,49.196179242268,7.48454472930695,3.85980907303031,0.488713318284424,663.888429306469,646.236825158313,595.324916818719,10.9349039390362,43.0346420323326,0,1708,0.661811464747178,63,0,27,2.270364,3,2
1608,704.766791044776,417.220771144279,10.4496268656716,14.5354720612726,24.9681897560904,18.666905870055,10.1989040864289,34.7186356475531,-20.1114416905685,118.540584337302,-0.771840395590671,-0.534819121584267,-0.343847220320697,-0.0238357966152184,0.564755201991984,-0.824914187429645,0.63536938747012,-0.628506220343781,-0.448648718325395,38.9631562310087,21.7783359225933,6.50110278526098,0.474616292798111,1060.33698530145,705.178795618469,416.93986186305,9.38767379534867,69.1504975124378,0,522,0.625985457290518,64,4,43,2.614507,3.464102,2
563,725.754884547069,415.847246891652,11.1971580817052,10.2447946459704,18.415357293162,8.02260316908549,5.96778738030119,42.3822061160802,-65.5454369916066,73.4448790846704,0.305786133910061,0.279047012181562,0.91028984686246,0.83659417645757,0.377692230434528,-0.39681073950521,0.454538253863873,-0.882882406700878,0.117956058396537,21.1953365146759,4.02263510053878,2.22590538853013,0.781944444444444,404.350548834228,725.562046619596,415.582487023245,10.539059225586,55.0923623445826,0,745,0.815451903432623,65,0,14,2.452038,3,2
469,787.264392324094,486.631130063966,7.73987206823028,9.63957914593055,13.6400468203964,7.78314660293909,6.79300961841469,-34.2539813023754,-4.75854430463347,-11.4304133419948,-0.823701637359844,0.560922257105043,-0.0829568206653033,0.565287265365319,0.800903368198419,-0.197494563024474,0.0443386989717888,0.209571029230217,0.976787624553504,11.6281798289129,3.78608569017765,2.88406122974216,0.84963768115942,326.554034337333,787.484123662022,486.347365903247,7.62315374035759,35.6567164179104,0,518,0.893945342669801,66,0,9,3.072366,3.605551,2.44949
608,66.4194078947368,802.702302631579,8.13322368421053,10.5107809594231,15.4300998696862,9.24921327093772,6.76136737997414,-89.5735072443486,0.39809037609862,160.340402019424,0.00744345441295169,-0.999948159270754,-0.00694793188174593,-0.94166452406173,-0.0093471668442445,0.33642317785132,0.336470680906966,-0.0040384703808409,0.941685282696393,14.8804988742806,5.34674663320565,2.85725555293615,0.78961038961039,413.015536007745,66.3423643735118,802.589227105991,8.21809640259991,25.5575657894737,0,769,0.840336941314424,67,0,8,2.304451,2.828427,2
673,243.365527488856,590.679049034175,9.63447251114413,10.8727352709581,16.0738699422653,9.25910421588444,8.04351605137461,-32.8528013336308,4.85481989124713,-116.256913496591,-0.837053157715526,0.540536367786779,0.084631236894796,0.303752819433933,0.330469205196575,0.893601885127085,0.455056299642587,0.773699256505149,-0.440809737459344,16.1480809325537,5.35818818003807,4.04363440429506,0.756179775280899,455.598560015424,243.326454135665,590.623852712757,9.454081355564,27.3595839524517,0,311,0.815164311871915,68,0,7,2.689775,3,2
624,304.48717948718,652.807692307692,9.87980769230769,10.6021836425475,14.6180648849311,10.7733535755973,6.61086969761092,26.8563109960351,-0.330574034765485,-76.107607754061,-0.892127410525078,-0.451747048040765,-0.00576957331821043,0.103469172948082,-0.216732785378709,0.970732213327356,-0.439775867504413,0.865419842809513,0.24009515203831,13.3554888112535,7.25407170405222,2.7314748849244,0.762836185819071,422.78604888921,304.638973666442,652.810236326806,9.7339635381499,59.3349358974359,0,423,0.835256510737179,69,1,9,2.722744,3.162278,2
510,323.819607843137,48.8333333333333,9.04313725490196,9.91266702113128,12.0739100576222,8.91412968399125,7.61676370887663,58.9812554324485,28.6753428899555,-90.3046094027967,-0.452116077498002,-0.751890213158639,0.479845975104593,0.242713842390117,0.413961238367887,0.877340346639291,0.858301254327434,-0.513124936526362,0.00466436863584679,9.11120650497184,4.96635675143837,3.62594308730375,0.791925465838509,342.545576350867,323.866908831061,48.845233132853,8.9971118918597,65.8549019607843,0,433,0.90118207577701,70,0,8,2.548631,3.162278,2
613,337.721044045677,604.864600326264,12.1549755301794,10.5395147846152,13.9816317827012,10.8740500119365,6.50013244592084,-12.3434261535116,-67.1009306624787,-170.237733570802,0.380114278376434,-0.0831801614736461,0.921191726032958,0.0580883734218782,0.996128861446105,0.0659775133457437,-0.923113685440511,0.028431534100458,0.383474603619498,12.2178767066901,7.39031022888099,2.64073261340705,0.799217731421121,409.150177643452,337.715672891977,604.697152075448,11.5999565675994,52.584013050571,0,454,0.852920128023259,71,0,8,2.806693,3.162278,2.236068
778,349.092544987147,521.874035989717,10.3984575835476,11.4110863443185,13.9496138117824,11.2826556601843,10.1018637448086,21.6785757568139,22.9455312771378,-25.8053574738575,-0.855743040867816,-0.340170915216488,0.389855866246849,-0.490268837824615,0.773911254114131,-0.400871347708456,0.165349069136797,0.534177048548765,0.829044369222375,12.1619828436168,7.9561449216431,6.37797819491735,0.635102040816326,545.323642835138,349.071277766214,522.086859555741,10.1720241458265,43.2249357326478,0,338,0.75015244413926,72,3,10,2.615769,3,2
593,594.919055649241,726.172006745363,9.77065767284992,10.4236228766089,12.8737205118549,9.89382868468691,7.45023953481042,-54.0101995129549,9.31621710849443,-99.263587514087,-0.579890200504282,0.798449250471956,0.161883136181244,-0.224138216658965,0.0346783905767468,-0.973940177351744,0.783255651235305,0.601062562174503,-0.158853332228756,10.3582924885846,6.11799037762085,3.46912932037826,0.801351351351351,391.215265104362,594.553832378224,726.378868194842,9.54648997134671,47.0826306913997,0,467,0.872512104897634,73,0,3,3.255943,3.605551,3
510,616.109803921569,26.8490196078431,9.26274509803922,9.91266702113128,12.7169182058216,9.2952270059945,6.59566746421145,-61.6333537270482,12.9722670146994,27.8168958183244,-0.462986643009767,0.857468580506937,0.224479401812203,0.828013420894946,0.328035134236395,0.454738084532579,-0.316286489139822,-0.396409616621404,0.86187137824485,10.1075005408472,5.40007781831059,2.71892683115359,0.858585858585859,340.062911033134,616.281038058405,26.8544924611849,9.29185583767726,34.9823529411765,0,474,0.907761251017548,74,0,2,3,3,3
495,626.616161616162,198.408080808081,9.56969696969697,9.81451535630231,10.8378695021183,9.88617009645105,7.05559925599489,-88.3133357212655,-75.1842295988832,83.0848085336802,0.00752651899398742,-0.25560107171871,0.966753041706144,0.0920998719107048,0.962848347918441,0.253851674220912,0.995721329040342,-0.0871272118627408,-0.0307877223444696,7.3412134590591,6.10852244849768,3.11134255382473,0.844709897610922,329.118899127059,626.76051734928,198.450942215423,9.46060774633197,29.0525252525253,0,339,0.91946408235089,75,0,1,3.605551,3.605551,3.605551
