Volume,Centroid_1,Centroid_2,Centroid_3,EquivDiameter,PrincipalAxisLength_1,PrincipalAxisLength_2,PrincipalAxisLength_3,Orientation_1,Orientation_2,Orientation_3,EigenVectors_1,EigenVectors_2,EigenVectors_3,EigenVectors_4,EigenVectors_5,EigenVectors_6,EigenVectors_7,EigenVectors_8,EigenVectors_9,EigenValues_1,EigenValues_2,EigenValues_3,Solidity,SurfaceArea,WeightedCentroid_1,WeightedCentroid_2,WeightedCentroid_3,MeanIntensity,MinIntensity,MaxIntensity,sphericity,id,nb_branch_pt,SkeletonSize,MeanWidth,MaxWidth,MinWidth
2228,8.06508078994614,115.157989228007,5.17324955116697,16.2046201303281,39.0670619764604,11.2311248014842,9.18552739693506,25.0845579561115,-1.77686980377639,-67.5205340445862,0.905247604801525,0.423751488462475,0.0310072576494479,0.13615137445519,-0.358436854018725,0.923572317100898,0.402479287957859,-0.831839947169524,-0.382168451154643,95.3897082170373,7.88363526915704,5.27336959749029,0.699529042386185,1255.0458617808,7.57050220177588,113.937415116656,5.12233660485083,291.811938958707,0,1645,0.65730658948485,1,1,34,3.097471,4.123106,2
1919,16.284523189161,623.561750911933,4.32933819697759,15.4179080333183,47.0314909985576,11.9043012571039,8.02651761170544,69.1901340360774,6.82344885697156,19.9407478763136,0.352751553629654,0.928143547469853,-0.118810339204725,0.86432599786333,-0.371844834697612,-0.338632526976168,0.358478605818289,-0.0167622850107741,0.933387440976036,138.247571596712,8.85702427624288,4.02656156068861,0.576103272290603,1187.85133781649,14.213125915839,622.67429804177,4.72656562217848,140.825429911412,0,1030,0.628693084417147,2,0,32,2.833028,3.464102,2
1992,28.5411646586345,184.625502008032,3.52911646586345,15.6109825136063,63.8667718901315,8.12387034284448,7.0567484718038,-76.6498759894881,-0.670089361829828,-38.3371109564842,-0.230885223112911,0.97291070543274,-0.0116949990367532,0.764853819191068,0.174054701585176,-0.620244787261394,0.601407223948082,0.152150320770164,0.784321127391452,254.935284479131,4.12482933420924,3.11235618714407,0.676400679117148,1303.8446790268,29.1740351234152,184.520782837596,3.17126289151417,197.38202811245,0,1592,0.587197892541122,3,0,50,2.851104,3.162278,2
2677,36.7885692939858,216.592080687337,3.80351139335077,17.2272748618851,79.3293195829347,10.6389919828049,6.43293843004655,-59.9982900579763,-1.71731200588268,-12.0657541261962,-0.49980125932926,0.865621513417456,-0.0299682612401685,0.850011238625451,0.483554424319436,-0.208940213773044,0.166371858748145,0.129901940824499,0.977469125029899,393.321309093212,7.07425940063667,2.58641855279811,0.548340843916428,1790.37403100541,38.5429517419843,215.70646856578,3.79445458047727,102.781471796787,0,988,0.520761978992182,4,1,69,2.504268,3.162278,1.732051
1672,31.2655502392345,458.613038277512,4.03648325358852,14.7258108221037,36.9347558580767,12.5604201438944,7.36131098032919,44.27739109822,-2.9525722092739,15.2637044118562,-0.715017835213146,-0.697206057892537,-0.0515093017333315,-0.6832145976653,0.68124506117585,0.262912495253754,0.148213726976112,-0.223179030066584,0.963443725224462,85.2610118934831,9.86025963694679,3.38680620931969,0.632614453272796,1043.60171854557,29.8497529745797,457.233558410586,3.9271369073633,206.64533492823,0,1244,0.652790042170252,5,3,29,2.651637,3.741657,2
1285,38.6731517509728,14.315953307393,3.85214007782101,13.488640141865,43.5748413929552,9.00080141241098,6.67318079161389,41.136267849163,-3.78065913263765,-44.6947980713937,0.75150811558526,0.656420485734636,0.065937076955199,0.432715345518471,-0.565892920789274,0.701799566794833,-0.497988937590306,0.49887608492339,0.709316339815452,118.672925151325,5.06340162910371,2.78320886734778,0.612488083889418,865.747051926048,37.6478768628916,12.9725165097005,3.21836169334284,337.379766536965,0,1500,0.660229899704497,6,0,26,2.688843,3,2
2317,22.6344410876133,721.176089771256,4.22097539922313,16.417579847045,67.5789954229335,9.47131427670695,6.51252218624147,54.8075390605325,1.82965664339483,64.1836181770512,0.576030961309553,0.816804093826169,-0.0319281055122826,-0.339325793968662,0.27447096566005,0.899735346953301,0.743670852703217,-0.507441387076824,0.435266471855138,285.432538898304,5.60661213300956,2.65080907664297,0.629619565217391,1509.559348689,22.6033048176774,721.407618824646,3.81719380069436,140.102287440656,0,906,0.560941995237539,7,0,47,2.510911,3,2
3022,34.5069490403706,83.5549305095963,4.34348113831899,17.937638990165,65.5417691893879,13.8811261342808,9.04563618065132,2.91182300975912,1.90164181296493,-12.4651296810217,-0.998158872569364,-0.0507710484073468,0.0331838176627651,-0.0567548945106434,0.974803030591125,-0.215726524793416,0.0213950241912115,0.217212688842013,0.97588979948859,268.482719279688,12.0428539222384,5.11397086954427,0.491861979166667,1904.13523480838,34.9457086585531,84.9935744203207,4.40818670297349,127.355393778954,0,1014,0.530863225760983,8,1,80,2.725564,3.605551,1.414214
3152,59.6535532994924,325.691941624365,3.83565989847716,18.1912494337684,89.9171286998446,9.44963334374324,6.97583332666029,-40.82863464019,-1.99754073691267,-13.7479377602528,-0.756208592748918,0.653401547020475,-0.0348566005793873,0.641335932774494,0.729574448686745,-0.237506516027879,0.129756639849259,0.20195925870007,0.970760357781645,505.318127101526,5.58097314569907,3.04139066258402,0.512187195320117,2038.06894127342,58.7585233003833,326.71921149624,3.95226392228641,215.453362944162,0,2837,0.510100864632101,9,4,69,2.776996,3.605551,2
2156,61.636827458256,313.518552875696,10.9888682745826,16.0281492592323,49.1335462591001,10.1265605292906,9.50917506058938,-59.6209840609767,19.2169025000619,-7.79475216190875,-0.477538896290142,0.814628763148132,0.329145227493484,0.832152455276282,0.539556253452473,-0.128067718563214,-0.281920012960501,0.212741692228099,-0.935554423152537,150.881585499695,6.4092017595866,5.65152564580842,0.554099203289643,1254.20904399772,60.5825313704724,313.848212932506,10.7837837093075,504.955009276438,0,2836,0.643497258061871,16,0,30,3.150502,4,2.44949
654,94.0076452599388,286.607033639144,2.25535168195719,10.7694380408397,25.588915213008,9.82336510770223,4.12585681813557,-36.590169110073,-2.4749111025343,-2.55500043109173,-0.802170821811991,0.595531103096604,-0.0431819160994178,0.597040145893156,0.80097411737242,-0.0445368105206408,-0.00806454123641938,0.0615074673841698,0.998074042659477,40.9245363611571,6.03115637745135,1.06391840523473,0.799511002444988,532.206088145405,93.9225233118468,286.704664455431,2.08279616997309,146.596330275229,0,896,0.684630303736241,17,0,19,2.344033,3,2
1026,105.070175438596,757.70955165692,3.77095516569201,12.5136185639967,30.1949332066728,11.2326279252195,5.02368815594473,4.75815158925579,-7.73589756514674,-30.5542013737825,-0.987484134349726,-0.0821950671265269,-0.134607040483173,-0.00324017032599033,0.86385697612348,-0.503726737526465,-0.157685083961139,0.49698601161689,0.853311384286712,56.9833744597146,7.88574563165127,1.57734016801121,0.76056338028169,730.334698609106,105.579958964628,757.473838521812,3.39254505032262,170.537037037037,0,881,0.673587103600283,18,0,22,2.359765,3,2
3220,129.720807453416,338.356211180124,4.66149068322981,18.3211367557204,81.3011154151069,15.9875911539885,7.84816337066764,-23.3659727006063,3.90272177935619,1.18766050138741,-0.915861548667353,0.395683073479943,0.0680626845937216,0.397812622518787,0.917233609726086,0.0206790365727999,0.0542470371298177,-0.0460153295144107,0.997466715440829,413.116960483783,15.975191931693,3.84960426829308,0.418616744669787,2083.93688742193,128.551765587042,341.803225688815,4.2836552757222,221.417391304348,0,1291,0.50602286771288,19,2,77,2.559218,3.605551,1
2477,146.760597496972,299.295518772709,9.43358901897457,16.7871045321193,46.3401317862147,19.828517466462,8.22731977252311,-33.1766067046472,10.7383450821817,38.6488021448445,-0.82233074523076,0.53763876664955,0.186324185343111,0.52477235489203,0.589999108509034,0.613608203579139,-0.219968454532227,-0.602366672844785,0.767312368241649,134.212988372734,24.5731315573618,4.23054941495936,0.409963588215823,1747.38676171859,146.673446927899,299.975072194962,9.40544807832273,137.563181267662,0,1383,0.506655102836581,21,7,78,2.29273,3,1
2559,117.167252833138,792.453302071122,4.02579132473623,16.9703404317968,62.0924699649255,17.0315585499575,5.44275398681031,26.3683702827888,0.551783869829013,-22.599228573902,-0.895915533688138,-0.444120044455394,0.00963029642522963,-0.413353195460141,0.825517710213043,-0.384265072479278,-0.162709840818524,0.348249761288581,0.923172579458065,240.967176646574,18.1296241650395,1.85147318505872,0.561184210526316,1833.45710816408,117.22905157115,790.53651157154,3.37598936872634,140.26611957796,0,1287,0.493469399918194,25,5,79,2.329523,3.605551,1.414214
1911,112.194662480377,914.016745159602,4.6530612244898,15.3964532718632,49.8793769869515,11.8054485236044,6.7656556747616,74.2132727492633,5.00979942474066,12.80252465551,0.271018019201833,0.958604914202155,-0.0873261228693544,0.933093835786951,-0.28391471666444,-0.220744937150874,0.236400352969931,0.0216576113371057,0.971414340529757,155.497015537902,8.71053842771711,2.86088104433962,0.621867881548975,1205.7735820826,116.565097111521,915.593018309841,3.9888540971377,319.861852433281,0,2688,0.617625878654801,26,0,40,2.490912,3.605551,2
2930,149.081911262799,430.47542662116,4.93549488054608,17.7537322566162,65.6461887107255,12.9980264169492,6.88024561545822,-56.869167577926,4.47531408086499,-41.7493685063408,0.544886266878048,-0.834871452972406,-0.0780295660595906,0.596375353002866,0.451274429389428,-0.663843225249722,-0.58943650590917,-0.315184146795156,-0.743789996645961,269.338880765261,10.5592931709819,2.95861123306451,0.627543371171557,1850.52728497433,146.27225395943,432.789333320098,4.09574269203217,206.294539249147,0,1525,0.535098473222867,27,10,66,2.363064,3.162278,1
1400,145.819285714286,637.377857142857,4.28642857142857,13.8795846876785,36.3941997393561,9.89315735361537,6.59996147563662,-10.3176047550076,-4.47349451752011,-21.4459640801881,-0.980832836788451,0.178558878297667,-0.0779979054757165,0.194760562602316,0.910604737616295,-0.364509718780705,-0.0059388157362546,0.372714017460892,0.927927255584086,82.7836109167591,6.11716015146211,2.72246821749297,0.7502679528403,881.282008619582,145.779964562496,637.682685301716,4.47112836987481,86.2685714285714,0,745,0.686732989783653,28,0,27,2.674896,3,2
1146,159.80890052356,288.921465968586,3.29755671902269,12.9836061147659,34.1734641337778,8.77534193317317,6.0699844879207,-55.3875848264162,-3.90901143145584,18.2080990932631,0.566700629419698,-0.821098622038645,0.0681722047579309,-0.76970344989518,-0.557111624019822,-0.3117422614941,-0.293950669049719,-0.124192154616286,0.947717950076386,72.9891031814125,4.81291412775671,2.30279448022487,0.759946949602122,770.760694209956,158.856201636433,289.444231257136,3.34135957122923,110.059336823735,0,1011,0.687101627162637,29,0,22,2.857418,3.605551,2
2373,177.336704593342,578.1601348504,5.0779603876949,16.5487948416858,46.8689246104297,11.0460697385024,8.35738294160047,-36.5621735814528,-0.692212626250837,-93.8583509021678,0.803152307604523,-0.595651255282603,0.0120810955542231,0.0304026492709324,0.0612284304822761,0.997660642812969,0.594997520756884,0.800906150170503,-0.0672851314349907,137.293505883634,7.62597854174107,4.36536560203465,0.700826934435913,1269.49766079245,177.454577075427,577.987710017322,5.20632011753529,243.518331226296,0,1451,0.677720639019796,30,1,31,3.139696,3.605551,2.828427
1709,200.354008191925,234.770040959626,3.28262141603277,14.8336426856367,60.1876911340091,7.61435920918673,6.20453122162502,57.4345539204446,0.438678979186618,-36.5105849592268,-0.538246844644087,-0.842752463674419,0.00765631774291567,0.679831524871373,-0.428787850587667,0.594953844411037,0.498115882121567,-0.325437035629176,-0.803723400069419,226.40988525268,3.62365413540792,2.40601298000748,0.732219365895458,1141.35262777742,202.713397253174,236.149846543794,2.95479925174916,289.029842012873,0,1490,0.605655487659282,31,0,35,2.815496,3.605551,2.236068
1855,193.984366576819,827.940161725067,4.1822102425876,15.2445671350396,48.9462089503761,9.47905483587503,7.6824803790269,-85.2167220202549,-3.1847259946512,-115.0611051342,0.0832582269474532,-0.994978226986468,0.0555553369932219,0.417912876430099,0.0854713473161982,0.904457559259624,0.904663968200065,0.0520862420492965,-0.422930405657592,149.733210663367,5.61578003634535,3.68878154838333,0.664874551971326,1222.08131625405,196.018977460492,827.817774223616,3.43258695928484,508.959568733154,0,2204,0.597420282213257,32,1,48,2.755444,3.162278,2
4164,204.829731027858,145.16762728146,6.80931796349664,19.960467072549,62.7727777640306,14.7016593908569,7.98125213902745,34.7186492907832,2.44066772532754,75.7294461587613,0.821213066657183,0.569030432780439,-0.0425848062248708,-0.106471062048317,0.226119252836121,0.968263392080449,0.560600581606734,-0.790616499996389,0.246277359567728,246.276351763273,13.5086743027982,3.98127410667065,0.686562242374279,2160.49642131867,205.243508894596,145.317503910574,6.98702899427644,214.325648414986,0,1243,0.579345609996067,33,6,52,2.846728,3.605551,2.44949
3048,216.744750656168,400.277887139108,4.14698162729659,17.988934761472,75.2921767152628,13.6778431449509,6.37914061013316,-27.4856744127657,0.0773645907417183,-30.2373599116131,-0.887125447127411,0.461526399937836,0.00135026642259525,0.398131317049628,0.766743557524472,-0.50358293396326,0.233452126662663,0.446203652108695,0.863945834761383,354.306992157647,11.6927120686176,2.54333968274063,0.544674767691208,1996.83987863683,217.862823414056,397.936656409006,4.1798931393703,118.448490813648,0,907,0.509116913328895,34,5,78,2.348539,3.162278,1
513,212.109161793372,398.750487329435,8.27485380116959,9.93206563620856,66.3692745882971,8.06153955945105,5.342883774068,-24.7435913551452,6.08494327968955,121.546810534639,-0.903073103641728,0.416199931553807,0.106002766254013,0.136944432254762,0.512971722141037,-0.847411490810739,0.407069026030375,0.750758036426028,0.520247228525455,275.305038086049,4.06177625428714,1.78415043894993,0.268025078369906,654.215389934493,212.622438438438,397.829021021021,8.37085885885886,81.140350877193,0,485,0.47370533750391,35,1,49,1.358744,2.44949,1
777,217.648648648649,503.647361647362,3.04118404118404,11.4061951794054,32.8401373742926,6.18450367155401,5.93841193182112,19.112057710898,-1.680187906763,84.3177670226992,0.944473786189617,0.327275983127791,0.0293206082540547,0.0599862471348571,-0.0840008047908281,-0.994658491618691,0.323064881030615,-0.94118770479763,0.0989686161489753,67.4046639226504,2.39050535396657,2.2040460169997,0.795291709314227,585.501757985394,217.498041820149,503.03800649075,2.61780574308133,187.971685971686,0,988,0.698076899868653,38,0,24,2.722539,3,2
3498,199.9568324757,57.6277873070326,14.9614065180103,18.8339058157558,80.772007866575,17.6878633914353,9.02772213088818,65.3065209586536,18.8005511738046,-19.3277919870101,-0.3954743756549,-0.860080792909384,0.322274801789919,0.90191034050527,-0.297308553274753,0.313313520039179,-0.173659885667459,0.414570444940348,0.89329367527814,407.757328424879,19.5537819596299,5.09373542953302,0.403739612188366,1927.75756855545,200.40967814087,57.5041812384372,14.8012580993614,164.877930245855,0,1028,0.578067088875711,39,0,55,3.11597,3.605551,2.828427
576,225.256944444444,528.784722222222,3.375,10.3230481659372,26.3371456428447,6.67684336357806,5.48270151594912,12.4194373061924,-4.87692976804603,-54.5263112183573,0.973063702347659,0.214288020562697,0.0850157362891605,-0.0571942751056755,0.581639178307239,-0.811433719507155,-0.223329008569428,0.78471428590373,0.578228020274006,43.3528275382758,2.78626483135977,1.87875099456192,0.755905511811024,448.111301573391,225.013066246378,527.42912196858,2.92416492958463,170.737847222222,0,1043,0.74710197234323,40,0,14,2.65544,3,2
2434,246.075184880855,485.581347576007,5.02054231717338,16.6893971898107,66.3621135342899,10.510605525844,6.10699440969672,-5.31677674832538,-6.71179570983906,-35.1778067644612,0.988873703508377,-0.0920270912477476,0.116875202614177,-0.142783029645862,-0.807612197822376,0.572167409394891,0.0417349368608,-0.582489100674846,-0.811766371957002,275.245632046124,6.90455178249383,2.33096129500415,0.668681318681319,1543.34325177228,247.317950835946,477.719307117999,3.47863963467856,438.690221857025,0,2710,0.566981183866496,41,0,56,2.576516,3.162278,2
1234,252.729335494327,667.754457050243,4.57212317666126,13.3077769304024,34.4803143264641,9.95119862024764,6.07897315225805,-88.8319270371282,-5.78195239749382,-26.3743211629802,-0.0202815965242552,0.99470574643827,-0.10074291461493,0.896637086667781,-0.0264806776255475,-0.441973651391581,0.442301471458486,0.0992937647346276,0.891352992158821,74.3057547532351,6.18914712372615,2.30961966161713,0.73060982830077,807.34606756756,255.458213511711,667.807160123364,4.24400891889639,155.552674230146,0,1334,0.689130010847372,42,0,29,2.545653,3.162278,2
1420,253.534507042254,944.989436619718,5.69788732394366,13.9453656925975,29.5414169320116,13.1769278663521,7.38559388210863,33.4057431245929,18.6490325921985,-22.5386349545256,-0.790961977900571,-0.521657091869693,0.319770273818051,-0.610833524126249,0.703549617974377,-0.363180865205776,0.0355183800182877,0.482588658745897,0.875126637196419,54.5434571469338,10.8519642496904,3.40918731196502,0.635346756152125,906.719988003106,251.979748213184,942.953365018322,6.78312230163625,194.105633802817,0,1265,0.673808519570845,43,0,25,2.651709,3.316625,2
1727,264.929936305732,583.515923566879,3.77243775332947,14.885539234383,51.8578021850709,7.95844790859544,7.7600288821234,15.7818549739102,-1.30081423551673,70.0924157706794,0.962056175351114,0.271905416468413,0.0227015410033414,0.113149102247777,-0.321863124778911,-0.940000749769955,0.248284506422188,-0.906902185135031,0.340416260581066,168.076977966621,3.95855581961419,3.76362801571183,0.657153729071537,1082.59129478617,264.824490878276,583.253561642256,3.56347928348251,301.335263462652,0,1601,0.643005200801414,44,0,39,3.035414,3.605551,2.828427
757,265.553500660502,779.068692206077,4.07133421400264,11.3074780246735,24.4173534121819,10.0507178548277,6.2013677877961,-11.8802441556539,-17.3079632503796,-26.5779947049342,-0.934269394671551,0.196545019830213,-0.297507568575987,0.314370378472621,0.847766865556601,-0.427156419597455,-0.168261591930645,0.492606736499083,0.853830568577097,37.262946728462,6.31355808733452,2.4035601524697,0.680755395683453,541.184578321751,265.583847627155,777.523561244034,3.73629140951976,260.7107001321,0,1783,0.742225660919231,45,0,19,2.561643,3.316625,2
1990,296.881909547739,664.530150753769,2.98592964824121,15.6057562050424,68.0506067938878,10.2151700276797,5.9513738152135,-85.7626593401314,-0.310506110619053,-15.2276715044833,-0.0738870637631273,0.99725189029575,-0.00541932745070958,0.962357436264489,0.0698743940622166,-0.262651354310003,0.261550887352546,0.0246218674351175,0.964875586264418,289.430317813521,6.52185616840033,2.21367814302555,0.619358854652972,1379.9874209402,295.81696607351,664.477979565799,2.7567934115111,337.546231155779,0,1701,0.554427011860391,46,0,58,2.782559,3.605551,2
2819,276.287690670451,483.408655551614,4.81908478183753,17.5266461171989,64.5862866162174,10.8293614276349,8.95489359771355,-6.24063170503813,-0.51410506596159,104.781141013039,-0.994034108510122,0.108699961687706,-0.00897270569992036,-0.036357831424099,-0.252672564743117,0.96686849318833,0.102831411604737,0.961426488794243,0.255117242522238,260.711776179511,7.32969180814663,5.01188245914819,0.594600295296351,1681.58795831212,276.379965655905,483.780999010388,4.46227021829938,163.815892160341,0,1232,0.57388902530056,47,6,57,2.597438,3.162278,2
983,303.985757884028,979.756866734486,2.81078331637843,12.3363012202722,32.4349703422108,9.11499115687207,5.12692120865665,55.080652893231,-0.4816981092761,-14.3167631405412,-0.572402552412956,-0.819929654508101,-0.00840711896897921,-0.793303496525687,0.556349930439917,-0.24727376993854,-0.207424396808214,0.134870740183796,0.968909182044955,65.7517063187559,5.192691486866,1.64283256748583,0.787029623698959,689.600477594467,303.734667910764,979.53940766164,2.73156854173056,155.907426246185,0,1064,0.693301675003509,48,0,18,3.074753,3.605551,2
3167,308.016735080518,615.235869908431,5.05652036627723,18.2200604566224,69.6781525403432,11.1467889209294,9.33593775891214,37.2530572220703,0.692205830847948,77.7253757447941,0.795911615756658,0.605292284685094,-0.012080976960724,-0.119296837658159,0.176367159759062,0.977068518315519,0.593542723338758,-0.776218960770233,0.212582126512062,303.440308839708,7.76568145298458,5.44748336489258,0.550017367141369,1817.28590020322,308.625900484781,615.91009164307,4.91271400184884,249.006315124724,0,1159,0.573886809780981,49,8,63,2.742513,3.464102,1.732051
1423,314.715390021082,536.924104005622,2.86366830639494,13.9551794647968,61.8123218206257,10.5578116872924,5.71625762321938,3.29026372141958,0.00537150572631611,-1.6831659038787,-0.99835157967437,-0.0573943775342223,9.37504605766145e-05,-0.0573723631714435,0.99792067047915,-0.0293725615935557,-0.00159226436677139,0.0293295219514807,0.999568528834459,238.797695553537,6.96671172652044,2.04222507593835,0.513347763347763,1050.79051035274,314.710330520165,536.645084557985,2.47797799428677,194.097680955727,0,910,0.582243410997848,50,0,50,2.828745,3.162278,2.236068
781,318.453265044814,395.125480153649,2.9078104993598,11.4257347382497,28.8355086351626,9.53295680811141,5.75198070308341,-48.643105427284,0.85350003777447,-2.37003872234862,0.660674036614031,-0.750525103808348,-0.0148958349074339,-0.749559292255903,-0.660644504274638,0.0413485956780681,0.04087401053179,0.0161526321441739,0.999033737036874,51.9679098905336,5.67982909408236,2.06783012554025,0.685087719298246,577.886949780857,319.108389801039,394.464986889467,2.69007452797384,272.478873239437,0,941,0.709700743187464,51,0,16,2.753834,3.162278,2.236068
2426,352.270403957131,359.511541632317,6.15457543281121,16.6710923797404,64.874892162186,13.2407736798644,7.05168980490536,-41.635541716226,10.4250256053391,-59.5037495591809,-0.735048646326895,0.65342256164728,0.180948731587998,0.220635944168863,0.482874472954006,-0.847438507214597,0.64111096361996,0.582984733333298,0.49910473152094,263.046977065954,10.957380477587,3.10789556903791,0.534832451499118,1514.62240783405,350.275807034124,361.87168119584,5.29674547959248,190.603050288541,0,1894,0.576465885229607,52,1,51,2.763234,3.162278,2.236068
661,341.515885022693,386.639939485628,3.2965204236006,10.8077248363501,25.6196590696193,6.68693378784023,5.99156256965424,-77.8494947868937,-0.233438030853563,92.5939591789876,-0.210478632985759,0.977589968000651,-0.00407425096591355,-0.0451004769080304,-0.00554695159794432,0.998967055668323,0.976557572311594,0.210444970936483,0.045257288566909,41.0229331777203,2.79469271768495,2.24367637663011,0.816049382716049,478.085968582856,341.725681440512,386.536496440884,2.96128996254867,243.987897125567,0,1201,0.767560174828335,53,0,15,2.840951,3,2.236068
2650,337.405660377359,261.298490566038,10.9796226415094,17.1691614241186,52.5570891863043,11.4816679854139,7.66223480103011,-56.5577570717736,-27.1379735125713,96.5294437062054,0.490426316018935,-0.742578660018983,0.456134807091618,-0.344631123381238,0.315481856748795,0.884138330160682,0.800444512351157,0.590802955093105,0.101195113025152,172.640476483572,8.23929373295484,3.66936513413231,0.675503441243946,1423.81833097931,337.24621922549,261.418144141206,10.9869891076247,358.741509433962,0,1713,0.650419361111368,54,1,34,3.170673,3.605551,2.44949
2595,345.951445086705,615.989595375723,7.11522157996146,17.0495497028866,56.4000601759522,10.8832465028481,8.99909367538739,27.9093381715751,11.9237741725284,-56.5346419613172,-0.864622288662724,-0.457974375100289,0.206610187791243,0.410422352755904,-0.406618833545995,0.816219710962681,0.289796118514279,-0.790519193920802,-0.539534627004481,198.810424240689,7.40281590260965,5.06148043614983,0.595866819747417,1514.45410024329,346.147306692782,616.429415911766,7.05141486753961,130.638535645472,0,875,0.603003154273193,55,0,40,2.900325,3.316625,2.236068
3208,371.361907730673,869.650249376559,5.19607231920199,18.2983492486774,58.4360107627189,11.4824419252886,8.37345384918243,-51.9635645318823,3.89974690167167,106.780000469696,-0.614735786392812,0.785795413994162,0.0680108834948888,0.187262334444449,0.229170454516158,-0.955203497101677,0.766180612536252,0.574461896145081,0.288029163195278,213.422959616287,8.24040453547661,4.38217058527425,0.742936544696619,1690.83016170618,371.275847034142,869.66562005419,5.46679105217113,220.201371571072,0,1443,0.622119352360539,56,0,39,3.279245,4.123106,2.44949
2422,373.088769611891,676.151114781173,4.22502064409579,16.6619248813948,66.5330895253399,10.1088273129899,7.82350985736946,78.8683869074349,0.972127498909504,47.7189994333685,0.193035579709894,0.98104506492696,-0.0169660115678837,0.657686561858051,-0.142202922572279,-0.739747737518161,-0.728138483612424,0.131639315534375,-0.672670379374802,276.665750111681,6.38677435274064,3.82545665552232,0.594210009813543,1514.34427600384,373.927723491351,676.304538051851,3.85509705532814,187.605284888522,0,1101,0.575937818012845,57,0,62,2.626763,3,2
1960,369.082653061225,419.956632653061,3.63979591836735,15.5269379107882,72.0363031069865,7.51777277460198,6.21633823473998,-25.075083098638,1.96335253320637,103.679007318781,-0.905221463083492,0.423556769911663,0.0342602602877018,0.070071295318937,0.228302323578893,-0.971065426539739,0.419123032468163,0.876628605345774,0.236343334884262,324.326810332602,3.53230671815917,2.41517881554314,0.696517412935323,1359.07684222567,368.837221490949,420.533304235159,3.11358942017878,296.907142857143,0,1502,0.557285178744036,58,0,59,2.56844,3.162278,2
3833,383.951474041221,844.118966866684,6.4096008348552,19.4169076770592,47.8208051755105,19.4057613485221,10.9758703489078,86.6676755606734,-8.70687673101924,-8.20672395826196,0.0574573757613069,0.986804392536499,0.151379459773431,0.986829929832317,-0.0791041352305459,0.141100054488193,-0.151212894813133,-0.1412785428156,0.97835322546723,142.926837977133,23.5364733447371,7.52935811975205,0.527307745219425,2162.13941838513,383.855162690519,843.18165467325,6.80539489043075,467.797286720584,0,3400,0.547805400539823,59,2,73,2.521078,3.741657,2
2450,380.913469387755,331.845714285714,8.25795918367347,16.7258868324867,57.91349044799,13.3333742124313,7.43533586769931,74.2063142775903,19.6494856566995,-80.2674701513553,-0.256324786142473,-0.90621376874329,0.336265087912942,0.252872506287595,0.272902693920969,0.928213130274781,0.932927167346329,-0.322956227669883,-0.159204822277446,209.623273491839,11.1111792430455,3.45526371659347,0.520169851380042,1427.41559917421,379.864162071167,331.572118186568,8.76018111104661,175.785714285714,0,1235,0.615712176202888,60,0,45,2.942556,3.605551,2.236068
557,389.104129263914,702.244165170557,3.35368043087971,10.2082710038753,20.3508574353455,7.30309033653296,5.67395487043878,36.5554966642607,-0.18588484181579,48.3448911256496,-0.803276111101786,-0.595597988471489,-0.00324429682792029,0.397810560730012,-0.532452649239979,-0.747155227572558,-0.443276716177226,0.601462561134144,-0.664641663190844,25.8848373971098,3.33344552897257,2.012110241986,0.875786163522013,404.067593906391,389.250809552722,702.572110908723,3.16986439991904,177.414721723519,0,872,0.810214913746282,61,0,9,2.885618,3,2.828427
1588,395.345717884131,552.571788413098,2.49370277078086,14.4749573220142,51.7589815776919,18.6042484417618,4.75470155917477,-8.11095533016441,0.246001875296146,-2.53167563716381,-0.989987573338729,0.141089227935163,0.00429352949845196,0.140765062240837,0.989057174413596,-0.0441712915062349,0.010478639569514,0.0431246507424126,0.99901474594278,167.437010872491,21.6323787551748,1.41294918230119,0.50063051702396,1341.14038913479,396.168624943264,552.380183656906,2.31278689404289,281.641687657431,0,1226,0.490806397341052,62,5,81,2.222495,3,2
1918,410.51929092805,501.917622523462,4.40928050052138,15.4152294529946,53.3216043630232,9.60248071200178,6.21463523552182,30.0230900650555,-0.174465468666782,-65.2147707748314,-0.865819820676953,-0.500346645982276,-0.00304499215373441,0.207361741159863,-0.364352191963845,0.907881373591446,-0.455364849791988,0.785430273204075,0.419216101203773,177.699593240423,5.76297723902289,2.41385569441182,0.745433346288379,1186.97818436919,410.336588367655,501.703696566985,4.23042369316899,251.635557872784,0,1261,0.628936967945012,63,1,34,2.703691,3,2
1041,403.793467819404,577.538904899135,2.33813640730067,12.574306315219,49.3868113982389,9.70481737372575,4.37533573862717,7.58688110275004,0.0523925834711968,-2.8495544827038,-0.991245382318339,-0.132029375001263,0.000914422957762887,-0.131911238983658,0.990014133384826,-0.0497135869565628,-0.00565836216286914,0.0493989861744877,0.998763096586256,152.441071255326,5.88646751608556,1.19647267660676,0.660532994923858,871.790007654273,403.564255824819,577.086140790997,2.19787371264905,378.320845341018,0,1971,0.569778499628926,64,1,48,2.200789,3,2
783,403.393358876117,721.05619412516,2.98339719029374,11.4354795060762,36.015463519518,6.16904015918325,5.56396446838624,38.2872627985921,1.96911207968156,38.3997193608044,0.784450636843096,0.619238676918892,-0.0343607241512862,0.468829534195694,-0.628358650244003,-0.620777153678663,0.40600008155456,-0.470859711242397,0.783233723805619,81.0696007828582,2.37856603035099,1.93485628784154,0.819037656903766,589.713046369958,403.611790827755,721.403194959326,2.71160874520232,194.991060025543,0,878,0.69665522165447,65,0,22,2.679108,3,2
1338,407.171150971599,393.311659192825,3.15545590433483,13.6715943424061,51.7231423710159,7.42230087898403,6.43930696093554,14.2729778033411,0.154773969615443,-3.42827085013596,-0.969128578936866,-0.246541072441999,0.0027013120808755,-0.246257320449391,0.967357972890318,-0.059798699071309,-0.0121296996209771,0.058617846127985,0.998206801470728,167.205216045774,3.4431593961355,2.59154213357206,0.711702127659574,926.54691636613,406.949082672897,392.565703256098,2.68196105456899,533.57399103139,0,2059,0.633754104546502,66,0,39,2.891927,3,2.236068
1035,432.397101449275,531.24154589372,4.15458937198068,12.550101623387,28.1809773960323,10.2510006844442,6.2355114309166,62.4602079779347,0.0616794219761384,-48.3673872576357,-0.462364264537945,-0.886689420263442,0.00107650878628788,0.589446031238076,-0.30645925248446,0.747419629675557,-0.662399172052598,0.346214671207832,0.664351366600902,49.6354679372303,6.56768843952967,2.43010017531822,0.71875,686.793970917708,431.952864663494,530.983413444463,3.89973480453674,244.828985507246,0,1061,0.720473287937229,67,0,13,2.597594,3.162278,2.236068
1565,459.831309904153,161.208945686901,3.90607028753994,14.4047338976609,43.5131816884848,7.80563049800038,7.41860794877328,-80.7158214117318,4.43071501548148,116.694212002534,-0.160849167234767,0.983950933623194,0.0772535152722886,0.43220896776664,0.140590112659915,-0.890746781304523,0.887312207501947,0.109886215897701,0.447886219897092,118.337311290943,3.80799171695708,3.43973399360012,0.777833001988072,954.283700074317,460.276048471512,161.258496267602,3.68552922120094,334.520127795527,0,1504,0.683097737045839,68,0,35,3.100638,3.605551,2.828427
2800,464.861071428571,484.642142857143,3.61464285714286,17.4871809118047,65.4787282663588,17.6285034925319,7.66725325651066,31.1730962799395,-0.518480637452938,-6.93191099099767,-0.855572378122556,-0.517604115239303,-0.00904907072862193,-0.512907176868454,0.84991847123868,-0.120684796739847,-0.0701579197991644,0.0986132452292474,0.99264963313085,267.966490961228,19.422758461638,3.67417328121708,0.475301307078594,1855.09900538223,462.444846201455,480.496614808243,3.29462817016089,303.527857142857,0,1515,0.517871947138085,69,4,77,2.593959,3.464102,2
1496,456.88435828877,395.272727272727,6.88034759358289,14.1898451803635,35.7536495976214,11.0190487646894,6.57766661494965,29.4433034191884,-6.49376643591066,84.1860775935525,0.865255362230555,0.488408284956637,0.113095116238443,0.147775703199925,-0.0329073405763649,-0.988473291738304,0.479056885635765,-0.871994526428869,0.100648130648583,79.8952162218433,7.58871472991265,2.70410613108896,0.673873873873874,959.124324381325,457.58148153595,396.18052855273,6.82191567275027,227.262700534759,0,1278,0.659523510184997,70,0,29,2.506894,3,2
790,471.179746835443,891.460759493671,5.32658227848101,11.4694560879701,14.2340612745331,11.3468056717333,7.96342952891396,30.297609556268,19.8598252942026,56.0426891977173,-0.81206624699952,-0.474487752311735,0.339720154524679,-0.0385009684302008,0.624439748946819,0.780123500072373,0.582293814078469,-0.620432407955444,0.525354681376837,12.6630312729478,8.04687493450491,3.96351311637368,0.813594232749743,478.930628024213,471.370574346061,891.188317905178,5.76696455782711,411.188607594937,0,1945,0.862904844587051,71,0,6,3.336864,4.123106,2.828427
3700,490.597297297297,678.145135135135,6.32621621621622,19.189678582679,57.99259285976,13.5008266505189,8.03842184981269,-87.1624673346485,4.27843842163494,-91.3429076706662,-0.0493660918267617,0.995990618776828,0.0746034602837073,-0.0270994389007606,0.0733313476222639,-0.996939383246126,0.998413045482187,0.0512367130527871,-0.0233707048787725,210.196301662368,11.3920200154601,4.03851411472163,0.685947348906192,1817.74119293737,489.825101732506,678.114829701371,6.30145816029305,400.56027027027,0,1590,0.636433783061208,72,0,39,3.331083,4,3
4706,470.109859753506,421.109647258819,4.92647683807905,20.7914334995181,101.15644053394,15.1268289959134,10.6954531358022,11.2547970485847,-2.03698249315711,-13.7057134204074,0.980149187804038,0.195049105936778,0.035544562458253,0.181355206332965,-0.954485729898042,0.236785304774028,-0.0801115396370139,0.225638732699564,0.970911583782335,639.539091343539,14.3013097169752,7.14954486125878,0.378052699228792,2782.89333244074,471.307135106312,422.333645762445,4.70344996431358,409.669358266043,0,1723,0.488002648982723,73,8,112,2.830425,4.24264,1
973,476.393627954779,429.713257965057,6.95991778006166,12.2943264104847,41.4400491869038,18.7104287788868,8.72814608300686,12.7033859923624,-2.8743601372772,-38.7201458284707,-0.974294243977742,-0.21962719327203,-0.0501460080892722,-0.140971938424713,0.768009936996224,-0.624730061107863,-0.175720342387038,0.601601722612649,0.779228932099467,107.329854788313,21.8800090681121,4.76128337789425,0.263471432439751,1176.11891163962,476.88743717094,430.731627067579,6.79174608856474,344.537512846865,0,1432,0.403745893338809,77,10,94,1.275004,2.236068,1
2163,497.15857605178,320.513638465095,4.83402681460934,16.045477001655,55.516410734007,10.3727813816495,6.55576056006796,37.2023260797242,0.0654964721586175,92.8963997811553,-0.796504851589871,-0.604631056637233,0.00114312883864582,0.0314614840918283,-0.0395572749200211,0.998721881716648,-0.603813047567322,0.795522788706047,0.0505301517592888,192.629491299186,6.72466209946845,2.68612478255891,0.661467889908257,1271.39830763965,497.372182967238,320.802900967721,4.78108610739286,168.547387887194,0,1531,0.636170473584593,84,1,37,2.912623,3.605551,2
2268,484.250440917108,561.117283950617,6.35229276895944,16.3010210899966,37.7881206555596,13.8587333807353,7.4857377070391,20.3697462298381,1.58661896283603,-86.2840956701317,-0.937106498298673,-0.347943637978907,0.0276881858633554,0.0484607967010559,-0.0511391575589201,0.997515081463565,0.345663075883871,-0.936119656536581,-0.0647844627695053,89.2463789174455,12.0040306823942,3.5022668136617,0.637615968512792,1244.13451104462,484.400638172349,561.643130977579,6.38142956526888,208.515432098765,0,908,0.670983984343281,85,0,23,2.995969,3.605551,2
2028,494.483234714004,387.05325443787,5.21794871794872,15.70446367879,43.7502688584631,10.9913937332699,7.01206661401855,7.40068707182345,4.90868907001691,-73.9343016691888,-0.988032501933622,-0.128335065126615,0.0855680207889241,0.117187294686513,-0.263842716759938,0.957420575701604,0.100294132863506,-0.955990131681119,-0.275724418652891,119.630376574238,7.55067101248527,3.0730673874646,0.718639262934089,1160.55720645127,494.503976859991,387.314464084559,5.30832640256035,187.351084812623,0,1010,0.667620308219464,86,0,29,3.008627,3.162278,2.828427
859,509.701979045402,282.430733410943,3.07217694994179,11.7941011246583,33.7807695721914,6.82678559235191,6.04450616372678,88.3004271601589,-0.308136044481593,40.6999711160281,-0.0296583631084422,-0.999545626280284,-0.00537796259593398,0.757905159450796,-0.0189799423538442,-0.652088591424591,-0.651690226085669,0.023415865822135,-0.758123701286412,71.3212745555931,2.91281259524647,2.28350342270819,0.814218009478673,619.635055795542,510.641395541586,282.551027030408,2.71939433745397,297.771827706636,0,1157,0.705250799383523,87,0,21,2.494906,3,2
1108,508.685920577617,423.285198555957,3.54061371841155,12.8384830688669,41.6328877916721,7.36842812930484,6.16273625439383,37.1951902634849,-0.930492150915696,63.3650619890457,-0.796475624946119,-0.604452528760883,-0.0162394378370817,-0.282577637662056,0.348335029232246,0.893763159960793,-0.534580637097923,0.716449473364553,-0.448245127754484,108.331084117123,3.39335831854567,2.37370738382626,0.727034120734908,777.85936501337,508.483044199925,423.234694275549,3.36435143252133,208.255415162455,0,920,0.665696407631518,88,0,29,2.613438,3,2
1930,503.39585492228,924.938860103627,3.22642487046632,15.4473111885168,68.0705864811056,11.8750803973278,5.60687390133769,-14.9631989070947,0.00290553988326698,18.7716984235397,-0.966091865323938,0.258198577035746,5.07112374892845e-05,0.244480329179937,0.914699612935062,0.321798052729532,-0.0830414137583362,-0.310898878919119,0.946808328379008,289.600296492604,8.81359590268739,1.96481468409386,0.565982404692082,1468.75057036932,502.956351460079,925.4184809188,2.86895577957625,131.372020725389,0,1120,0.510396415349392,89,10,82,2.176524,3.162278,1
2775,522.031711711712,154.234954954955,5.90918918918919,17.4349800612079,80.508474529187,11.8772840666871,8.11061112186376,50.8262518177725,7.5306946216191,-3.94525504840225,-0.626225851480847,-0.768547437558875,0.131057312496385,0.779092793017302,-0.623186839238471,0.0682098472983433,0.0292506889762871,0.144820577341934,0.989025478727804,405.100904438547,8.81686730004877,4.11137579813119,0.482608695652174,1771.36125922111,521.24150346441,154.527122306249,6.12694035367032,177.454414414414,0,2007,0.539120244892073,90,0,61,2.850103,4,2
965,509.949222797927,153.022797927461,5.20725388601036,12.2605390153659,30.9750476766723,13.0840378286124,6.17767380400913,49.1950422766364,5.87097197328719,54.4220581817046,0.650058416856975,0.752968194923319,-0.102288572711336,0.386028301010568,-0.443177296941358,-0.809058733525969,-0.654527467332195,0.486449155523648,-0.578758165037896,59.9658486607578,10.6995028687851,2.38522835179628,0.464388835418672,875.272720248131,510.855875452703,153.596132382753,5.25264788283261,181.981347150259,0,1276,0.539542434350523,91,7,45,1.651048,3,1
2026,522.190029615005,740.751233958539,5.26011846001974,15.6992994351823,39.7128815601865,11.8794022117502,10.28386994954,-88.0539115710892,4.19300398844195,106.627310030072,-0.033868225604315,0.996748178963063,0.0731164210573343,0.283600930163357,0.0797359803623799,-0.9556216227389,0.958344121756321,0.011629323689207,0.285379226864251,98.5695601133378,8.82001230678345,6.60987382119077,0.531898135993699,1244.16168132066,524.174682702269,740.885522834209,5.56341399859756,232.98766041461,0,1433,0.622348428204091,95,3,44,2.708886,3.605551,2
2527,544.356944994064,298.10288880095,4.37435694499406,16.8993061282974,72.3779902463061,12.1309214686712,8.8641794508609,75.9238298416333,-3.17483236450577,-13.9886161557792,0.24283832791303,0.968484526441724,0.0553829264246059,0.937951470967854,-0.248984550698378,0.241358098316105,-0.24754107660274,0.00666449971688809,0.968854478153391,327.410842005899,9.19745347994176,4.91085483356654,0.474286786786787,1588.00036056216,543.313029105739,297.671609026839,3.9244586986953,261.209339137317,0,1345,0.56498513617647,96,1,60,2.748411,3.162278,2
