Volume,Centroid_1,Centroid_2,Centroid_3,EquivDiameter,PrincipalAxisLength_1,PrincipalAxisLength_2,PrincipalAxisLength_3,Orientation_1,Orientation_2,Orientation_3,EigenVectors_1,EigenVectors_2,EigenVectors_3,EigenVectors_4,EigenVectors_5,EigenVectors_6,EigenVectors_7,EigenVectors_8,EigenVectors_9,EigenValues_1,EigenValues_2,EigenValues_3,Solidity,SurfaceArea,WeightedCentroid_1,WeightedCentroid_2,WeightedCentroid_3,MeanIntensity,MinIntensity,MaxIntensity,sphericity,id,nb_branch_pt,SkeletonSize,MeanWidth,MaxWidth,MinWidth,channel_2_MaxIntensity,channel_2_MeanIntensity,channel_2_MinIntensity,channel_2_WeightedCentroid_1,channel_2_WeightedCentroid_2,channel_2_WeightedCentroid_3,channel_2_Ratio_MaxIntensity,channel_2_Ratio_MeanIntensity,channel_2_Ratio_MinIntensity,channel_2_Ratio_WeightedCentroid_1,channel_2_Ratio_WeightedCentroid_2,channel_2_Ratio_WeightedCentroid_3
2025,35.5076543209877,440.097283950617,3.5837037037037,15.6967160388159,59.3282919849152,8.87119178213038,6.42434814752299,-32.1588855803983,0.450195078245412,53.772518806221,-0.846549197632007,0.532252495286058,0.0078573055413365,-0.319932876491154,-0.496946112375695,-0.806652041424789,-0.425437904433421,-0.685384448799686,0.590974404534452,219.990389365459,4.91862772720859,2.57951557003637,0.761278195488722,1312.30333646005,36.3991430933057,438.636329062723,3.25596185468199,224.638024691358,0,985,0.589838672121308,1,1,49,2.848863,3.605551,2,380,56.9091358024691,0,36.6508707838356,438.151473867807,3.2448000277679,168,3.01319468484794,0.00123609394313968,36.8759388520109,437.271658768511,3.60206034513321
1204,178.213455149502,778.5,6.14950166112957,13.1990484043721,30.7345202633074,10.0503432257543,7.09715827839196,-34.8854375959005,15.4752000397451,65.9250858495153,-0.790558238368084,0.551202404798243,0.266821252326319,-0.433144488646281,-0.195294104546436,-0.879912532405783,0.432901286327152,0.811194256435559,-0.393141647020839,59.0381709884782,6.31308743471664,3.14810347678421,0.7,777.003832850913,178.462056200572,778.011105502272,6.1829042571092,4.93604651162791,0,146,0.704388009665471,2,0,16,2.784315,3,2.236068,115,2.38039867109635,0,179.211095603629,776.846127006281,6.89776692254013,116,3.09843169255212,0.00680272108843537,179.032542462725,777.277918131731,6.75872808744754
972,186.62962962963,197.778806584362,4.26543209876543,12.2901131385953,27.8491251419843,8.55655775519052,6.7290050316197,-33.4103516574575,-2.96092480027103,95.0514771775497,0.833634000858759,-0.549896467683227,0.0516548878783785,-0.0914348745545571,-0.0451678699442346,0.994786171616742,0.544696260614492,0.834010634437122,0.0879331866724903,48.4733606983688,4.57591753861944,2.8299692947227,0.722676579925651,640.495481969579,185.620444865121,199.122574538571,4.5229531471841,2.1738683127572,0,132,0.740876063810348,3,0,18,2.906698,3.316625,2.44949,215,2.7201646090535,0,186.147881996974,199.195915279879,4.32866868381241,216,3.58771170749013,0.0075187969924812,186.347380619371,198.769489228556,4.32254921513652
544,187.455882352941,457.242647058824,3.92647058823529,10.1282269846259,10.1769337903264,9.52601026113391,8.25203288808663,-54.13317640855,-1.09648502389967,7.93900240664542,-0.585795927992734,0.810232645727973,-0.0191361057631986,0.801065504260939,0.582429607637285,0.138093482940528,-0.12303328261206,-0.065565325776108,0.990234315415081,6.47312383579297,5.67155446845178,4.25600292412896,0.947735191637631,330.789311173234,187.373054543734,457.053105634136,3.71889871800937,194.292279411765,0,695,0.974238429414745,4,0,1,4.89898,4.89898,4.89898,3970,2056.01654411765,468,187.508379728433,457.161592635674,3.51013479985659,3338,108.580371368951,2.08982035928144,187.556503459644,457.491190950054,3.77991195016298
376,200.632978723404,472.045212765957,3.57712765957447,8.95494812153839,11.6456278304057,7.25615736237569,6.6810075833671,84.1760836926884,-18.7729709734684,28.6068308535107,0.0960734022323236,0.941914210498323,0.321819081853184,0.889029765411645,0.0642060165383357,-0.453325119150037,-0.447656092995083,0.329659229359044,-0.831221279144596,8.47629047276998,3.29073872922243,2.78974139556305,0.912621359223301,272.236341143647,200.061739522307,471.963046417305,3.15772870662461,17.7047872340426,0,325,0.925400909287173,5,0,1,3.605551,3.605551,3.605551,110,2.82712765957447,0,199.930385700847,472.12041392286,3.57949200376293,111,2.81494628494445,0.00306748466257669,200.562108652024,472.120933435337,3.9311160299365
680,237.033823529412,474.977941176471,5.25147058823529,10.9103017820975,18.4822633512474,8.69821259860232,7.06547340502944,-31.5230946506014,-13.9714340022982,-137.261826666861,0.827211401876424,-0.507374554241622,0.241438104519061,0.244335970694346,0.71174620274247,0.658572149659039,0.505985404957983,0.485786377525956,-0.712734428367057,21.3496286615539,4.72868140065526,3.12005715232365,0.751381215469613,458.92774286932,237.052147239264,475.194614860259,5.47068847989093,4.31470588235294,0,123,0.814852659606686,6,0,11,2.796862,3.464102,2.236068,183,4.68235294117647,0,236.628140703518,475.207286432161,5.09327889447236,184,4.96047655922264,0.00806451612903226,236.707415669557,475.050841851773,5.21165517957437
844,251.484597156398,587.825829383886,4.07227488151659,11.7250474276333,19.7184316841333,8.91700190082238,8.88836325401519,37.43053093887,-1.44340917785069,-40.0862866039969,0.793838886998682,0.607606210180231,0.0251895779859245,0.452131582603292,-0.617398356626801,0.643736204704356,-0.406690119748852,0.499633828503377,0.764832781667812,24.3010342551145,4.96955768120438,4.93768758345797,0.721984602224123,560.43972233223,251.301477463999,587.512810922012,4.08154105105667,6.33530805687204,0,200,0.770637573239216,7,0,12,2.930064,3.605551,2,126,3.62085308056872,0,251.62140052356,588.234293193717,4.13350785340314,127,3.90445857718744,0.00497512437810945,251.592449915397,588.066716807713,4.13570359723505
2117,263.887576759565,831.981577704299,5.7094945677846,15.9309159097195,48.4179764074023,10.3425048297058,6.18391540937984,-46.7498806013814,-0.376826448127525,-99.8699738232553,0.68516968936188,-0.728353789230644,0.00657681481469952,0.120412245821943,0.122168862907832,0.985177983915558,-0.718361599638971,-0.674222164163393,0.171409117362437,146.518777461735,6.68546288453051,2.39005061189785,0.88355592654424,1174.98369679876,264.463974898337,831.50232205996,5.91971916733662,121.038261691072,0,832,0.678577604809699,8,0,28,2.976021,3.464102,2.828427,701,126.674067076051,0,264.451461578333,831.133583672982,5.61994488550131,371,20.0918706962425,0.003003003003003,263.681534992118,831.41449723683,5.26408102830045
563,298.484902309059,480.042628774423,4.33392539964476,10.2447946459704,14.3955302234126,9.29467602921525,7.62856401395098,9.07556994091932,17.0949168616678,-130.170392126081,-0.943853344721308,-0.150768069954625,0.293955528508238,0.120057787936969,0.67241836819718,0.730369540483942,0.307777502774459,-0.724653384172875,0.616563444904673,12.9519556508241,5.39943765550429,3.63718680718424,0.724581724581725,410.747597301094,298.56644228372,479.812515582149,4.37222637746198,7.12433392539964,0,280,0.802751925677592,9,0,9,2.97887,3.162278,2.828427,282,20.0746003552398,0,299.323128649797,481.332772960538,3.97743762165988,283,17.3661559148714,0.00355871886120996,299.372308503705,481.270018555727,3.90520840487752
610,296.563934426229,70.2918032786885,3.57049180327869,10.5222933245503,22.0675629761419,7.39029833679227,5.92802530357237,23.7401616303577,-3.28069967681778,-80.5531342523501,0.913880451109797,0.40192973044822,0.0572277280797971,-0.0144034603661393,0.172970892915286,-0.984821613559314,0.405727816902952,-0.899184943149022,-0.16386389658877,30.4360834816244,3.41353184417466,2.19634274998714,0.785070785070785,449.415448794643,296.358570198105,69.7191214470284,3.13410852713178,19.0327868852459,0,554,0.773967427634845,10,0,13,2.832184,3.162278,2.236068,398,53.1819672131148,0,296.249930643322,69.6499491384359,3.1028636601831,399,33.6027007287616,0.00393700787401575,296.345799760579,70.0271219588947,3.20758874774045
835,306.698203592814,89.4766467065868,3.91497005988024,11.6832216949124,25.9393374296803,7.93706083709811,6.19983891937041,26.8237712824625,-0.712454268889404,97.8702018451512,0.89232968740252,0.451212938491889,0.0124343523207173,0.0507972076316967,-0.127753727906448,0.990504229522937,0.448516858854762,-0.883224699124476,-0.136918801409948,42.0530766431759,3.93730842073728,2.40237516413376,0.805207328833173,571.400845522965,306.904216576719,89.7795182308806,3.62945899697249,27.2946107784431,0,381,0.750471543863215,11,0,13,2.918667,3.162278,2.828427,327,54.4682634730539,0,306.644049163387,89.5865966007783,3.56995228776852,328,30.4711416163518,0.00561797752808989,306.5266901696,89.6468368945993,3.71451110943173
418,314.538277511962,104.303827751196,4.17464114832536,9.27667951576907,12.781409991663,8.19409965032308,5.9697441169066,24.0646194757696,8.19157496549552,-87.0979871445909,-0.90377010820517,-0.403606336454338,0.142483390922321,0.150577191564902,0.0117977243459183,0.988527856502124,0.400657086415856,-0.914856676684477,-0.050111478032408,10.2102775859364,4.19645431746405,2.22736530133381,0.870833333333333,299.713582315144,314.383251919051,104.042986741103,4.35868806699232,17.1411483253589,0,251,0.902045728685288,12,0,4,2.91189,3.162278,2.828427,284,46.4425837320574,0,314.312780095812,103.884252820275,4.0011847730902,246,29.1931508665714,0.0075187969924812,314.343896621706,103.766453030775,4.0175667463567
372,319.491935483871,538.373655913978,2.44623655913978,8.92307970921092,13.4887528691061,9.04648791641867,4.69248711697061,-70.2785904124965,-2.66771370492195,3.41276755727703,0.337081327578029,-0.94032434563838,0.0465435666659318,-0.938740166466537,-0.339456766967849,-0.0594643020821209,-0.071715259607783,0.023648009630581,0.997144770421978,11.3716533727386,5.11493397636931,1.37621470893344,0.867132867132867,295.078373297548,319.466370392501,538.348564066176,2.14202487209172,143.962365591398,0,704,0.847699714948001,13,0,4,2.776586,3,2.44949,1610,814.494623655914,207,319.513667027512,538.181404129482,2.24643224903628,1396,69.9173017493114,1.16025641025641,319.237784786421,538.594801335208,2.80474777142352
477,320.293501048218,687.675052410901,4.56394129979036,9.69407969146196,11.2101203634063,9.85457617541205,7.0183462802245,13.8775761324442,64.2588964910442,-129.921437497112,-0.421628208163706,-0.104167330812976,0.900765686109302,0.51673575483988,0.788696435212261,0.333079709309245,-0.745126709862639,0.605893637757298,-0.278709680446349,7.85417491012853,6.06954197481242,3.07857403182132,0.831010452961672,329.559951892393,320.364223442041,687.647723603487,4.33387148853729,6.49266247379455,0,227,0.895836210548228,14,0,2,3.239451,3.316625,3.162278,94,4.40041928721174,0,319.968080038113,687.490709861839,4.30585993330157,95,4.9059415662967,0.0043859649122807,319.913789916775,687.492012987513,4.38418596543901
441,322.834467120181,419.548752834467,2.72335600907029,9.44379727461403,12.0787704104084,9.99084185014222,5.40810115319315,-31.5488405849249,-1.67357782770657,-0.45259170843534,0.851830944967847,-0.523002000216251,0.0292052900171675,-0.523405464358813,-0.852047168173699,0.00789576383353595,-0.0207547843766447,0.0220120643507332,0.999542249206355,9.11854341420984,6.23855755465958,1.82797238019807,0.930379746835443,312.566700482171,323.020342161262,419.275077428734,2.45897857278301,215.251700680272,0,821,0.896397168137424,15,0,3,3.333333,4,3,3288,1582.25623582766,555,322.779443230268,419.597810182365,2.46951524488553,1805,49.2199235715778,2.29641693811075,321.612657597721,419.602838079915,3.64665914144222
1067,336.428303655108,497.200562324274,5.48266166822868,12.6781318987714,22.0601655772438,13.0186957040073,10.522161243582,47.2375188936112,31.0413017076208,51.7379342616551,-0.581730677366793,-0.629037743866885,0.515655830764311,-0.179742782931106,0.717709771526645,0.67274453980642,0.793272936002832,-0.298670722780172,0.530578786194299,30.4156815809632,10.5929023645962,6.91974232724619,0.560988433228181,761.953417601342,335.620377525113,496.385804172646,5.74688155425544,8.49015932521087,0,227,0.662722907811878,16,1,24,2.530256,3.162278,2,380,33.3495782567948,0,336.974792041367,497.352742805755,4.52189186151079,381,27.6002558094721,0.0043859649122807,337.06592075217,497.463729442251,4.54244297589438
389,346.832904884319,477.933161953728,2.3598971722365,9.05698523353559,13.1141997738821,10.2442742520973,4.50976997666927,-0.552056738328281,-0.677644282811278,-3.35574633726643,-0.999883645376967,0.0096343847857229,-0.0118268481629248,0.0103107942601949,0.998232327849671,-0.0585312494104777,-0.0112420295939914,0.0586463832271713,0.998215517062813,10.7488897318306,6.55907218451143,1.27112657765422,0.858719646799117,314.921068367688,346.697018429771,477.752725869223,2.28802547360973,79.9254498714653,0,359,0.818305510844125,17,0,2,2.118034,2.236068,2,2147,1217.05398457584,394,346.71807685971,478.068271395802,2.23728545055911,2036,231.862600749161,2.10355987055016,347.030764366252,478.34517373805,2.46728607857646
389,354.550128534704,374.290488431877,2.94087403598972,9.05698523353559,13.7112916513067,8.16715387149573,5.73949272379768,-6.98492414886658,-5.41836594851759,10.207222277143,-0.988143093875195,0.121064801174739,-0.0944274321544216,0.103074338577698,0.978903839981797,0.176416985564492,-0.113793263216796,-0.164592180814925,0.979775743352049,11.7499699216995,4.16890014754299,2.05886104540791,0.849344978165939,297.919891908623,354.600681431005,374.29471890971,2.77751277683135,7.54498714652956,0,170,0.86500315261003,18,0,5,3.193147,3.316625,3.162278,164,18.7866323907455,0,354.345648604269,373.943076081007,2.6676245210728,165,16.3822360288046,0.00869565217391304,354.382480629213,373.974176992989,2.71547848684939
609,350.747126436782,546.487684729064,5.83251231527094,10.5165402926082,15.9597608663217,9.59042701299277,6.59697586715196,46.2342797983524,33.8407073461345,-32.8429245441686,-0.574527750771366,-0.599829968189637,0.556885870583204,0.815653063612972,-0.363037235893445,0.450459815270597,-0.0680289894998306,0.713027330904269,0.697828117784865,15.9196229318858,5.74851814322134,2.72000566198658,0.733734939759036,431.299539544171,351.557502738226,547.029353778751,5.04906900328587,7.49589490968801,0,185,0.805594807736388,19,1,10,2.759699,3.605551,2,169,15.7274220032841,0,351.230006264356,546.447692628941,5.73292963040301,170,13.2823609704422,0.00537634408602151,351.088807064854,546.163755820384,5.90871848545094
512,354.95703125,407.755859375,5.13671875,9.9256078543904,11.2261448911236,9.25637175693345,7.30870817472473,86.6222496632209,-14.7039876854657,-96.3611633547131,0.0569891398533471,0.965569766118009,0.253825264104242,0.125465813880999,0.245296372288877,-0.961294969969726,0.990459775804123,-0.0866297668283221,0.107166767298993,7.87664556978127,5.35502613140971,3.3385759489555,0.909413854351687,332.564053047932,354.96774981676,407.715612020523,5.04690935743953,7.994140625,0,254,0.930655169536782,20,0,4,3.151388,3.605551,3,204,25.990234375,0,355.189599458931,407.766363568047,5.14015179980461,205,21.2027615362827,0.00671140939597315,355.0476307834,407.795904296841,5.13672123977318
544,361.204044117647,521.284926470588,5.55698529411765,10.1282269846259,14.5206282898548,9.0783747766829,6.77884421492774,9.11264869126546,40.3631254987172,-104.981180687464,-0.752338529357954,-0.120675462658451,0.647629654938438,0.576780746454235,0.35432196271044,0.736057006800912,0.318293430285967,-0.927304361821506,0.196966780913944,13.1780403707583,5.15105553661951,2.8720455556412,0.78955007256894,366.366653180021,361.033611255862,521.485409067222,5.01198540906722,7.05514705882353,0,171,0.879631528108113,21,0,4,3,3,3,963,19.9871323529412,0,361.248321530396,520.439713050676,6.07771544192035,964,16.9411077641542,0.0075187969924812,361.327046939394,520.578189177319,6.15609994917972
568,366.792253521127,426.265845070423,4.38732394366197,10.2750332943177,12.6396514171632,10.1390314686794,7.73545982001176,78.8750497225843,4.71315351303119,-6.91317916366599,-0.192296818024844,-0.977890825962078,0.0821673066172069,-0.975983319111127,0.181842227560429,-0.119958180599282,-0.102364518239226,0.103261497059975,0.98937281579321,9.98504924671217,6.42499744517947,3.73983366418852,0.746386333771353,406.110530188692,367.362240510994,426.021618965729,4.69377226384965,14.3327464788732,0,688,0.816717944298691,22,0,10,2.659309,3.464102,2,381,85.4753521126761,0,367.862286302781,426.105252317199,5.07637487126674,382,61.443985625375,0.00606060606060606,367.769088007226,426.030038420792,4.93698425835146
954,370.810272536688,558.533542976939,3.9979035639413,12.2137750626313,18.0320073544912,10.2058433875619,7.59876658882077,-28.9122305581991,-11.6056597380106,-2.04509767558151,-0.857464915726199,0.473584907864751,-0.201174683649306,0.489445648403248,0.871332886411185,-0.0349565203857164,-0.158735237290865,0.128438063287672,0.978931452319888,20.3220805770265,6.509952453215,3.60882835446118,0.912045889101338,528.628407085441,371.18914101267,558.096232596233,3.70171508406803,130.547169811321,0,673,0.886541786084797,23,0,3,4.59932,4.89898,4,962,379.975890985325,7,371.11385473535,557.913406179913,3.58999936551199,810,35.6708480742917,0.0672268907563025,370.05276084106,558.310718963226,4.10885427509594
591,375.580372250423,653.113367174281,4.33164128595601,10.4118911583375,13.0940273438045,8.75831609537515,7.98240700250148,12.1299821735062,-9.3615391715958,18.5634659081813,-0.964652341906953,-0.207331592775175,-0.162663671084666,-0.249826058724428,0.915925081754183,0.314114923230038,-0.0838617888889226,-0.343649320166508,0.935346109797569,10.7158470050188,4.79425630165671,3.98242634709904,0.837110481586402,380.025189147214,375.481614811005,653.240935973258,4.33890460272564,6.58037225042301,0,248,0.89618305473558,24,0,3,3.558401,3.605551,3.464102,160,10.1489001692047,0,375.642214071357,652.844114704902,4.47715905301767,161,9.39174189041291,0.00401606425702811,375.600066783626,652.867131634825,4.55242367607865
678,378.445427728614,697.339233038348,4.47197640117994,10.8995949039911,12.4567405288398,9.55739670339857,8.23244156154595,22.9285394056621,-15.0459012271595,-0.208787384293111,-0.889418192552174,-0.376227140473546,-0.259592791749546,-0.388708941632429,0.92135388134056,-0.00351909557742872,-0.240500805512625,-0.0977760917084787,0.965711757429718,9.69814903767745,5.70898948413336,4.23581837901683,0.940360610263523,388.604302354412,378.237974264749,697.141614774728,4.40595053821886,124.824483775811,0,596,0.960423952412375,25,0,1,4.582576,4.582576,4.582576,3276,1723.22713864307,615,378.336243139886,697.21197793808,4.17658608565256,2553,171.944427794666,1.5050916496945,378.636365204402,697.299703828325,4.26599156364573
776,385.916237113402,399.600515463918,4.67912371134021,11.4012998160662,13.6345424493123,10.2897248888809,9.84783872348001,-4.00086103285889,-25.9143820822081,-54.3514031747531,0.897256153585378,-0.0627558121022675,0.43702757681931,-0.394929769562884,-0.556614050922052,0.730897582038107,-0.197387618573659,0.828397553330241,0.524209520774176,11.6187967376312,6.61740239305341,6.06124547022953,0.739047619047619,502.695865444779,386.226814723422,399.698745630269,4.29487970388649,6.26675257731959,0,161,0.812368905875879,26,0,6,2.855455,3.605551,2.236068,190,20.7860824742268,0,385.737755734656,400.071419714817,4.8633601983881,191,17.6742317124416,0.00617283950617284,385.685811138295,400.086987528655,4.97748425709593
583,389.708404802744,490.938250428816,2.65523156089194,10.3646978026932,17.702050460414,9.63461767785631,5.14133897612601,65.5306721791877,3.10601020110106,4.11570781268177,0.413597581251071,0.908846072190295,-0.0541835569849138,0.906225141922537,-0.41667739780057,-0.0716654610647518,0.087709936328459,0.0194618402628973,0.995955924648696,19.5851619064403,5.80161611240383,1.65208540421453,0.896923076923077,411.687421182799,390.132000779739,491.22913823869,2.30484787596155,114.38936535163,0,466,0.819776686554902,27,0,8,3.15257,3.741657,3,1146,528.072041166381,66,389.983356395315,491.146911318561,2.44183833226144,932,58.6071119063284,0.78372591006424,389.819650001053,490.661838735683,3.10312281966309
429,392.142191142191,182.321678321678,3.68764568764569,9.35735034332223,10.5484094625494,8.08878120162671,7.83901489284377,-88.2459690679058,5.65636568203527,134.744508848333,0.0304597964872082,-0.994664640940278,-0.0985619239925137,0.701474079363314,0.0915180717638294,-0.706794565996387,-0.712043760438464,0.0476098162544109,-0.700519085119651,6.95430888685013,4.08927383298685,3.84063465563915,0.903157894736842,295.157411792475,392.087780040733,182.307739307536,3.94989816700611,11.4452214452214,0,184,0.931970056900004,28,0,2,3.673604,3.741657,3.605551,77,4.76456876456876,0,392.407045009785,182.092954990215,3.74021526418787,78,4.36578289223205,0.00540540540540541,392.283099380125,182.192413953277,3.65970932024419
505,389.976237623762,333.184158415842,3.30891089108911,9.88016624021919,15.7276754023157,8.56755644592436,6.52446360974322,-65.9246164169278,-2.91696925072604,-26.2274034775448,-0.407409681274363,0.911826567380218,-0.0508887278631612,0.828186881308272,0.345406677675465,-0.441362341671869,0.38486860255521,0.22196066776978,0.895884825594447,15.4599858475378,4.58768896588125,2.66053908717897,0.766312594840668,375.619980778196,390.06216505895,333.176312968917,3.45819935691318,3.6950495049505,0,183,0.816450182482017,29,0,8,2.675864,3,2.236068,173,13.7069306930693,0,390.062409708177,333.026870846576,3.50866801502456,174,13.3022642251825,0.0087719298245614,390.106102378423,333.048377252731,3.42261610521036
732,390.648907103825,417.95218579235,9.12431693989071,11.1816051687863,17.2666701617624,9.82518768317177,7.3187073890256,53.7903766812096,70.1544874696932,-9.70983778279285,-0.200547890338555,-0.273917399712921,0.940611397876544,0.889018931700865,-0.454276306765741,0.0572571060107991,0.411613754335552,0.847704131903219,0.334621909019719,18.6336186546935,6.0333945630969,3.34771736538612,0.754639175257732,500.653718527475,391.196428571429,417.890584415584,8.21883116883117,4.20765027322404,0,107,0.784550190798041,30,3,12,2.43923,3.162278,1.732051,229,17.1707650273224,0,391.043519770865,418.239557641817,8.31084414034529,230,15.7016656752342,0.00943396226415094,391.00490569011,418.204354691138,8.41797336944504
1263,388.752177355503,451.2288202692,10.4315122723674,13.4112186392711,30.2877459984983,11.1599400417011,8.17972525606818,-56.0910956539406,-49.8761787849797,1.87923674708816,0.359517272303379,-0.534838576159807,0.76465353485542,0.815490387028483,0.578384662633,0.021133165760167,-0.453566709073399,0.615969868972713,0.64409499372225,57.3342223543468,7.78401635839769,4.18174407904748,0.535396354387452,859.99072210291,389.948348068869,450.582829222894,8.5928338762215,3.40300870942201,0,170,0.657041183734471,31,4,36,2.378111,3.162278,1,174,10.7751385589865,0,389.900286575061,450.522742302888,9.13660077889632,175,10.3565308716763,0.00632911392405063,389.720875698424,450.692400272036,9.46780190971618
534,406.784644194757,423.89138576779,3.19101123595506,10.0657825676096,12.4725815275177,9.90991269484553,6.45426937614617,-80.4331558283723,1.26704305679386,7.34555939297903,-0.166157507775864,0.985851271791392,0.0221122707339128,0.978469471335892,0.162046363555036,0.127822023619756,-0.12243029148611,-0.042874770738574,0.991550592637986,9.72283062253594,6.13789810121629,2.60359957374114,0.928695652173913,345.776003660658,406.963822708896,423.559129358058,2.89128910504095,125.526217228464,0,640,0.920555785742525,32,0,1,4,4,4,2345,1166.32397003745,322,406.644505528911,423.738098028795,2.83955158577881,2053,147.875129227667,1.16933638443936,406.470967132816,424.038415157601,3.11172528071142
790,407.984810126582,635.440506329114,7.25316455696202,11.4694560879701,16.3850750666623,13.4034082698476,8.01184309716198,18.673957770307,34.8499599915718,-121.715680883073,-0.777448812052292,-0.262758111830824,0.571429365106117,0.292184819442341,0.653668727227042,0.698101157664722,0.556957247843967,-0.70970090158635,0.431420043996097,16.7794178087599,11.2282095780136,4.01185186334638,0.601675552170602,551.044639663862,407.89027982327,635.376288659794,6.83038782523319,5.15696202531646,0,296,0.749978367261332,33,2,21,2.535756,3.316625,1,279,17.8746835443038,0,408.123645634162,635.142199560938,7.59932016146165,280,16.6875196019518,0.00336700336700337,408.0439776213,635.043299948294,7.58930717091022
484,415.553719008264,620.074380165289,3.15495867768595,9.74126997467566,11.2744850672923,9.91303446514963,6.41148292526227,79.1119732049549,-3.97805103058133,-2.65766170695055,0.188435143791795,0.97963227810543,0.0693743200192296,0.980334364096881,-0.191845931645182,0.0462566004150393,-0.0586236398983377,-0.0592936607501774,0.996517702120696,7.94462584578725,6.14176576920278,2.5691945813081,0.930769230769231,320.911562486274,415.355715232481,620.068482797912,2.92014603462509,177.70041322314,0,762,0.928957118829667,34,0,2,3.673604,3.741657,3.605551,1622,759.935950413223,152,415.449486010402,619.933867849889,2.86731428540357,1048,33.7413140750604,0.792027729636049,416.836870592857,619.610461991201,3.50326701215029
427,418.208430913349,434.533957845433,4.51288056206089,9.34278635037763,10.4960871328499,9.48916315144561,6.47525139322426,-44.8315170795817,3.10831135870454,-118.865173761694,-0.708139686917805,0.703987200473299,0.0542236607185533,0.374027491584213,0.308878856534337,0.874469717900661,0.598866946283709,0.639527852056349,-0.482039943462175,6.88549031877364,5.62776358217208,2.62055503784079,0.878600823045268,297.157390243974,417.883923705722,434.677384196185,4.23215258855586,4.29742388758782,0,159,0.92281824487564,35,0,1,3.162278,3.162278,3.162278,245,17.5245901639344,0,417.698115728986,434.907256447949,3.95563276760657,246,16.9153014997078,0.00625,417.804286517283,434.926990518934,3.99377224546775
1129,424.263950398583,525.937998228521,5.95394154118689,12.9190855223139,15.1203348268861,12.2639702204869,8.80742835643582,-0.00358376833543937,6.92866415408363,-48.9803183959489,-0.992697113232279,6.20917721334746e-05,0.120633484260847,0.0909750027507702,-0.656323931294302,0.748974262631828,0.0792211477750573,0.754479219962355,0.651525223141973,14.2890328298215,9.40031034806184,4.84817464085936,0.897456279809221,568.090076835988,424.358005032007,525.766027580496,5.93350106691296,55.6226749335695,0,482,0.922988342479922,36,0,3,4.162951,4.24264,4.123106,1139,433.551815766165,70,424.370856827654,525.858719457383,5.83523126583313,897,132.994999997355,0.885416666666667,424.297282841018,526.027448218852,5.9150388703601
715,435.496503496504,644.918881118881,3.62657342657343,11.0943655946435,14.9589776141605,9.62215742183436,7.46292489650437,89.0591467722355,-3.10070958977006,-2.00959891876621,0.0163962093934646,0.998401376508453,0.054091179535587,0.999219081619215,-0.0183067053286808,0.0350155889292342,-0.0359498434708404,-0.0534748158111301,0.997921867096011,13.9856882038097,5.78661959066012,3.48095300067905,0.911989795918367,426.953886773353,434.930146798935,644.946428992201,3.37354791583214,118.71048951049,0,597,0.905678060836964,37,0,2,4.527356,4.582576,4.472136,1497,700.107692307692,109,435.153500860008,644.747557318854,3.29475385405242,1356,91.7448390064237,0.780590717299578,436.103320196334,644.473861251201,3.67425243932513
926,435.051835853132,430.476241900648,6.75269978401728,12.0930947273208,15.0977530465616,11.3810836181259,10.4463753304681,10.5828057030177,61.3738148497499,-39.5168019938798,-0.470943931640332,-0.087988490727541,0.877764113387325,-0.690704503893409,0.655739537145739,-0.304849057281226,-0.548761424985856,-0.749842440065499,-0.369590602591722,14.246384190935,8.09556652017332,6.82042234656326,0.656737588652482,651.42735996758,435.185400353625,430.663298812831,5.75978782520839,4.27537796976242,0,228,0.705275483409209,38,10,30,2.155211,3,1.414214,207,12.9794816414687,0,435.158249438389,430.654047757717,5.99700474249106,208,12.0930070517371,0.00549450549450549,435.115662180708,430.645705179224,6.12325503833635
497,438.12676056338,712.772635814889,3.34004024144869,9.82771579636238,13.0361579031665,9.7693500734222,6.63310095686564,-22.0655510616516,7.20206672429069,-28.4424228181126,-0.919442739513269,0.372703176176129,0.125369020194622,0.274985975593482,0.837322981408603,-0.472517658963037,0.281083194060469,0.399978208497954,0.872358682391327,10.6213383047681,5.96501255356715,2.74987676899824,0.801612903225806,364.05577749021,438.35806325654,712.42717688403,3.16985552518547,5.15291750503018,0,155,0.83346453104844,39,1,6,2.422232,3.162278,2,149,9.48893360160966,0,438.094995759118,712.581424936387,3.04346904156064,150,9.19356707297243,0.00641025641025641,438.129465731701,712.489391694969,3.16127921748282
894,443.634228187919,567.158836689038,4.54250559284116,11.9521572629837,14.4965250791009,10.2884260340352,8.93793617573541,-33.7196111052204,11.5823848280288,-22.8133377805998,0.814826967868211,-0.543825072758479,-0.200776748339873,-0.446952506483987,-0.809912930891116,0.379834834267532,0.36917539108448,0.219761995382726,0.903002877073503,13.1343274605626,6.61573189111329,4.99291894259498,0.864603481624758,488.4869486595,443.446752245055,567.229574128147,4.30097515288414,40.6062639821029,0,314,0.918733400838954,40,0,5,4.238906,4.582576,4.123106,917,400.880313199105,34,443.407947274873,567.123709844386,4.15871669452296,910,157.217739416838,0.524752475247525,443.454255131885,567.067137262164,4.42024882461569
837,463.445639187575,312.246117084827,5.29032258064516,11.6925421788773,18.609020588386,10.1364792599978,9.2512222190236,-53.3352132642874,16.4607874206028,-100.178137009641,-0.572658142218343,0.769266070967143,0.283359072926582,-0.308286111863561,0.118198775763894,-0.943921989700401,0.759619855837829,0.627900279874673,-0.169466554665584,21.6434779536859,6.42176323677288,5.34906953410974,0.649844720496894,610.3018794898,463.067433770404,312.466952100615,5.25394701632325,4.4647550776583,0,162,0.703757531662715,41,4,23,2.181032,3.162278,1,320,23.4241338112306,0,463.033765173926,312.233601958584,5.2253391818831,321,21.5390323878888,0.00628930817610063,463.20124245428,312.227990388518,5.26884633980526
991,459.457114026236,477.745711402624,6.70433905146317,12.3696765637581,12.8086383961716,11.7432727449591,10.4478671248325,15.5197144040498,-60.1850248042447,-10.2970307768772,0.479072036121847,0.133035968288435,0.867635531399923,0.113824467140799,-0.989517651016633,0.0888752440595077,0.870364277119748,0.0561805079016057,-0.489192984052037,10.2538260977426,8.61902842265627,6.82237046613474,0.813628899835796,550.056367057508,459.539698854001,477.522740120253,6.1836168353975,19.635721493441,0,328,0.873895221646829,42,0,1,4.123106,4.123106,4.123106,1233,416.93541876892,0,459.20299237868,477.480227889337,6.17196254444157,1234,246.261210094407,0.852459016393443,459.197766804127,477.593536435374,6.34809758144527
938,468.972281449893,433.641791044776,4.97014925373134,12.1451086780855,13.5509124666153,11.3104493868479,9.14023575299475,-6.67452289527853,-0.333067262155647,38.0720714908,-0.993205648464592,0.116227139130258,-0.00581308761542384,0.0879393410130187,0.782316795221761,0.616641795709753,-0.0762181878571312,-0.611940915484124,0.787222397925915,11.4767017923669,7.99539158327801,5.22149435127022,0.889099526066351,503.015990614192,469.194783025366,433.18552903477,4.80111407265431,35.5980810234542,0,267,0.921235981296176,43,0,1,4.472136,4.472136,4.472136,2084,592.553304904051,61,468.932634059894,433.168052319567,4.82279535456942,1224,248.197510747858,0.859872611464968,468.780529336902,433.512301324775,4.94247683846701
547,488.670932358318,161.00731261426,3.60146252285192,10.1468109290231,14.9318602954939,9.17577782898312,6.37576272933014,-76.6562076582518,8.57163494729093,30.7492956367927,-0.228215594028959,0.962134597565607,0.149045827882828,0.853798432093453,0.124199641666677,0.50557164315716,-0.467916531014636,-0.242634427023737,0.849813305865525,13.9350282427592,5.26218117292863,2.54064689879471,0.846749226006192,377.7295874949,488.769024171889,160.781781557744,3.38809310653536,8.16819012797075,0,195,0.85630406233857,44,0,10,2.602797,3,2,130,3.95246800731261,0,489.199814986124,160.95467160037,3.72987974098057,131,3.67116315009682,0.00510204081632653,489.077412102969,161.015665515004,3.81912452008693
1334,490.395052473763,491.975262368816,9.71289355322339,13.6579568327643,26.1328614889694,10.3690181525141,9.44793683970073,36.0761733848605,-39.8115851985916,-47.5714299440799,0.620848882810557,0.452335441845404,0.640265033219374,0.0153215403156988,-0.823582768516452,0.566989130235431,-0.783780527389675,0.342204721553194,0.518250917443919,42.6829031001037,6.71978359044787,5.57896940793589,0.664342629482072,780.69925968209,489.193213659248,490.092625919767,7.70195001936351,65.8125937031484,0,632,0.750650151649897,45,0,14,3.055758,4.24264,2,1064,351.887556221889,5,489.812702111977,491.218717646106,8.85607709972775,805,101.416605984127,0.214285714285714,490.885875659249,493.085001285071,10.8778325468994
1189,514.386038687973,679.457527333894,3.39781328847771,13.1440058616318,52.980867257457,6.97203449800027,6.58422099373331,-79.1240749855599,-5.56435672337628,30.1152817986458,0.187793729410981,-0.977410632716979,0.096963757382388,0.840300693511776,0.210990842398081,0.499377221054161,-0.508555070447187,-0.0123011981507245,0.860941589683361,175.435768459518,3.03807906508162,2.7094978808949,0.637875536480687,898.723724326719,517.753706408771,678.880941587334,2.83350962910727,50.0916736753574,0,513,0.603919641615691,46,0,45,2.548685,3.605551,2,1039,164.787216148024,0,517.117734724292,678.750714533614,3.03370046750914,634,54.4722847083219,0.00512820512820513,514.368436130651,679.184798413329,3.71225263920342
387,510.974160206718,375.100775193798,2.17571059431525,9.04143673045577,15.7976739862669,9.28452296301382,4.22715965782176,37.7464158434343,-4.58231190693386,-0.810830150843678,-0.788200378870196,-0.610211077413197,-0.0798911994596815,-0.611212557418552,0.79134078108952,-0.0141059504643161,-0.0718287714133705,-0.0377121888366894,0.996703776661046,15.5979064610234,5.38764791567068,1.11680492329474,0.869662921348315,332.500288590501,510.910984360626,374.820680772769,1.90318307267709,70.2196382428941,0,456,0.772383061849641,47,0,2,2.532248,2.828427,2.236068,2065,889.912144702842,218,510.677876630391,374.882507346194,1.92150315334673,1749,212.556983897945,1.37552742616034,511.013233075261,375.255338999511,2.29751603635956
897,516.656633221851,701.469342251951,6.48940914158305,11.9655116397488,16.9456482368548,11.3971969058924,8.18855008863979,-67.2905112428235,5.23167144910376,-92.8607073092612,-0.384450554482242,0.918631275479462,0.0911830624034637,-0.0811970160824992,0.0647417670651996,-0.994593157113286,0.919567733088539,0.389775683320872,-0.0497001102026165,17.9471871354512,8.11850608198024,4.19077203463517,0.745635910224439,565.889063563832,517.64360333081,700.939894019682,6.56078728236185,7.36343366778149,0,326,0.794842570275864,48,0,14,2.72015,3.464102,2,264,30.3389074693423,0,516.156573822297,701.797273462189,5.69526714191225,265,25.0706232006718,0.00854700854700855,515.971993940326,701.891033214449,5.72043474394044
765,518.095424836601,645.19477124183,4.63267973856209,11.3471711207777,13.9270303884958,11.4469406749711,8.58542983474702,-37.6145441411645,-41.6935549976137,-154.677359866992,0.59149731116372,-0.455753492268258,0.66514636372108,0.326343405746396,0.889660685901058,0.319380408741524,-0.737313306818704,0.0281534766475872,0.674964050406184,12.1226359651303,8.18952817601923,4.60685034046026,0.783811475409836,503.12899316127,518.107192575406,644.761020881671,3.66403712296984,5.63398692810458,0,126,0.803980909726348,49,0,9,2.607574,3.162278,2.236068,251,27.4666666666667,0,518.439367980202,644.962450028555,4.49552636588616,252,23.6113019498956,0.0078740157480315,518.405519608107,645.050135454763,4.72177997187852
422,538.523696682464,718.613744075829,2.33412322274882,9.30617631050107,13.630300355051,10.2827251193844,4.43110293788396,-81.6238842300146,-0.742320334250204,-0.811331911062356,-0.145658403657595,0.989250111251664,-0.012955571484521,0.989260678698185,0.145474531572767,-0.014158751544238,0.0121218408473539,0.0148787785874183,0.999815824500802,11.6115679855565,6.60840224255118,1.22716707788274,0.93569844789357,323.312583544562,538.592097992264,718.902415598768,2.09124279662132,360.218009478673,0,1166,0.8415304151463,50,0,1,3,3,3,1527,730.267772511848,106,538.388187803604,718.42440447411,2.11256664276234,551,4.69364128100822,0.431451612903226,538.748470617368,717.278855911007,2.73961783923307
797,537.084065244667,693.176913425345,5.6198243412798,11.5032325524712,12.6350822969645,10.2841843164959,9.24530479816883,-9.26667737169522,-11.4119399516585,86.6874529349081,0.967437507974265,-0.157846282772415,0.197861616235882,-0.185648423616511,0.0888369510167548,0.978592182138582,0.172044561010364,0.983459479159653,-0.0566402849372561,9.97783154069163,6.61027794097873,5.34222880069022,0.880662983425414,462.199269915107,536.964811181952,693.366478666013,5.89725355566454,10.2333751568381,0,297,0.899415602046616,51,0,4,3.361915,4.123106,3,246,27.077791718946,0,536.836198507947,693.180621843288,5.44775496964923,188,20.9804447694271,0.00675675675675676,536.9816944976,693.156135308071,5.38656526801311
1224,546.828431372549,444.248366013072,5.99183006535948,13.2717318542763,16.1153680204523,11.1811153731355,10.1254354691367,38.4365837957711,9.42490633519832,-87.1272390818347,-0.772723023562938,-0.613256465062668,0.163754807302232,0.159263241608334,0.062412560057578,0.985261331941666,0.61443823833495,-0.787414236857513,-0.0494415904471534,16.2315679021636,7.8135838117105,6.40777771497819,0.848821081830791,616.814836480716,547.122824314588,444.467710742861,5.46771074286148,64.6348039215686,0,466,0.89711942061608,52,0,11,3.397739,4.472136,2,1578,578.459967320261,73,546.800231626968,444.29340922412,5.53582096930236,1129,164.450706223703,0.889434889434889,546.55266752922,444.010254169469,5.90903809295973
582,552.288659793814,659.625429553265,4.31099656357388,10.3587683404136,11.935710775081,10.8174723035939,7.90582625189939,-41.5694093814658,5.67615989152512,36.6369633315177,-0.74448412482048,0.660273464862613,0.0989057100909939,0.57659252819127,0.561179780803653,0.593816731030006,-0.336577545781479,-0.499115422738551,0.798498184381301,8.90382448164901,7.31360668993876,3.90638054532634,0.768824306472919,410.689365432796,552.226523476523,659.568931068931,4.0974025974026,6.87972508591065,0,166,0.820828934493376,53,0,7,2.352773,3.162278,1.414214,225,26.3969072164948,0,552.487730261017,659.783245459871,4.6000130182907,226,22.7922406815599,0.00613496932515337,552.436437882866,659.802244155436,4.73972553597604
1811,556.9928216455,518.44947542794,5.81778023191607,15.1230693136883,18.9943158278619,13.9083049329026,10.3599753330212,24.9147797012761,8.02978552546936,-9.28336166458974,-0.898043405279865,-0.417139471706129,0.139687878422127,-0.436189176730275,0.885563964343956,-0.159735616437854,0.0570705207327564,0.204379857618475,0.977226600877782,22.5490021105354,12.0900591316627,6.70806805630042,0.84983575786016,824.267395319058,556.935676584361,518.326560861863,5.55922598604533,61.0955273329652,0,485,0.871689142903347,54,0,7,3.610368,4.582576,3,1820,828.89066813915,177,556.945690587234,518.478949398483,5.47142768637572,1771,237.911049971944,1.50340136054422,557.000620934349,518.621565023276,5.64241879753208
