Volume,Centroid_1,Centroid_2,Centroid_3,EquivDiameter,PrincipalAxisLength_1,PrincipalAxisLength_2,PrincipalAxisLength_3,Orientation_1,Orientation_2,Orientation_3,EigenVectors_1,EigenVectors_2,EigenVectors_3,EigenVectors_4,EigenVectors_5,EigenVectors_6,EigenVectors_7,EigenVectors_8,EigenVectors_9,EigenValues_1,EigenValues_2,EigenValues_3,Solidity,SurfaceArea,WeightedCentroid_1,WeightedCentroid_2,WeightedCentroid_3,MeanIntensity,MinIntensity,MaxIntensity,sphericity,id,nb_branch_pt,SkeletonSize,MeanWidth,MaxWidth,MinWidth,channel_2_MaxIntensity,channel_2_MeanIntensity,channel_2_MinIntensity,channel_2_WeightedCentroid_1,channel_2_WeightedCentroid_2,channel_2_WeightedCentroid_3,channel_2_Ratio_MaxIntensity,channel_2_Ratio_MeanIntensity,channel_2_Ratio_MinIntensity,channel_2_Ratio_WeightedCentroid_1,channel_2_Ratio_WeightedCentroid_2,channel_2_Ratio_WeightedCentroid_3
630,5.01111111111111,526.953968253968,3.26031746031746,10.6360566638732,24.4849641488549,6.81116566617371,6.28804511156258,10.8342213065213,5.87228862954127,-117.480767282594,-0.977021111656367,-0.186981598645689,0.102311432135708,0.00241130982590704,0.470286879138353,0.882510304129777,0.213128911606756,-0.862477902950685,0.459029338887079,37.4695918356693,2.89949860825398,2.47121945781538,0.827858081471748,462.927507315152,5.18080573916857,526.660114031515,3.05164311894991,101.336507936508,0,696,0.767711718789218,1,0,19,2.403454,3,2,521,90.7190476190476,0,5.32472486133711,526.901667454027,2.79670358511364,365,16.8036418527636,0.003584229390681,5.47963583623001,528.174094290164,3.12637090578265
564,22.6790780141844,669.434397163121,4.57446808510638,10.2508566560512,18.8249316062905,7.75878353298052,5.89392510136892,56.3961996672153,-21.0933193049596,89.0264590801672,0.516363370864412,0.777077525093257,0.359888023174543,0.213301392836259,0.290298463791951,-0.932860824418169,0.829380120960018,-0.558459776452138,0.0158522251237723,22.1486281238447,3.7624201194781,2.17114706878416,0.873065015479876,395.063491336353,21.7998858528929,668.900763358779,3.96932296497111,24.8528368794326,0,325,0.83560936060155,2,0,6,2.630974,2.828427,2.236068,368,56.8492907801418,0,22.3536475064716,668.87811496117,4.23902941084739,369,30.5133773494437,0.00543478260869565,22.8090081906432,669.035463646326,4.59779082398216
1293,38.6102088167053,680.833720030936,8.97215777262181,13.5165742421362,25.6628082973302,12.0096856563074,6.49756969181877,49.603864214944,-27.1738330785323,97.5381443709242,0.576537997727687,0.677522429915713,0.456691683893256,0.19350062509003,0.429819983843777,-0.881936669822898,0.793827087762768,-0.596840128049081,-0.116706539167432,41.161233106595,9.01453434770724,2.63865074375262,0.780325890162945,756.352538155899,38.2099912287696,680.498245753927,9.09943385694921,19.3982985305491,0,362,0.758855126601344,3,0,16,2.810033,3.162278,2.236068,304,39.1260634184068,0,38.1770112670488,680.224056137577,8.64305198655861,305,25.2971242098592,0.00384615384615385,38.3446635105922,680.23520649119,8.38399018421941
2498,173.174139311449,671.763410728583,5.3466773418735,16.8344114375048,78.7670099340509,9.94560001359426,6.82591259341075,-32.2192695834644,6.311717793889,56.5824862718397,-0.840885782911075,0.529929077221333,0.109937587809521,0.371263298575716,0.417005976593175,0.829620141158742,-0.393795204679677,-0.738431573404685,0.547397614326527,387.76511587193,6.18218497690037,2.91206767080523,0.565414214576732,1611.18219323937,170.135088789634,676.130941172631,3.97790113507121,159.447958366693,0,895,0.552587547305282,4,0,58,2.667056,3.162278,2,426,60.5404323458767,0,169.864061363486,676.303471533426,3.99864444885274,238,5.73468099574745,0.00141242937853107,171.646465505191,673.27808251618,5.42482297355009
606,177.244224422442,127.341584158416,5.7029702970297,10.4992433201177,17.2854878859299,9.36093821224718,5.76481580336795,34.8148237103519,-20.6546560467913,92.3110236217608,0.768230402834306,0.534228861076936,0.352734421560299,0.266337917022907,0.234327550649135,-0.93496241259351,0.582139297863439,-0.812213101962297,-0.03773214655761,18.6742557159144,5.47669776334434,2.07706882792255,0.818918918918919,416.736767689779,176.851831779753,126.715911554303,5.70138738348147,15.2244224422442,0,245,0.831005800130612,5,0,5,2.862742,3,2.828427,367,75.6798679867987,0,177.064628668615,127.161135580655,5.29686886747198,357,49.8205723043255,0.00657894736842105,177.317426694627,127.584572068763,5.21102058128878
2417,195.786098469177,148.254447662391,9.34298717418287,16.6504513032717,46.6829580323808,13.1658731631516,6.40249459948786,43.857733336608,-15.7318127472241,91.7742750462838,0.694052408002357,0.666916116601737,0.271134926490462,0.173958838662435,0.210096743941644,-0.962079872274821,0.698591137502722,-0.714900168976045,-0.0298021979168539,136.206160665814,10.8337635092622,2.56199606852944,0.723869421982629,1376.6535865982,196.061038120832,148.576465611625,9.8914103712551,16.6272238311957,0,360,0.632669969872088,6,2,32,2.500812,3.162278,1.414214,479,59.2498965659909,0,195.626079730739,148.067706187547,9.32748399170432,480,37.7800546488821,0.00546448087431694,195.596821449791,148.085533599137,9.16442263626047
582,288.871134020619,398.914089347079,5.1872852233677,10.3587683404136,14.4078585064929,10.2185361768228,7.71653883859613,-38.3756688263435,39.6456615339369,61.3239812298959,-0.603650940441111,0.478030598060183,0.63803784325288,0.736746010415965,0.0286666273303627,0.675561648270283,-0.304648745673968,-0.877875259815269,0.369491772524846,12.974149171445,6.52615509981478,3.72156072797266,0.686320754716981,443.474213613346,288.657650490586,398.698488464598,4.65473349244232,6.47938144329897,0,183,0.760147273252456,9,3,14,2.46685,3,2,150,4.1872852233677,0,289.243331965531,398.781698810012,5.21583914649159,151,4.17998753033357,0.00543478260869565,289.1681848131,398.965697740437,5.34059313718412
490,309.832653061225,576.516326530612,3.34285714285714,9.7813579571064,11.0597236635406,9.33492019370004,7.19384969424493,65.36475611328,-1.50646372206021,-7.58109843686622,-0.416695930197552,-0.908665698833396,-0.0262897227146668,-0.899588824430632,0.416349148726544,-0.131883787154429,-0.130783977291983,0.0313054966147964,0.990916503629539,7.6448429696175,5.4462959389218,3.23446708896174,0.926275992438563,321.011428455473,309.690477014677,576.188261561894,2.99619219052894,117.910204081633,0,697,0.936327294835837,10,0,2,4.182873,4.24264,4.123106,3137,1328.48163265306,215,309.830407892392,576.333574005002,2.96793178033538,2299,148.201544162686,1.58115183246073,309.469278988521,576.806552401126,3.57428247683454
1332,314.91966966967,482.707207207207,7.86636636636637,13.6511278532095,20.0154562593544,13.9077902982933,11.4178998703971,23.405494998314,-57.1887299123737,97.4024791965189,0.497286305694913,0.215251626787836,0.840460033156542,0.713696421103808,0.449315596433559,-0.537357342282741,0.493298843169049,-0.867053765326433,-0.0698141773663,25.0386555793831,12.0891644363313,8.14802734065084,0.595706618962433,919.316724610508,314.821011673152,482.916342412451,7.15734435797665,3.08708708708709,0,132,0.636827457168307,11,3,36,2.03157,2.828427,1,159,10.3310810810811,0,314.43078264661,482.117578664341,7.13930673642904,160,10.4463433156992,0.0075187969924812,314.463295783871,482.127532268809,7.38227738892151
812,310.875615763547,552.817733990148,6.89039408866995,11.5749503187537,19.7285341721607,10.559964277494,6.58070872365013,46.5305143726155,44.5742888947096,-85.1903835416542,-0.490067969587486,-0.516975020849262,0.701833465290951,0.541988716057419,0.449872955205966,0.709832766108103,0.68270170415111,-0.728252121172439,-0.059726302053739,24.325941286382,6.9695528463719,2.70660795659531,0.742909423604758,539.941761402935,310.871210893176,552.875749716324,6.86861727994813,15.1945812807882,0,526,0.77954506227904,12,1,12,2.543945,3.162278,2,338,30.3472906403941,0,313.280861943024,555.018586153721,4.54118983848714,237,20.9272875556274,0.00460829493087558,313.028632865159,554.777204775801,4.68332013158515
464,315.676724137931,529.543103448276,5.02370689655172,9.60520089689789,11.9879435975358,9.06919107104286,7.06744904186009,38.6347078359789,52.2242939478628,-65.2978074041893,-0.478505937697354,-0.382461083538485,0.790414819678215,0.821845406283067,0.121898033696902,0.556516843907037,0.309196047451769,-0.915895402848708,-0.255994951670548,8.98192448110615,5.14063916769272,3.12180224745557,0.798623063683305,339.905881925446,315.670746939795,529.363727204597,5.23107669248064,8.62715517241379,0,143,0.852715384038343,13,0,8,2.619677,3,2,260,11.0409482758621,0,315.74838961546,529.708569197736,4.40230333788796,125,8.49793507114766,0.00694444444444444,315.660943972665,529.467190249605,4.40612641001008
517,318.040618955513,690.911025145068,4.3752417794971,9.95781316719123,13.9373369073254,8.85514013250534,6.79079675032304,17.6850320104679,-13.2966733287821,99.9379581256181,0.927200014546265,0.295640399700302,0.229993232705771,0.163408457173319,0.233245577399931,-0.958589681118886,0.337042740835107,-0.926387205594086,-0.167955161164938,12.1405850042684,4.90084417289417,2.88218253151237,0.791730474732006,360.692843888972,318.311971610479,691.430017743451,4.33702118776746,18.531914893617,0,239,0.863655004359842,14,0,5,2.737112,3,2.236068,230,16.9245647969052,0,317.6344,689.601714285714,4.33245714285714,231,11.6944268880796,0.00416666666666667,317.547434230213,689.334288831968,4.38733604237795
954,327.473794549266,616.125786163522,6.08700209643606,12.2137750626313,16.4207860992393,14.2711147357837,8.70297525880762,-24.7503375865376,-24.060153062595,-137.963052913824,-0.829239566276164,0.382290600498919,-0.407695521795732,-0.0630285107587477,-0.788782333688293,-0.611432610262803,0.555327964858293,0.481327670959634,-0.678184727500495,16.8526385073108,12.729044737619,4.7338611472136,0.625984251968504,690.123408771697,327.290372670807,615.348602484472,5.5139751552795,5.40041928721174,0,517,0.679083141125163,15,11,26,2.101014,3.162278,1,156,13.3406708595388,0,327.345328828475,616.099316413923,6.01555747623163,157,12.8150365746181,0.00193050193050193,327.398183275581,616.062533492658,6.0466248679724
752,325.280585106383,498.087765957447,5.74335106382979,11.2825276390428,13.3510485719825,12.3287456007733,8.00769953931266,-9.27287949878064,-63.8175802259772,171.728112672979,0.435464567212754,-0.0710984229014806,0.897393795924137,0.286881759791272,0.955860413022467,-0.063480128509491,-0.853269867393237,0.285089258088481,0.436640181752994,11.1406561232148,9.49987300553666,4.00770324449426,0.798301486199575,509.120576857307,325.556182310469,498.131317689531,5.54648014440433,5.8936170212766,0,277,0.785492485805417,16,1,17,2.329518,3.162278,1.414214,154,10.2140957446809,0,326.136570759016,498.185132144252,5.19919281343575,155,9.67313461456274,0.00359712230215827,325.984034792746,498.202918760751,5.20233030139297
862,336.470997679814,95.2888631090487,4.77610208816705,11.807815208088,21.6121543277596,10.0477451759007,6.00672716306644,-1.54666133311479,-2.00842854329773,-108.668451324883,-0.999021581223315,0.0269744732780813,-0.0350465125431503,-0.0245508985036846,0.320870937165603,0.946804676300835,0.0367849647645461,0.946738728200045,-0.319894743460147,29.1928259179312,6.30982394498978,2.25504820072001,0.871587462082912,543.013343205516,336.564743298501,93.9661517492049,4.72898682417083,15.3201856148492,0,411,0.80663760913895,17,0,12,2.818974,3,2.236068,416,96.9292343387471,0,336.472610199514,94.5715653537276,4.39430062355631,417,66.7676490187136,0.0103092783505155,336.444240731137,94.9769237763663,4.30155501382367
1181,334.116850127011,571.62150719729,7.79508890770533,13.1144603709054,17.2361293931069,15.1892306818956,8.23971286723454,-24.8702921815545,14.7750966835572,-92.1132590130854,-0.877262962513253,0.406659174694381,0.255025508997347,-0.246725979763283,0.073726711313582,-0.966276701027574,0.411747477845729,0.910600179922983,-0.0356556701228865,18.5677597784953,14.4195455442399,4.24330425840441,0.70297619047619,755.489443699981,334.361510791367,570.819630010277,6.88360739979445,9.88653683319221,0,274,0.71519146414515,18,2,22,2.383564,3.162278,1.414214,242,12.7730736663844,0,334.12369903878,571.126284388465,6.87616837918462,166,10.4951909167369,0.00392156862745098,334.176131068323,571.303985281789,7.19862645847069
722,338.558171745152,75.595567867036,5.92936288088643,11.1304534692154,17.0053505571708,10.1891329834092,6.1083803835565,-10.4514842993844,16.2339348798006,83.733538803819,-0.944198659403991,0.174170035317276,0.27955981538355,-0.29307952096662,-0.0569315545855216,-0.954391529972082,0.15031063159232,0.983068459920292,-0.104800368034961,18.0738717232669,6.48865193459979,2.33201943188862,0.860548271752086,452.304923460749,338.356908102642,76.2283529263051,5.83971684995576,21.9141274238227,0,337,0.860486922405885,19,0,5,3.032455,3.162278,3,620,117.261772853186,0,338.387831756493,75.6869116379056,5.2572670469981,418,68.8285425156441,0.00395256916996047,338.353967985861,75.5362585919947,5.12683262622199
1196,347.751672240803,482.160535117057,9.32190635451505,13.1697496434175,27.6159284759577,11.6471157843664,8.44177602864203,27.474984943851,-58.2105505312765,87.7065555031516,0.467382830340084,0.243044805903109,0.849989713012347,0.771979812953258,0.356334248323321,-0.526377309412654,0.43081371646681,-0.90219461636355,0.0210811742718828,47.6649690993256,8.47845663090237,4.4539739073597,0.547869903802107,802.069584693689,346.983037915248,480.429005751849,5.3168094846813,71.2290969899665,0,442,0.67934887909204,20,1,22,2.756571,3.605551,2,2713,488.510033444816,0,346.514219745386,479.652502832653,3.65269624035957,1676,69.1293377167464,0.00389105058365759,346.732725729735,481.244091968905,6.82613870744806
738,347.69512195122,598.481029810298,7.04336043360434,11.2120729084029,19.6702785313999,11.6139728450236,7.84888378407081,69.8322058668802,-76.3469988483073,-53.4246778838002,0.0813800429387038,0.221568722466854,0.971743067809439,0.290291174197111,-0.937975797418542,0.189558533546534,-0.953471721025095,-0.26666215457289,0.140651955279643,24.1824910939281,8.43027282780909,3.85031104099061,0.581102362204724,569.096805304546,348.110920526015,598.552315608919,6.0440251572327,4.73983739837398,0,219,0.693961778523638,21,1,20,2.317168,3,2,272,26.0636856368564,0,348.293683389654,598.502833376657,7.7974525604367,273,23.9639091660951,0.00454545454545455,348.302581020814,598.431556702296,7.98141602148597
917,347.429661941112,552.419847328244,5.59541984732824,12.0537886166919,16.8895651963438,12.8458549342023,8.46616555613917,1.97906721013738,38.8479488437557,-161.484651428492,-0.77834875537582,-0.0268958276306385,0.627255792688258,0.166324885446557,0.95455192589135,0.247318930246565,0.605400072254788,-0.296828629402857,0.738500858009467,17.8285882825967,10.3134993119107,4.47974745149733,0.688438438438438,636.186699227883,347.710089224434,553.01523678792,4.97103637611531,7.9443838604144,0,218,0.717484345598392,22,1,18,2.632168,3.162278,2,204,14.5517993456925,0,347.500149880096,552.680605515588,5.2029376498801,205,11.8148731267894,0.00462962962962963,347.491317927057,552.505885231556,5.39372366893952
713,357.255259467041,691.23141654979,4.71669004207574,11.0840115376769,14.6076473470775,10.4692016737911,7.58865023035572,-86.8669744220722,-3.93589036249481,101.251937479703,-0.0545254620463159,0.996150336335492,-0.0686402316963129,-0.198511222711229,0.0565559033272249,0.978465494668328,0.978580741914703,0.0669771395143847,0.194663284509796,13.3364600635363,6.85026148040696,3.59922576991737,0.831002331002331,447.759818116345,357.297378404394,691.425683709869,4.08068625785629,24.7699859747546,0,373,0.86198298571427,23,0,2,3,3,3,197,18.2328190743338,0,357.626615384615,691.302153846154,4.673,136,10.3011829485272,0.00267379679144385,357.741835212367,691.175368263472,4.83092368909952
512,355.587890625,520.935546875,4.283203125,9.9256078543904,12.5858247295599,9.24189103214348,7.58443395317447,-4.7176840636487,-6.23612141987734,-74.1038494470042,-0.990714776561925,0.0817594354032214,-0.108626084456734,-0.126645011434257,-0.264374230009014,0.956068673049148,0.0494496974780622,0.960948313505825,0.27227388084361,9.90018650770009,5.33828436562588,3.59522739937911,0.750733137829912,378.976847425398,355.478369681802,520.930639971398,4.05827672506257,5.462890625,0,159,0.816679059087081,24,1,11,2.401249,3.316625,1.732051,286,16.302734375,0,355.596741344195,521.227267281658,4.63471906074039,287,14.7651056126412,0.00625,355.642152477415,521.093445114461,4.48208211942188
538,362.022304832714,962.998141263941,5.18401486988848,10.0908531134231,11.7862166836607,9.20840674710167,7.78097143797553,-87.1088074526611,48.4208051301439,141.814950124071,-0.0334743528158996,0.662809878866171,0.748039124766191,0.761692504277564,0.501497943101388,-0.410273496575701,-0.647073408996948,0.556042154465369,-0.521644635577306,8.68218148213757,5.29967217625422,3.78396978241193,0.871961102106969,349.635295070914,361.878154917319,962.977661734842,4.88511749347258,6.40706319702602,0,462,0.914935279571937,25,0,1,3.162278,3.162278,3.162278,117,2.63568773234201,0,361.315937940762,963.040902679831,4.07404795486601,92,2.94183315321048,0.00215982721382289,361.824203546771,963.010579847023,4.53670230527482
838,359.134844868735,334.029832935561,5.17899761336515,11.6971968538032,16.6058851203097,10.6761799186679,8.4528529132394,88.6916178331688,-6.2576395511895,-75.422679775111,0.0226975452856687,0.993782646556019,0.108999416705414,0.249211934502091,-0.111210001013757,0.962042487303054,0.968182954373671,0.00532795257445718,-0.250186689857062,17.2347137893076,7.12380110348544,4.46567014830374,0.765296803652968,544.752476238066,359.391231028668,333.964165261383,5.18275716694772,16.9832935560859,0,366,0.789067683667863,26,0,18,2.450213,3.162278,1,111,5.69928400954654,0,358.38756281407,334.218592964824,5.44618927973199,100,4.54267518915249,0.00384615384615385,358.756157518801,334.313037700466,5.27495996202037
776,362.212628865979,606.85824742268,7.01675257731959,11.4012998160662,14.8743331773987,12.1091118522532,7.68865997193396,-5.05237081129306,-82.3275682930426,38.3996939137394,0.132990616096213,-0.0117576706936175,0.99104755345554,0.544173811525228,-0.83486389931668,-0.0829284780268685,0.828364870621911,0.550330833951368,-0.104630847850608,13.8278617170164,9.16441186564871,3.69471826025122,0.715207373271889,522.601790607445,362.401635550069,606.739854960654,6.81854652059867,8.35180412371134,0,248,0.781425738562873,27,0,13,2.596457,3.605551,2,312,38.6520618556701,0,362.572914582917,606.63476028539,7.46265919850637,226,31.1476987487176,0.0053475935828877,362.548685022489,606.707678587665,7.55745666493051
1487,367.357767316745,587.94014794889,5.9831876260928,14.1613323536772,24.7051029866915,11.7496094084909,7.97148240678773,21.6838832378676,6.74094879848536,-81.9900232999736,-0.922812740297559,-0.366931138503754,0.117380517722698,0.159496255297765,-0.0865377021396929,0.98339827671924,0.35068160899953,-0.926214211564863,-0.138382236594078,38.1463820989397,8.62833257825612,3.9715332351079,0.774076002082249,783.983710000947,368.094582023884,589.572922690132,5.57321433060968,133.742434431742,0,739,0.803620607012849,28,1,19,2.903405,4.123106,2,3454,1448.69334229993,217,367.798170277972,588.715828144649,5.462903054349,2881,165.017994112816,1.63821892393321,366.509823826044,585.828194669666,5.98906726837799
462,373.445887445887,363.969696969697,3.33982683982684,9.5913804448641,13.2713305392059,8.64183510379902,6.76314177325632,47.7902083162017,-2.6533159715959,14.365840287301,-0.671126910487988,-0.739895715532361,-0.0462925496781553,-0.725246023935296,0.642331983531295,0.247846379232777,0.15364528884705,-0.199909862362037,0.967692705431584,11.0080133925538,4.66758212257831,2.85875541532279,0.784380305602716,344.656506797472,373.957140035552,364.163539403516,3.1828955164922,10.9588744588745,0,212,0.838543556694718,29,0,7,2.447864,3,2,162,10.2272727272727,0,373.498201058201,364.197883597884,3.35513227513227,163,9.46097574061765,0.00469483568075117,373.413370225566,364.276439031544,3.33445432208675
494,376.607287449393,490.03036437247,5.09919028340081,9.80790179947727,12.8975097600907,9.39612527084356,7.05376993433257,-62.8402769969947,-41.7217266131114,-123.32115482292,0.340704688327196,-0.664087483865333,0.665513432715884,0.234913534965596,0.745543136389898,0.623683463683207,0.910349354062404,0.0561537670626361,-0.410013180279414,10.3966098757272,5.51794813158656,3.10972939290588,0.754198473282443,364.302375906187,377.047454931071,489.908536585366,4.92881760339343,15.2712550607287,0,272,0.829545261308968,30,0,9,2.577367,3.162278,2,215,20.5910931174089,0,376.787750688164,490.209005112072,5.30475815965395,198,14.263407627704,0.00595238095238095,376.440743049097,490.182346252969,5.45037997900077
401,377.369077306733,538.665835411471,4.785536159601,9.14917462433869,10.8627371857991,8.29058803839504,7.22536699793995,-61.5597941176809,68.6471245384481,56.5508183990673,-0.173404665588778,0.320168019223321,0.931355604169889,0.854762803400037,-0.420812370435165,0.303805034211824,-0.489194615542479,-0.848769337544279,0.200696885299432,7.37494119798388,4.29586562639868,3.26287051593248,0.838912133891213,291.949135686857,377.276677316294,538.758466453674,4.26773162939297,7.80548628428928,0,241,0.900754649159653,31,0,5,3,3,3,409,18.2094763092269,0,377.22158312791,538.570254724733,5.05779238564777,410,15.5921615540313,0.00671140939597315,377.225844090907,538.671490791275,5.20033129603834
502,377.243027888446,574.488047808765,3.05378486055777,9.86056268427343,20.4829019066833,6.60756503038049,6.25523137947007,-3.48704216640039,4.11072625222,65.1136438864092,-0.995580722971541,0.060666329016317,0.0716841723893706,-0.0905029310039832,-0.416085513704659,-0.90481051318208,0.0250647865970018,0.907299532573899,-0.419737197141298,26.2218294074257,2.72874472691919,2.44549497566919,0.800637958532695,389.519069054972,377.08322666179,576.119936911402,2.51878943037396,87.1474103585657,0,492,0.78419586084284,32,0,14,2.539426,3.316625,2,2240,858.956175298805,49,377.067340606128,575.360441655303,2.5789710479689,1923,159.10645048662,0.75,377.296739551101,573.695633152882,3.08351605944474
5609,435.200213941879,28.1813157425566,13.1042966660724,22.0442641241492,139.336741627652,16.4326645663618,8.94192898348172,-76.4387772405651,8.94768141159189,-4.21786345156358,-0.23163075354606,0.960289972973716,0.155532510485183,0.966804694091622,0.244969520084875,-0.0726540963180492,-0.10786972464084,0.133540638142571,-0.985155328093181,1213.42047296318,16.8770290469101,4.99738087160206,0.341970491403487,3241.54002017231,440.875149528156,26.5130459439103,14.145882769926,100.601711535033,0,782,0.470966152963746,33,0,123,2.946392,3.741657,2,484,63.416830094491,0,430.309720133256,29.6074162578541,12.2483518646069,357,11.6602570751998,0.00207900207900208,423.936952688428,31.7597871324217,11.2514473310955
580,383.618965517241,431.662068965517,6.02413793103448,10.3468890085011,15.8436947186825,8.89688717604762,7.25551995169071,-35.4338601204025,60.527363727709,-83.0393008202295,-0.400880757548144,0.285247832991614,0.870590771833251,-0.633855778734704,0.599758590404278,-0.488381495350607,0.661454057355647,0.747611735468259,0.0596256907539877,15.6889163961755,4.94716258895753,3.29016061058637,0.767195767195767,411.109611571501,383.54325095057,431.960551330798,5.31606463878327,7.2551724137931,0,165,0.818110229447796,34,0,10,2.650469,3.162278,2,206,16.5172413793103,0,383.71012526096,431.713778705637,6.61137787056367,207,14.4598935381628,0.00847457627118644,383.79538743052,431.569925066902,6.97978068817954
728,393.771978021978,524.855769230769,8.0260989010989,11.1612007344534,18.110986059986,9.83821369712721,7.6405327365324,57.2828577525681,-53.0064350270454,112.417530329688,0.325227763286209,0.506261065005039,0.798703096305387,0.0782182061208511,0.827323988766361,-0.556252577380953,0.942395253712096,-0.243381904979973,-0.229469898045983,20.5004885040629,6.04940304689634,3.64860878112645,0.671586715867159,512.060892707773,393.336633663366,524.906883545497,7.48656294200849,5.82692307692308,0,288,0.764275788324012,35,1,18,2.523555,3.316625,2,240,31.7019230769231,0,393.496425321721,524.694527492526,7.19853546514147,241,27.3510795800837,0.0101010101010101,393.428790771239,524.520419749441,7.0343055703465
792,403.925505050505,758.645202020202,3.87626262626263,11.4791267975162,20.2282987315381,8.57664322295201,7.16050872155241,89.4649594330239,-7.0933123625159,-59.6941123347766,0.00926661345699986,0.9923030909002,0.123485649631641,0.503598802910792,-0.111318059190009,0.856735977652968,0.863887941565257,0.0542481841915407,-0.500754190127316,25.5740043482715,4.59742556086304,3.20455532196425,0.866520787746171,492.249321772815,404.58892906815,758.532656467316,3.55549374130737,90.7828282828283,0,580,0.840973774058949,36,0,10,3.106621,3.741657,3,1963,778.801767676768,118,404.034490305782,758.459524878772,3.44699429809131,1811,145.13345411153,0.900684931506849,403.02868298768,758.458343633147,3.88857624473663
892,399.872197309417,726.883408071749,5.90470852017937,11.9432377393253,12.9143375553839,11.2644275840485,8.89121619599198,-89.1036636768224,-50.4636848312639,77.8919001994347,0.00995806326452245,-0.636489269345545,0.771221269794859,0.197935004405722,0.757253402323859,0.622405831190427,0.980164563227485,-0.14645372879143,-0.133524283619721,10.4237571559,7.93045804976702,4.94085784024189,0.918640576725026,471.450760266119,400.340295470792,726.793170445589,5.8060652161959,122.325112107623,0,582,0.950512181387635,37,0,2,4.182873,4.24264,4.123106,3014,1400.30156950673,313,400.164014157745,726.717877875442,5.379552290546,2275,169.728233096404,2.19070904645477,399.512271515706,726.794881813861,5.52013642072306
829,406.096501809409,779.418576598311,4.14716525934861,11.6551706345314,18.1791087901562,8.79426950671381,7.88970865996794,-68.8514503487142,2.90133849795993,-120.893499297192,-0.360324752068485,0.93145266445602,0.0506162713419894,0.49453329192223,0.144734426125999,0.857023202179812,0.790950628185696,0.333838104133963,-0.512785748632793,20.6549997752708,4.83369850979477,3.89046892119832,0.873551106427819,486.40739734817,405.547785956303,779.567229427114,3.81664524671885,123.89384800965,0,614,0.877378471390864,38,0,7,3.630474,4.123106,3.162278,2796,1242.2810615199,88,405.58253766807,779.333183149795,3.72107032959137,2283,153.852500903331,1.20496894409938,406.193437962465,778.945430215333,4.29000959011791
984,410.033536585366,601.893292682927,5.83739837398374,12.3404830176163,18.3527308860577,11.3934799502544,8.2911203441614,19.5201770620455,-15.1285770878144,72.3263695213656,0.909858434942306,0.322558407118497,0.260986019475213,0.335818086599351,-0.203055576198221,-0.919779672360484,0.243687999452352,-0.924513118875003,0.29307277586109,21.0514206860035,8.11321158605308,4.29641728508544,0.734876773711725,611.222692296755,410.153436443716,602.404896036055,5.72580149544198,9.92174796747967,0,244,0.782734940269942,39,1,13,2.723107,3.605551,2,228,19.109756097561,0,409.845830674325,601.982450542438,5.40837055945544,229,15.8174352534095,0.0050761421319797,409.852277388886,601.958166297331,5.4720345570318
451,411.079822616408,626.514412416851,4.60532150776053,9.51464611403477,11.0131678147285,9.9943007274186,6.69085195836998,7.79809002778768,-2.14094856045189,103.04538316387,-0.990060769128967,-0.135587832247163,-0.037357906502825,-0.005430561920981,-0.228573363951674,0.973511543993721,-0.14053534227724,0.964038462426853,0.22556520239764,7.58061658221079,6.24287793937999,2.79796874555146,0.818511796733212,324.851750486263,410.977726926011,626.130739893211,4.68619374523265,14.5343680709534,0,207,0.875487482583764,40,0,6,2.228519,2.44949,2,243,29.3170731707317,0,410.738088035093,626.346468007866,4.62063227953411,244,22.4359956124809,0.0050251256281407,410.759097233942,626.377532239698,4.69858253639229
965,414.374093264249,444.654922279793,7.66632124352332,12.2605390153659,14.1878450093032,13.4090897519473,8.93113367205397,23.1503453384672,-44.6357250571863,107.598969279302,0.654288464755998,0.279757449757968,0.702596878865938,-0.496916407528788,-0.54130051269609,0.678283007957323,-0.570070775269109,0.792924664933478,0.215150614510414,12.5809341255006,11.2377304984861,4.98532179175601,0.741167434715822,597.696683468651,414.063485300383,444.559693225394,7.86476352790797,12.160621761658,0,263,0.790111083539331,41,3,15,2.765831,3.316625,2,361,31.0476683937824,0,413.983211508294,444.379793731851,6.67784786889623,362,24.4864975919135,0.00666666666666667,414.018090498308,444.396795309356,6.61004161245223
847,423.012987012987,682.67414403778,3.93270365997639,11.7389232363535,13.2726693458809,11.4836072935239,8.33889842548655,70.5596938152323,-1.18569451209596,0.450088342796003,-0.332753319785619,-0.94278684566561,-0.0206927961266375,-0.943013762893359,0.332661030835189,0.0078537607156109,0.000520735401333657,-0.0221269564910869,0.999755033311202,11.0102344728179,8.24207727949219,4.34607668441138,0.905882352941176,476.922766219156,422.597881830976,682.456710318123,3.55567747219108,148.487603305785,0,723,0.907733458944506,42,0,1,3,3,3,2798,1177.28689492326,221,422.768400721247,682.624165381352,3.47814597828638,2027,86.0009521029816,1.72916666666667,423.549702219507,682.774846849558,4.30582992727373
659,427.493171471927,767.373292867982,5.20333839150228,10.7968134459572,14.8471042036573,11.0164205125835,8.83720341401863,-46.7513329014299,-14.8850827506065,-144.53798176971,0.662173923471898,-0.703944424400855,0.256881183485247,0.491159001925366,0.66662162681712,0.5606946062585,0.565940394300947,0.245107841601702,-0.787168099000362,13.7772814521411,7.58509505687939,4.88101026129641,0.662311557788945,503.49523713855,428.631262729124,766.388696537678,5.23380855397149,14.9013657056146,0,503,0.72735378120571,43,0,13,2.272049,3,2,301,8.19423368740516,0,427.663148148148,767.24,5.06388888888889,302,6.36489008708551,0.00381679389312977,427.119655767502,767.623912270927,4.90879338548818
2357,426.097581671616,649.753500212134,7.42935935511243,16.5115174076214,45.6628141378409,13.4846455844632,12.090791776796,47.0676309672871,0.76110718201516,-15.5702867670712,-0.681074511993883,-0.732093613857283,0.0132834356127658,-0.7077180093023,0.653527717827847,-0.268396612012737,-0.187810352274532,0.192199018155948,0.963216906516079,130.318287186688,11.3647291586614,9.13670286186484,0.425758670520231,1536.26225098315,425.694708580378,649.464369616288,7.02215012864974,7.58506576156131,0,284,0.557517478041764,44,6,57,2.572118,3.464102,2,316,24.480271531608,0,423.282409012132,647.469722703639,7.74175043327556,290,20.5524726561505,0.00350877192982456,423.370444715227,647.649735142134,7.82250684774791
506,429.01976284585,668.804347826087,5.59683794466403,9.88668350216197,13.686287446304,10.0080012449445,6.48087489577675,48.0097267800492,-64.5284573006439,73.9136708491464,0.287713890345237,0.319647758021379,0.902798996507149,0.786274066514418,0.45936826814343,-0.413223772972692,0.546803264098972,-0.828737657533921,0.119164111022986,11.7071540039287,6.2600055574257,2.62510871341933,0.763197586726998,365.294343854511,429.101967799642,669.31198568873,5.33309481216458,11.0474308300395,0,293,0.840636393656425,45,0,5,2.965685,3,2.828427,224,11.5454545454545,0,428.974152687436,668.505306401917,5.41646696336871,225,10.0288681620224,0.00340136054421769,428.966888410017,668.475399953166,5.56845164574479
609,438.060755336617,426.604269293924,5.47783251231527,10.5165402926082,11.1927762123044,10.3382527802107,8.08506313386142,-41.7712130439852,73.3420218025883,139.984874073654,0.213792597693928,-0.19095944548705,-0.958032992829872,0.0507699293931554,0.981554498889448,-0.184318148806077,0.97555888568589,-0.00923341156689832,0.219544083660071,7.82988995867047,6.67996690922087,4.08551536740781,0.882608695652174,380.826398088149,437.937594951502,426.721865139652,5.66156363211406,14.0509031198686,0,313,0.912364981472358,46,0,1,3.605551,3.605551,3.605551,259,16.5533661740558,0,437.87521079258,427.148100386866,5.81202261680389,260,11.5420352582666,0.00318471337579618,437.88834547836,427.125376296893,5.90433342479478
573,440.778359511344,695.724258289703,4.83944153577661,10.3050950024601,11.8857789133901,10.9283270592329,7.41573580116248,-48.6574470833604,-36.8625756211253,-146.940448785006,-0.528498197678009,0.600676562035441,-0.599897760349527,-0.413058115144844,-0.799308605988184,-0.436450164287073,0.741668826744177,-0.0171295129675996,-0.670547486179322,8.82948377362436,7.46427076959763,3.43707109204018,0.788170563961486,392.325534036446,440.502469590859,696.022705492075,4.89222263177295,23.673647469459,0,354,0.850368761469551,47,0,7,2.392865,3,2,180,27.0139616055846,0,440.656179339751,695.397829317139,4.73228244718651,174,15.8998248426517,0.004,440.764831672064,695.254948004983,4.69681831075938
761,445.076215505913,754.413929040736,4.36399474375821,11.3273593456552,12.6659324679392,11.4609258997848,9.22191576191523,7.80020206631294,-15.6731475763221,-13.4853240750231,-0.953909850328278,-0.130672822783968,-0.270149238074721,-0.0695623446851716,0.971982146563789,-0.224525693325176,-0.291919642450767,0.195385056099281,0.936273251889905,10.0266153301498,8.20955140502235,5.31523314499129,0.796858638743456,499.056812387095,444.76342425802,754.289758106022,4.46989191971179,7.65965834428384,0,172,0.807713312185118,48,0,10,2.505062,3,2,104,4.19842312746386,0,444.329264475743,754.348982785603,4.25790297339593,105,4.36634978412311,0.00578034682080925,444.515298415976,754.360559993227,4.30093575101479
535,444.788785046729,634.272897196262,3.59065420560748,10.0720619095798,14.20026338275,9.85705090198251,7.65414906687052,-25.8955638265423,-1.07052847591036,-30.2530020584612,-0.899434576373712,0.436655908436909,-0.0186831595448777,0.385720996165976,0.772964483129002,-0.503731298350462,0.205515828928502,0.460279833849206,0.863658334419102,12.602967508717,6.07259078026713,3.66162487111718,0.714285714285714,406.598215279155,444.937061183551,634.350050150451,3.60255767301906,7.45420560747664,0,140,0.783828730016817,49,0,12,2.349962,3,2,155,15.985046728972,0,444.698082319925,634.18907857811,3.53905519176801,156,13.5345497450674,0.00709219858156028,444.65722840305,634.164410983203,3.52960537437478
907,445.894156560088,799.67144432194,7.1135611907387,12.0098123460892,14.1519630981905,10.9231557682769,8.54693998622047,-54.9579257395994,-81.0397828342455,-164.443738094462,0.0894274103229172,-0.127516177060977,0.987796721431434,0.636632081612597,0.770035656680656,0.0417693679866271,-0.765964967178362,0.625127756565124,0.150043183874868,12.5173787207842,7.45720824612755,4.56563644550339,0.886608015640274,487.58640811427,446.044065358134,799.558776076457,7.08998047477135,214.57552370452,0,818,0.929331643623887,50,0,1,4.690416,4.690416,4.690416,2231,796.401323042999,144,445.869215988127,799.579458866788,6.64736355380322,1499,35.0353245772806,0.793313069908815,445.610924041663,800.024596194525,6.90790699193114
1818,449.593509350935,508.050605060506,10.496699669967,15.1425291669926,27.995097241308,13.4074039402359,10.4798257141682,35.705341030345,-44.2868331292629,23.0856406823106,0.581293660303439,0.417784041002437,0.698250797045519,0.759205173727598,-0.587213933303075,-0.280690756384991,0.292754478490554,0.69327937486875,-0.658527542100798,48.9828418468931,11.2349050260408,6.86417168745888,0.573863636363636,1083.7965822251,451.10491198806,510.271966404753,12.4528335016022,37.5924092409241,0,398,0.664659066538514,51,1,32,2.45518,4.358899,1,994,256.270077007701,0,451.068001863065,510.484875477303,12.7007505918665,995,96.3813562906844,0.00636942675159236,450.343928428934,509.482543303516,11.6853573911198
675,461.376296296296,629.121481481482,5.30222222222222,10.8834950357934,14.6601271145638,9.18681715886916,8.02975601861654,48.9420353865491,-37.5750220760438,-3.85438817163439,0.520568095964355,0.597622934298732,0.609799709629498,0.725415866079138,-0.686245907689429,0.0532764058488017,0.450311757235696,0.414624387343155,-0.790762884002286,13.4324579384481,5.2748505944058,4.02981135740678,0.800711743772242,435.138558692703,461.188754380376,628.89741956037,4.97658489964957,9.30074074074074,0,238,0.855183023183672,52,0,4,2.954783,3.162278,2.828427,152,18.0548148148148,0,462.053499630754,629.561664068269,5.36858948059408,150,14.8845317075177,0.00418410041841004,462.051290114261,629.628248131639,5.56445512397082
740,458.183783783784,577.041891891892,7.18648648648649,11.2221921132714,15.1544320723228,10.6680359403743,8.07367529705802,3.53520157532197,57.2624002760815,-28.6284355878507,-0.539763363893881,-0.0333462163455659,0.841156074015635,0.456377455042246,-0.85122404736365,0.259108548139597,0.707371988084857,0.523741969910071,0.474678016583446,14.3535507146654,7.11293692656981,4.0740145501453,0.729064039408867,523.68886045319,458.298681038151,577.448163381081,6.46092752801021,9.52837837837838,0,189,0.755495592400068,53,0,14,2.476704,3.316625,2,248,47.0783783783784,0,457.989838681899,576.743240140077,8.03809059073426,243,37.0446119786623,0.00526315789473684,457.903885564142,576.620682668056,8.23805985593148
768,459.66015625,598.627604166667,5.66276041666667,11.3619846769199,15.5269761625176,10.8046026716438,8.54617603808152,33.4894800088245,46.6097934707888,-54.0140324313589,-0.572918570731196,-0.379055271241618,0.726692103063785,0.814614576728583,-0.165585183418278,0.55586386679982,0.0903736836287894,-0.910438712037377,-0.403650775957491,15.0679367969619,7.29621493075574,4.56482030461742,0.695022624434389,512.591514781395,460.006314903171,598.996351389279,4.9852652259332,9.27864583333333,0,231,0.791201056285792,54,0,8,2.401724,3.741657,2,211,27.2981770833333,0,459.583305509182,598.575673741951,5.7491533508228,179,22.4658814931681,0.00552486187845304,459.503879348424,598.451164336336,5.82134902920489
1098,471.529143897996,615.359744990893,5.72586520947177,12.7997426913176,14.5553283109805,13.0883033053789,11.7862021126,40.0781635123258,-28.8392015679051,31.9018325916381,-0.670268440247955,-0.5639819843662,-0.482353127198256,0.74163067320842,-0.485474758246595,-0.462923539757741,-0.0269102687463336,0.668010913395713,-0.743664747732623,13.2410988900269,10.7064802133495,8.68216001494104,0.667477203647416,689.762718231191,472.003892215569,615.235628742515,5.25508982035928,6.08378870673953,0,211,0.746195514741551,55,4,19,2.612073,3.464102,2,502,48.4690346083789,0,472.578815836449,614.910764952367,4.92098686559312,503,41.2252708894656,0.0133333333333333,472.45650795114,614.94164941808,4.93588238401476
729,468.582990397805,1019.13305898491,5.59122085048011,11.1663088361892,15.7192014462548,12.1671841981332,5.7729866976516,40.886428392574,-1.25953808513466,-70.3569759868178,-0.755825870405819,-0.654403602807579,-0.0219813161058667,0.204385765232617,-0.267689795714974,0.941577735633311,-0.622056036539766,0.70717614347667,0.336077653975835,15.4433308817461,9.25252320695632,2.08296096320389,0.862721893491124,472.654807365722,468.580338559734,1019.36200915776,5.98929859858471,79.0891632373114,0,735,0.828752905337338,56,3,8,2.591591,2.828427,2.44949,123,6.36899862825789,0,468.288175748439,1018.61964247254,5.39112642687917,121,2.09744355195435,0.00196463654223969,468.502407718975,1018.23257624893,4.96006986486354
606,474.288778877888,326.1699669967,7.32178217821782,10.4992433201177,16.3311458442562,9.5693616862135,5.90774432845582,51.6113094039511,-51.5011353450904,104.244012324859,0.38656764988096,0.487924807057578,0.782620492143757,0.278201062712157,0.74736816996557,-0.60336140681033,0.879300642994953,-0.450965853674244,-0.153167157212382,16.6691452866479,5.72329269259818,2.18134019065012,0.778920308483291,413.545623716463,474.001199040767,326.044764188649,7.17585931254996,4.12871287128713,0,124,0.837418294904575,57,0,5,2.828427,2.828427,2.828427,160,9.59075907590759,0,474.056607019959,325.973331039229,6.46111493461803,161,9.67525203489196,0.008,474.055904216637,326.012240542171,6.63256488896078
