Volume,Centroid_1,Centroid_2,Centroid_3,EquivDiameter,PrincipalAxisLength_1,PrincipalAxisLength_2,PrincipalAxisLength_3,Orientation_1,Orientation_2,Orientation_3,EigenVectors_1,EigenVectors_2,EigenVectors_3,EigenVectors_4,EigenVectors_5,EigenVectors_6,EigenVectors_7,EigenVectors_8,EigenVectors_9,EigenValues_1,EigenValues_2,EigenValues_3,Solidity,SurfaceArea,WeightedCentroid_1,WeightedCentroid_2,WeightedCentroid_3,MeanIntensity,MinIntensity,MaxIntensity,sphericity,id,nb_branch_pt,SkeletonSize,MeanWidth,MaxWidth,MinWidth
3837,104.173051863435,449.366953348971,7.32264790200678,19.4236596232444,84.2265483967912,13.3231461702293,7.36307959529116,-18.9280522153865,8.59540141861875,23.4947060612655,-0.935302365249199,0.320737266479787,0.149455984993335,0.35384936526308,0.848178921052153,0.394186687479069,-0.000335055471675523,0.42156864657358,-0.90679642917468,443.381965927314,11.094138992081,3.38843382041208,0.480165185834063,2413.93844377513,102.733592187612,453.945269866054,6.77262482612877,0.413343262176317,0,1,0.49100486966426,1,4,96,2.571243,3.464102,1
674,113.23590504451,112.888724035608,5.55786350148368,10.8781178140506,18.1438952652001,11.0019762614438,5.71601458078908,34.1226534714452,34.9434045710483,-96.8130864690852,-0.678594380041925,-0.459834330041755,0.572767017460473,0.4042624843137,0.417241243961855,0.813929719394543,0.613254850084393,-0.783876350741757,0.097243794638811,20.5750584621594,7.56521760358583,2.04205141798709,0.819951338199513,461.059479942554,113.150779457511,112.769828257567,5.42941535383959,0.361550683584159,0,1,0.806307004834922,6,0,6,2.729701,2.828427,2.236068
659,123.405159332322,871.414264036419,6.6752655538695,10.7968134459572,16.1479034358736,10.550475413226,6.12953266600882,35.9747617492847,-40.6499239874428,61.7643900063512,0.614000788814581,0.445684588989797,0.65143555204799,-0.742372014212942,0.0457293893367225,0.668425474876826,-0.268117183053402,0.894021291741917,-0.358941647156779,16.2971740858937,6.95703321531785,2.34819816897932,0.805623471882641,436.227465785611,123.50181781188,871.496285603872,6.96365832671219,0.219848024810648,0,0.586768220840905,0.839514228871991,7,1,11,2.887918,3.605551,2.236068
1091,159.404216315307,697.963336388634,8.87534372135655,12.7724842580877,21.8748639036963,13.7016331481319,6.31066116663417,-64.8651290258494,47.0853202034008,82.5890885545302,-0.289216229464177,0.616433614894138,0.732368466718134,-0.425246312793396,0.60269615745542,-0.67522064189722,0.85762436186838,0.506721758183934,-0.0878266116438318,29.9068544253272,11.7334219328742,2.48902777250403,0.687460617517328,722.310688596487,159.438849674272,698.020820632775,8.74912650541832,0.376333592960945,0,0.976728304166698,0.709539509435194,8,1,19,2.503042,2.828427,2
732,230.527322404372,484.448087431694,5.90300546448087,11.1816051687863,17.2109005413458,12.2416173019116,5.61572133786243,-7.76223194325487,-8.23298332878072,-101.260043061802,-0.98062547919553,0.133670505704596,-0.143198692232908,-0.11278281119771,0.212441543583538,0.970643409320944,0.160167746599867,0.967988009463197,-0.193249855070061,18.5134435902561,9.36607463540383,1.97102038403271,0.760914760914761,505.017827160497,230.533495974367,484.144002885976,5.64466168842213,0.319608268695797,0,0.855072463768116,0.777770504861108,9,3,15,2.463828,3,2
721,263.343966712899,545.676837725381,6.3370319001387,11.1253123814313,25.0463455422907,8.62479520680317,7.45002881548499,-5.68602424597489,-34.8540902585384,-61.0109367406094,0.816572466457337,-0.0813036074123435,0.571488521709334,-0.545445390751239,-0.432730688771272,0.717797657215297,-0.188941082700424,0.897849583403189,0.397702643756251,39.2074640639891,4.64919327245594,3.4689330844723,0.538863976083707,548.020287094241,263.427151578211,544.328141436585,5.35475918798666,0.287312526045563,0,0.933840900073281,0.709541276717478,10,3,27,2.407362,3.316625,1
926,264.077753779698,652.991360691145,8.89524838012959,12.0930947273208,26.9575209133334,11.7322138758893,6.00396525904421,83.9410749414089,48.8758750765505,-54.9849310907396,-0.0694202374663156,-0.654018525779317,0.753286531518763,0.635705610881494,0.552931799394227,0.538650908764154,0.768803750591727,-0.516261748685791,-0.37737858964173,45.4192458620504,8.60280265185066,2.25297492698811,0.616922051965356,659.784890244662,264.679251179047,653.060202192793,8.16685788306095,0.292875036657374,0,0.76077174374626,0.696341721370357,11,0,18,2.423404,3,2
2387,316.6418098031,734.868035190616,15.8789275240888,16.5812753859449,57.0066719954227,13.174918983225,9.84489013163375,9.81787930973578,-46.7887256330511,44.8273388259892,0.674663061803774,0.116751369299332,0.728833911672808,0.627219680654184,-0.611234516412566,-0.482688137564991,0.38913394254115,0.782790830115317,-0.485606106890917,203.110040749607,10.8486556384089,6.0576163564962,0.371980676328502,1462.50760685496,316.592508745185,736.846834238191,17.4524538497088,0.496037049950529,0.0345867000027141,1,0.59059205942016,12,1,52,2.830478,3.741657,1
777,342.202059202059,376.288288288288,3.27027027027027,11.4061951794054,32.8416841896663,7.11019401374131,5.37837862615393,75.547681674088,-2.00261410337281,-46.0089977249712,0.249421791319237,0.967764232883987,0.0349450935836634,-0.666292376841302,0.197686259453076,-0.71900946543604,-0.702739808590827,0.156052979381743,0.694121191902256,67.4110137758612,3.15967868206517,1.80793479039183,0.722790697674419,590.130386531691,341.641680762088,376.128951682596,3.37456919716836,0.265005413965748,0,0.749461955682639,0.692601603662957,13,0,23,2.314589,3.162278,2
2591,330.016981860286,503.046314164415,14.2805866460826,17.0407849925884,63.3136308281163,21.0387129389452,7.63717904691325,-47.8026048017484,-21.5349140366074,57.0658139053608,0.624799175292589,-0.689120442330297,0.367068122446226,0.195841369569548,0.593415098162946,0.780707806568748,0.755825474907286,0.415898469863448,-0.505723555162717,250.538490539938,27.6642151329589,3.64540648716319,0.314670876852077,1733.17724802548,332.166891465677,500.853384142182,12.9370211512996,0.353082096249347,0.018907785469746,1,0.52636388922495,14,4,60,2.476863,3.741657,2
658,358.758358662614,124.425531914894,7.19756838905775,10.7913494706081,17.8911208404364,11.0779614580212,5.87104312648947,-79.5411174380239,54.7403085963072,104.086023428802,-0.104794159670817,0.567692001809788,0.816543921158001,0.0955646648548285,0.823013451912453,-0.559925220723565,0.989891700606724,-0.0193558531804891,0.140498298984663,20.0057628079436,7.67007687908772,2.1543217120687,0.73355629877369,456.533364825258,358.673387952356,124.431867186962,7.18722974668273,0.318763915535514,0,1,0.801362220809976,15,1,12,2.985702,3,2.828427
499,365.949899799599,432.214428857715,7.87775551102204,9.8408808701007,17.815504998241,7.34712828197823,6.4857889107215,-78.6276160427345,-88.2860003860838,-139.776804058179,0.00589789210004029,-0.0293232226081671,0.999552581650734,0.621265208916265,0.783362281129125,0.0193151933566212,-0.783578174184941,0.620873324535727,0.0228376842291021,19.8370136463969,3.37376837449027,2.62909111215238,0.776049766718507,365.576530264993,365.951778785156,432.256457319855,7.43359007861665,0.309789439654872,0.0130777041388375,0.80957810718358,0.832222618366897,16,0,15,2.661865,3,2
840,372.496428571429,155.608333333333,7.25119047619048,11.70649510641,24.0256751461109,8.2321232889395,7.18938563928072,33.8439408907715,-31.0572829120852,99.3747707535437,0.71149878288918,0.477097521861564,0.515894792162868,0.332037922738006,0.418772063172111,-0.845210492700134,0.619290158012418,-0.772662871982424,-0.139541343152584,36.0770666391532,4.23549086526876,3.23045411689349,0.678513731825525,563.543113396778,372.211981050579,155.212897135124,7.02423989901472,0.32105722920944,0,0.948963185201442,0.763970346095076,17,0,15,2.725101,3.316625,2
417,374.990407673861,545.182254196643,4.18705035971223,9.26927593759152,12.0256629057281,8.07502413656684,6.62317509811309,-32.6663647230942,-21.1165653780893,95.1462856406707,0.785298553588547,-0.503501946215919,0.360266528959489,-0.35047446621042,0.118157614283961,0.929089030567708,0.510366368666919,0.855876491290364,0.0836755722432643,9.03853552013781,4.07537592538356,2.74165302376659,0.877894736842105,294.398605469795,375.045729611524,545.083862003092,4.0936050276888,0.337350025496857,0.0678871090770404,0.873660042068558,0.916865742113295,18,0,1,3.316625,3.316625,3.316625
903,388.242524916944,511.397563676633,5.76965669988926,11.9921313306864,19.5512093928248,14.2615475151719,6.36136823236256,-3.20976153040338,-14.8140709329539,58.2662953729426,-0.965244009987916,0.0541304833361522,-0.255683186690566,0.187667860258727,-0.537322811889943,-0.822231700950892,0.181892208212334,0.841637740715375,-0.508489073624164,23.8906117951301,12.711983595469,2.52918786173198,0.672876304023845,618.359577706835,388.075564755225,511.210157605852,5.40910715823232,0.415894576427165,0.107917315563057,0.81581271232255,0.730636783565474,19,1,10,2.582061,3,2
757,389.725231175694,157.517833553501,3.69088507265522,11.3074780246735,24.8342681422971,9.24720164930665,5.62969109830541,-55.3307108949189,10.8711487283642,24.5113011705866,-0.558630277124254,0.807689230840666,0.188600954038129,0.792838516605653,0.453221861530597,0.4074273319468,-0.243596592887968,-0.377131343983438,0.893550585763682,38.5463046352194,5.34442114643372,1.9808388663962,0.721639656816015,560.324861690346,389.157647600815,157.851911729229,3.48115562801457,0.332754559101877,0.0337435443271879,0.737388444057865,0.7168717806174,20,0,18,2.486096,3.464102,2
1459,386.264564770391,487.273474982865,12.4112405757368,14.0718832478944,32.6639861737528,13.5483298751563,6.79831068271684,21.6738896713473,41.2257968910384,-80.0157178441884,-0.698944234247542,-0.277774801280098,0.659028161147852,0.667192930865158,0.0785879798767436,0.740727697890698,0.257547180950747,-0.95742628394707,-0.130400768370543,66.6834995474446,11.4723276503783,2.88856425867137,0.563538045577443,958.160040226306,386.569736656042,488.064941101765,11.6187110689283,0.371396788874747,0.0349556964410901,0.925247902364607,0.649256437302933,21,3,22,2.269862,3,1.414214
1760,401.768181818182,622.110795454545,5.53295454545455,14.9797540161568,32.9109697706771,14.1375400754115,11.1781787975148,-57.9138714053981,0.913312914241006,-120.287476940364,-0.531125989258514,0.847142910809087,0.015939642407305,-0.434612743458069,-0.256239998524183,-0.863396100512492,-0.727335511822444,-0.46549967972302,0.504274827271548,67.6957457029014,12.4918774614916,7.80948007682565,0.481137233460908,1221.09986178853,401.940122750228,621.85869473682,5.38846846083403,0.374626184914202,0.0551717906764125,0.833154387353436,0.577308636117914,22,12,53,2.412778,3.605551,1
942,405.056263269639,800.202760084926,3.68259023354565,12.1623480322092,49.9422983144012,6.99428667339489,5.29670055297278,82.5395414829879,4.88815667206065,41.2704861929557,-0.129369692192366,-0.987928425061859,0.0852109716928907,-0.737943511928465,0.153320316662307,0.657215530629985,-0.662346477264532,0.0221428871957547,-0.748870373697545,155.88957255779,3.05750287935184,1.75343979674138,0.638211382113821,786.586810244981,406.821322002925,800.54662851,3.33458946753753,0.259676349903797,0,0.641664807742474,0.590796707882098,23,0,43,2.059121,2.44949,1.732051
1152,408.469618055556,722.034722222222,9.58854166666667,13.0062256833429,22.509413739744,15.0774710724539,6.29620691812886,-81.6891497101536,-46.384279931368,-114.156651190908,0.0997087987597926,-0.682574035263135,0.723982625367819,0.30945213578206,0.712798283030566,0.629410822411403,0.945673057197782,-0.161280172660121,-0.282296253600577,31.6671066816859,14.2081333712927,2.47763884724335,0.618357487922705,779.809805162767,409.223593055687,721.896847933566,8.72183333027428,0.328932861539483,0.0242646071587079,0.87968663905159,0.681496692258896,24,3,17,2.295333,2.828427,1.414214
914,413.797592997812,635.911378555799,8.3019693654267,12.0406294483521,26.3760229556415,10.4434380073928,7.05665564514189,10.3603887432875,-40.7367956745876,47.4515312402766,0.745361634841175,0.136266865284937,0.652585147495947,-0.594534430176906,0.578728684143583,0.558213150582874,0.301603787511219,0.804055005316709,-0.512377501246917,43.4809116847828,6.81658733839097,3.11227430588206,0.590439276485788,647.449512573471,413.714113667414,635.410449630416,7.79157424226558,0.376548879571407,0.0361039705480524,0.896986930194977,0.703464760568387,25,0,22,2.512722,3,2
1764,432.020408163265,745.352607709751,5.01700680272109,14.9910937282967,52.6721393062761,17.9510251507147,5.73092243176745,-50.3393954789017,-3.64002083063328,49.3486226595374,0.636951076199793,-0.768285525371413,0.0634876210981035,0.470772826786716,0.452864641059231,0.757156894201947,-0.610463980990828,-0.452383651763705,0.650140569053927,173.397141193735,20.1399564975995,2.05271699493347,0.420500595947557,1254.98735406477,431.154476871705,745.518078420723,4.53097381573936,0.420979600976934,0,1,0.562570768250978,26,3,50,2.415415,3.162278,2
583,423.379073756432,611.034305317324,4.36878216123499,10.3646978026932,16.1470804381492,9.0363854222893,6.42116220308218,-55.513642722391,12.1267165391918,-114.761968325437,-0.553575231131255,0.805867966614269,0.210074472182988,-0.453251095014526,-0.0799212533134898,-0.887792790090646,0.698654355419123,0.586676583522628,-0.409502964580362,16.2955129172538,5.10351634376016,2.5769577523932,0.806362378976487,405.602551988862,423.18543986639,611.176294284347,4.19069760119663,0.321929261234987,0.0657111126371553,0.65347157554702,0.832075016241109,27,0,10,2.759162,3,2
609,430.009852216749,294.333333333333,5.99014778325123,10.5165402926082,15.6834397801706,11.3203389578123,6.27243350137887,25.676446488167,-0.662274228186645,69.8877880957242,-0.901195009998598,-0.43325968255134,-0.011558608443052,-0.158772581721193,0.3052026599502,0.938958254478286,-0.40328503722208,0.848019683636433,-0.3438368725398,15.3731427086399,8.00937963248514,2.45896387682625,0.722419928825623,432.885359658644,429.978695976255,294.489724125614,5.70492833104759,0.297816816768223,0.0455833844419906,0.645024309353691,0.802643614258211,28,1,14,2.648017,3.605551,2
966,442.444099378882,664.445134575569,3.87991718426501,12.2647726272408,32.5880138795008,10.1622028669497,7.78035384109695,-81.805484682168,-6.14773266943594,21.2949989441651,0.141714482029114,-0.984097668623889,0.107092409592118,-0.916666382025178,-0.171298010249763,-0.361081342289161,-0.37368402380633,0.0469975562502793,0.926364658252036,66.3736655381585,6.45439794431507,3.78336911829201,0.546998867497169,750.913000915587,442.777602512798,664.256246161647,3.77934960446121,0.424796388693425,0.0830822259597741,0.887494722069644,0.629331183820543,29,1,39,2.130893,2.828427,1
3053,448.03275466754,698.548640681297,10.0170324271209,17.9987658568608,49.971818888711,19.0078915014474,7.48380509775567,-58.9481363239081,-6.41806782951359,57.8899019786055,0.512581014790945,-0.851331556839124,0.11178230452875,0.406538779194526,0.35529450786615,0.84171968831148,-0.756298171548041,-0.386005690385548,0.528216511198834,156.073917690383,22.5812462081748,3.50045867132462,0.435024223425477,1889.34052433711,448.458274052401,698.080177366303,9.61365988279857,0.372672420577678,0.0276082427169494,1,0.538672850731581,30,11,82,2.461679,3.162278,1
661,453.659606656581,365.573373676248,6.05748865355522,10.8077248363501,14.7077155382858,11.5303928631675,5.928635235838,-41.1050294631126,34.6101658439644,63.8739854395885,-0.620162006582718,0.541097673147297,0.567989783099906,0.673757738443689,-0.00346296054069757,0.738944191256376,-0.40180790868093,-0.840952624122712,0.362421147979229,13.5198060221959,8.30937247368651,2.19679473497624,0.829360100376412,431.499505635019,453.623398974706,365.614678414929,6.00853993914884,0.308528880648884,0,0.874141876430206,0.850429131056343,31,1,7,2.780406,3.162278,2.236068
940,477.679787234043,439.715957446808,3.49042553191489,12.1537344683986,42.4378455946964,7.35401019637044,5.56183560719342,7.15829170308061,-1.2765272356526,98.6823376433255,0.991959428709046,0.124580067426236,0.0222777601050102,0.00304002832974657,0.152523734330243,-0.988295132383901,0.126519761393137,-0.980416399937308,-0.150918629436501,112.560671169956,3.38009162302003,1.93337595759029,0.658724597056762,714.759193875046,477.723492890394,439.582911997734,3.36686712717691,0.308932106818683,0.0442709760034741,0.780171413021753,0.649246489211791,32,0,29,2.381031,3,2
1276,489.455329153605,708.914576802508,4.97413793103448,13.4570753459772,35.3423205552204,20.7408155713625,7.03793591917509,-0.59332600675643,-13.3785386519864,31.4210272149849,-0.972810453462624,0.0100742913265112,-0.231383513431948,-0.111782243653105,0.854562891440357,0.507175506680847,-0.202841198078008,-0.519250202915092,0.830201587046733,78.0674763892473,26.8863394103297,3.09578387515093,0.39093137254902,1000.09758151848,489.688726090565,709.845088224603,5.15046485262411,0.399199886405385,0.0103245032675033,1,0.568864540918058,33,1,48,2.300614,3.162278,1.732051
1075,511.304186046512,750.561860465116,13.0539534883721,12.7097384662091,37.8070851714173,8.11540017233279,6.14450372155042,57.6789244183891,-52.9032021570041,-31.3522984380643,0.32248929944595,0.509712421329861,0.797617639777927,0.499787416861354,-0.807295653198682,0.31382521612128,0.803873864290857,0.297433985732234,-0.515092064044401,89.335980572425,4.1162324973187,2.3596828740092,0.677378701953371,731.006265540281,510.501617635609,749.964806863601,11.678815612801,0.341860563465,0.0227139071885072,1,0.694227800809571,34,0,24,2.724022,3.464102,2
1341,508.51677852349,474.552572706935,6.1744966442953,13.6818046481746,42.5236426225083,9.91266769623408,6.91055364717856,39.4167521929167,-15.2859784164265,68.3968403294686,0.745216728953411,0.612492908429323,0.263636992874232,0.423141110310506,-0.12879415609282,-0.896863237133473,0.515367468563133,-0.779913137778899,0.355150489041901,113.016261367925,6.14131130349767,2.98473448190829,0.541162227602906,945.663917257816,507.928986468393,474.034460386204,5.92541207679004,0.415882595167656,0.0395938733089549,0.899381604931477,0.621870312696221,35,4,34,2.420188,3.162278,2
819,514.661782661783,625.905982905983,5.61416361416361,11.6081165467858,19.01665090417,13.1282633265561,5.681971723325,-41.0331112592169,9.68234379640512,70.0640232093887,-0.743585141339565,0.647143519924711,0.168185618286682,0.343109934249069,0.153407493882633,0.926683178783477,0.573896079964499,0.746773998904692,-0.336112903592344,22.6020632256919,10.7719561232124,2.01780016654155,0.755535055350554,557.734918871833,514.755475665707,625.663124518991,5.46670056853518,0.390003044705548,0.0904783045089705,0.816937854064107,0.759006607277385,36,3,19,2.461963,2.828427,2
604,515.582781456954,263.82119205298,7.24172185430464,10.4876802674584,18.9041527143716,9.06175789415383,6.64879801392258,16.4041317236479,54.5360351344852,-72.4471479369806,-0.556573345135734,-0.163852056889283,0.814480579840656,0.830117752352677,-0.0700008200519404,0.553176646669936,0.0336248228747593,-0.983998164960284,-0.174977091761848,22.3354368655176,5.13221600826621,2.7629071893713,0.685584562996595,434.708571105634,515.689398778393,263.99044181625,6.95124187778255,0.274518730221925,0.0172075054458388,0.849261250554776,0.794896430937624,37,1,14,2.541267,3,2
1623,580.117683302526,385.444239063463,6.8977202711029,14.5805296094159,41.118509632119,10.7824964302851,7.48630286535636,27.099011417806,-9.40915440820048,-57.6559589268772,0.878243683424437,0.449400877343183,0.163483589293409,0.120752569225651,-0.539187156451329,0.83348426940365,-0.462716813559312,0.712261231403976,0.527804024888413,105.670739647917,7.26638932931936,3.50279566199018,0.532131147540984,1079.69306401094,580.644091955833,386.413540810163,7.04522813864606,0.450972944536245,0.0113097880636213,1,0.618580406427584,38,1,50,2.544491,3.162278,1
1528,580.104057591623,628.296465968586,5.51178010471204,14.2903076064201,30.4720636380078,11.9570430163957,9.40258327099873,-18.1614447860742,-0.141423628031467,-54.1525980376071,-0.950179116901471,0.311694647487861,-0.00246830544288642,-0.184438904314592,-0.555830023682028,0.810577124861582,0.251280592922681,0.770648708232911,0.585626700312897,58.0341663974248,8.93567985599601,5.52553576050407,0.627257799671593,963.242389810917,580.459761989833,627.487293296373,5.50572136567918,0.443891622523343,0.0678871090770404,1,0.666035596488882,39,0,30,2.571946,3.162278,2
669,583.47533632287,655.992526158445,4.77130044843049,10.851151620609,21.3573427885182,8.70067515828629,5.82678726756975,-27.8273102206561,-14.1112367017925,-140.337870750834,0.857672359908952,-0.452721923191806,0.243805215919845,0.221743214800132,0.753438773338301,0.618999161163066,0.463926793511985,0.476836318973281,-0.746591625435016,28.5085056866419,4.73135926312627,2.12196561634456,0.732749178532311,504.366001643219,583.638189945089,655.867352426171,4.87768912812562,0.45439624741436,0.116867809990753,1,0.733425038660923,40,1,15,2.558784,3,2.236068
722,595.206371191136,406.82271468144,3.02354570637119,11.1304534692154,34.1113147200769,7.37130784072447,5.90245630575603,47.8799395746623,2.70097850704606,-48.5743242439621,-0.669941273413825,-0.74091704325794,0.0471235099135761,0.514469413808641,-0.417549647088159,0.74898165162569,-0.535256865842986,0.526017325975548,0.660912899209479,72.7238619957583,3.39601120517038,2.17743690258495,0.589387755102041,584.009716038441,594.874660670578,406.543510367152,2.91899852232682,0.619290677196415,0.180956609017941,1,0.666431500862481,41,0,19,2.408639,3,2
1619,610.906732550957,340.933292155652,16.1667696108709,14.5685415015572,50.3715266711641,9.00427890448019,7.34256555992384,29.8447083161367,-49.7913343233469,-31.4164620694944,0.559955601974535,0.32127010573304,0.7636983979161,0.079408947510052,-0.938326422969476,0.336508161881187,0.824708398691733,-0.127785144361894,-0.550932857985189,158.580668698988,5.06731491185418,3.3695793126112,0.55712319339298,1043.93991597416,609.690378396933,338.671536070319,13.1183189257745,0.351634814040414,0,1,0.638714124323682,42,0,34,2.813487,3.605551,2
1162,624.272805507745,699.876936316695,5.70309810671256,13.0437510663718,26.5043765997339,13.4916031778921,6.21783722696786,-26.4405148147689,3.44362685510141,64.7017846448968,-0.893780380997548,0.444464455642779,0.0600664483222186,-0.23890171229963,-0.35844911731138,-0.902463407656508,-0.379582141840449,-0.820954065687515,0.426558108148183,43.9051236837825,11.3764597693567,2.41634373631671,0.652808988764045,784.889741440025,624.448486235823,699.476439084838,5.58941958583286,0.493135167122568,0.124910313211169,1,0.680998607167491,43,3,28,2.278648,3,1
4789,643.97556901232,413.786594278555,12.0862392983921,20.9129550942893,66.8863694986039,22.8992666503238,11.8228816022033,26.4745832446569,-12.1727187373465,69.9891963440986,0.875006419822697,0.435777567073291,0.210859378033677,0.329903838475724,-0.21798560869535,-0.918501895349542,0.354298211437836,-0.873258373242078,0.334503499136481,279.611651543986,32.7735258201645,8.73628308623225,0.328058638169612,2904.36780681405,643.187446181053,412.918748834619,11.3077342460043,0.395277964265648,0.0100616192729304,1,0.473073987238345,44,13,95,2.313176,3,1.414214
943,648.182396606575,669.991516436903,3.24814422057264,12.1666502426961,34.4140022287561,7.91269609583634,5.50029917074628,-40.225013729033,-0.0700153098139511,40.8341599611045,-0.76351359707786,0.645790595936201,-0.00122199737892692,-0.487998913772438,-0.578194909335858,-0.653871322948957,0.422970503976517,0.498643312417268,-0.756604784380449,74.0202218375518,3.91317246906648,1.89083068548201,0.789121338912134,661.869226475412,647.603769450652,670.535264143359,3.04860630100004,0.536129231245367,0.117594780009228,1,0.702618742578244,45,0,22,2.712258,3.316625,2
1695,658.113864306785,534.002359882006,2.88377581120944,14.7930262105708,90.5635300459657,7.7033359236702,6.10096753687743,-79.5753042745557,1.40773068331817,22.7476460731755,-0.180888457649783,0.983196737829502,0.0245670635304279,0.908713206626399,0.157526128331924,0.386556369751582,-0.376191007324537,-0.0922480005971924,0.921938518771165,512.609560899158,3.7088365220568,2.32636280537703,0.486789201608271,1376.87345736701,658.813332449305,533.73625634316,2.759371482113,0.449421646850492,0.0816170861937452,1,0.499309579471078,46,0,78,2.263954,3.605551,1.414214
1026,653.455165692008,938.975633528265,2.86549707602339,12.5136185639967,51.4677365673343,6.5124852909944,5.64935877623553,65.7285162587764,0.0403852881174147,41.734863157202,-0.411060597758201,-0.911607749061198,0.00070485618865071,-0.680079323049535,0.307174906200352,0.665684378186308,0.607059551717257,-0.273157260295935,0.746233081427286,165.557994210282,2.65077904158865,1.99470341141434,0.610350981558596,831.703085754661,653.859960276055,939.199169327709,2.66165145320649,0.340379275794502,0.0176738882554162,0.88654503990878,0.591489971266031,47,0,33,2.318878,2.828427,2
1431,657.792452830189,814.525506638714,3.75821104122991,13.9812822695368,55.6317642758788,8.47086839357191,5.2839599024958,-68.5359121283731,-0.586333449709132,55.20734210449,0.365898823170085,-0.930598372755718,0.0102332705991958,0.527959898227101,0.216616815261541,0.821179335596054,-0.766404851933216,-0.295065796002106,0.570578459953465,193.430824777934,4.48472570882598,1.74501451569899,0.658536585365854,1021.34616872152,657.045981934184,814.736916577206,3.69835177270603,0.308943594124147,0.0136830102622577,0.821988600759719,0.601271911533839,48,0,35,2.31539,2.828427,2
2081,667.040845747237,611.659298414224,5.2647765497357,15.8400963635321,46.9318556624,16.312303952973,8.03466394923882,-15.0058472906676,-5.62678096821283,42.0391057969192,-0.961245394652642,0.257670072714083,-0.0980480743645943,-0.128877246278415,-0.73436152722964,-0.666411136399027,0.243716939605721,0.627948469981789,-0.739109445479323,137.662442244772,16.6307037658862,4.03473904857487,0.482382939267501,1351.18559350459,666.615604755792,611.130766015325,4.78769275809279,0.497961791982255,0.0814304740580734,1,0.583378615170762,49,3,39,2.395408,3.162278,2
759,663.781291172596,639.769433465086,4.14229249011858,11.3174274165419,28.5126462805978,9.3662313772097,5.10423626535354,-5.50719277300858,5.29513718352594,60.3785604472372,-0.991136390516372,0.095561159665863,0.0922860778096775,0.127290080857291,0.484286459016456,0.865600289353375,0.0380248696187493,0.869675048726028,-0.492157920706209,50.8106873701556,5.48289313821423,1.6283267407844,0.683783783783784,577.144227708312,663.776972480935,640.219709620475,4.05566619785238,0.454134527031562,0.123077233804527,0.939566704675028,0.697205736861298,50,0,21,2.19969,3,2
1587,687.724007561437,231.046628859483,5.11531190926276,14.4719182798669,43.7841529741762,10.7959703588161,6.14720823120178,80.8510722030239,-1.1708058077608,81.7961383114718,-0.158968017098992,-0.987072268017548,-0.0204329941591677,-0.144095948707037,0.00272216544020502,0.989559976646962,-0.976711588497768,0.160252698966383,-0.14266585214464,119.815753229128,7.28456099927726,2.36176056485972,0.649611133851822,1068.65055156085,687.803324351894,231.023391008457,4.99707156956715,0.278755058377333,0.011441647597254,0.681603227300911,0.61569604153424,51,1,36,2.28228,3,1.732051
1616,708.037128712871,500.315594059406,8.06868811881188,14.5595374563083,48.2927954090912,14.189555029691,7.39072293043451,-83.5430247546125,24.8786666424315,-94.0898156871258,-0.102021148649474,0.901445965854237,0.420698057843584,-0.118057734954812,0.408944416461689,-0.904890510206703,0.987752021737025,0.141984629062198,-0.0647016898116935,145.762130526521,12.5839669962893,3.41392408965315,0.444322243607369,1156.92475471253,707.572553012954,500.345543502499,7.6801018264342,0.344358091463667,0.0683579985905567,0.81699550371638,0.575625354510415,52,0,45,2.34389,3,2
2498,695.621697357886,417.58126501201,6.67453963170536,16.8344114375048,45.0768352340788,15.495672531889,6.34358662108931,86.1886223931879,1.04037513973285,-74.7807976541399,-0.0664610812034921,-0.997623801332992,0.0181569738440249,0.263096583641945,3.16864467940124e-05,0.964769499244201,-0.962477590576113,0.0688966618195603,0.262469307975087,126.995067170018,15.0072417009712,2.51506820120396,0.651538862806468,1449.46724989592,695.538021029022,417.566238634062,6.46374187494663,0.401809925789821,0.0591804633732895,1,0.614238932606459,53,0,31,2.434114,3,2
546,708.514652014652,429.785714285714,3.91941391941392,10.1406238476543,18.7738361709604,9.00314142569684,5.20247351476688,72.1439472026552,2.78482316440438,-82.1875390700221,-0.306264519096986,-0.950705802455266,0.048585198570978,0.14414246740637,0.00413553528924559,0.98954830424688,-0.940970240460502,0.310066725924857,0.135770512416886,22.0285577858789,5.06603472069365,1.69160816699068,0.836140888208269,413.661573935798,708.318937383348,429.674284953089,3.82505489282506,0.371048228549913,0.0773177494413057,0.758187318500967,0.78096943939747,54,0,11,2.333238,2.828427,2
1270,716.29842519685,330.972440944882,3.2740157480315,13.4359496042613,56.8660335982393,9.21966523713044,6.72187821835935,35.3325850609504,-0.831943205890116,-6.01228194277603,0.815722821995197,0.578260717835026,0.0145196379125747,0.573899912836386,-0.812200954390691,0.10473060552312,-0.0723544588990968,0.0770983261541429,0.994394630104994,202.109111074755,5.31263919279698,2.82397792390337,0.474057484135872,980.36949209013,716.198966961676,330.909112086611,3.15145948801679,0.326451260704625,0.0574139220045054,0.80387685290764,0.578491280181725,55,0,41,2.356024,3,2
749,718.021361815754,517.367156208278,8.79172229639519,11.2675042822062,20.5051100388344,7.91297457202952,7.41018580574832,86.692043151457,-70.6603446813253,-33.2588424695919,0.019109250657217,0.330615746045793,0.943571971290957,0.804948518804109,-0.564864747211972,0.181619655963294,0.593036861092453,0.75605624514565,-0.276922797114776,26.2787211065442,3.91344791109911,3.43192835473212,0.768205128205128,482.809444026482,717.780094930206,517.536102534219,7.93796684422094,0.507828618750833,0.0474091117942487,1,0.826094212814142,56,0,14,3.043519,3.605551,2
1105,764.848868778281,561.330316742081,7.13755656108597,12.8268855168737,42.7222656323577,7.96554520736328,6.84642789285227,-76.4415788690937,14.9889756924829,-118.773170546476,-0.226460144088284,0.939055205086215,0.258633186076342,-0.521075783652559,0.107537949132835,-0.846708696770722,0.822919091302654,0.326513263584789,-0.464965867427734,114.074498797608,3.96561940315927,2.9295984307516,0.567248459958932,809.892263190274,763.306569224225,561.72112559702,6.72693355385193,0.287184639159479,0.025064666840452,0.717161573899458,0.638212137910214,57,1,37,2.352982,3,2
877,757.397947548461,615.994298745724,5.68415051311288,11.8759125337654,27.3367854827773,8.84245585221505,6.33930602360971,-42.925598193994,-20.6403447078237,-125.140393657688,0.685237434819149,-0.637332663999315,0.352500685562466,0.180927217734284,0.617779111127269,0.765254409812667,0.705489191841663,0.460604000475829,-0.538636199062279,46.7062400332115,4.88681409364827,2.5116750538109,0.691095350669819,616.052355663709,757.47824908568,615.856838748289,5.63024340009103,0.430715787068338,0.0999237223493516,0.914472348071761,0.719227411122704,58,0,13,2.694771,3.162278,2.236068
742,761.646900269542,184.998652291105,2.47304582210243,11.2322931017248,39.8699914541415,7.73257395427941,4.94412737946879,-88.429320213096,1.08226670197753,-1.60796660161541,0.027405210552096,-0.999445945568858,-0.0188879940853265,-0.99921611602479,-0.0279291167165971,0.0280556218210105,0.0285676024707736,-0.0181043178662644,0.99942789923219,99.3510136595822,3.73704374740001,1.52777472152581,0.627749576988156,652.647533012604,760.514209588853,185.085872827449,2.39640661758428,0.308587538600324,0.042977194641761,0.683430157807056,0.607306636865134,59,0,31,2.225555,3.605551,2
763,759.570117955439,597.982961992136,3.11926605504587,11.3372738884372,35.3186594832477,7.49585924033802,5.24414804480273,-68.3692227898311,5.20886409058515,37.3248268169682,-0.367101659407864,0.925739788411596,0.0907866499637795,0.75950259443655,0.241963286869729,0.603829095731025,-0.537021583089676,-0.290619359229303,0.791926895197409,77.9629817308501,3.51174410943504,1.71881804473801,0.703225806451613,604.918695175338,760.156472480977,597.749292469002,3.08672040322299,0.464095080250777,0.127383676582761,0.928091912930677,0.667529008048208,60,0,27,2.346761,3,2
751,765.625832223702,829.294274300932,4.9693741677763,11.2775243001875,22.845518871368,9.58274908903109,5.96148994959768,-45.5433601898382,16.6341504387287,71.4462318415704,-0.671060323547756,0.683910471793922,0.286259512908472,-0.417188187515378,-0.0291468891059467,-0.908352616032496,0.612888291907762,0.728983487759538,-0.30487869098434,32.6198582813771,5.73931750645789,2.22121015119713,0.671735241502683,542.869709192876,765.533305672136,829.386625577672,4.78177714149236,0.380528967073468,0.0689278338112431,0.951530169086006,0.736006764823045,61,1,20,2.373105,3.162278,2
1280,773.73125,681.44453125,5.140625,13.471122407685,25.9879496580107,13.658733540094,6.6441109930364,-44.8930478513641,7.71976536171411,53.4745702331491,-0.702004964270127,0.699389025127474,0.134328037547412,-0.496540152896269,-0.345454271047437,-0.79630975328501,-0.510526107757329,-0.625712664204845,0.589785346674388,42.2108454642062,11.6600626199555,2.7590131804867,0.665972944849116,812.396803864445,773.561511886137,681.63167422714,4.88279299602183,0.418429504587757,0.0707497080438702,0.861174675819985,0.7017610041874,62,4,22,2.723919,3,2.236068
666,770.786786786787,147.701201201201,3.58708708708709,10.8349073573685,23.5253695510191,8.3430871104348,6.69319168758615,-68.0236318604717,-5.33617844945252,-126.758779611996,0.372602318712638,-0.923319360691269,0.0929993024846491,0.527080646884367,0.293047128019091,0.797690022778096,-0.763775820362181,-0.248203019587652,0.595853805306007,34.590188282001,4.35044390826896,2.79992593542328,0.676829268292683,509.77451898656,770.082947656276,147.932742095194,3.5740202250383,0.25346408715506,0.0124318321205429,0.5873549934374,0.723472709891313,63,0,22,2.461291,3.162278,2
635,784.004724409449,340.507086614173,5.20629921259843,10.664120267998,19.9739926662734,9.50258956958564,6.31147177037142,31.6273711330181,-27.7630536694184,94.7863474891982,0.753455849257908,0.464025443291108,0.465816134539729,0.351492819268165,0.314466304230302,-0.881795748179051,0.555659141220552,-0.828125190706228,-0.0738348650422859,24.9350239395215,5.64370053299987,2.48966724426221,0.666316894018888,464.678239890871,784.1680985889,340.742106784098,5.2187354954467,0.278059775900223,0.0410490307867731,0.581998474446987,0.768860599080518,64,0,14,2.496906,2.828427,2
966,796.898550724638,467.991718426501,4.00931677018634,12.2647726272408,31.3723604442942,8.41060134011988,6.35851432185295,-87.2844750467873,1.38075697433343,-92.4809776489897,-0.047363353262919,0.998587039357127,0.0240964228809848,-0.0443796382053828,0.0219959568948213,-0.998772559491419,0.997891357052686,0.0483746080940039,-0.0432751292464883,61.5140624904197,4.42113843140163,2.52691902382557,0.739663093415008,675.039818834973,796.029123417105,468.023826219562,3.72920069575788,0.490978585116158,0.0302166476624857,1,0.700066802915478,65,0,18,2.404816,3,2
897,785.076923076923,788.573021181717,3.59308807134894,11.9655116397488,30.0490800152925,8.57952994009425,5.73785006971503,-35.8916892033115,2.83787221232361,45.4597667133152,-0.809133170379741,0.585535887869198,0.0495099647390129,0.439793239816636,0.547542779158379,0.711883987179867,-0.389724798803996,-0.597783095285195,0.700549749973859,56.4342006103409,4.60052087456086,2.05768271390806,0.720481927710843,648.386688995373,785.665709535368,787.761876367591,3.62611326502984,0.533058081461597,0.0753985870908087,1,0.693710598024458,66,1,17,2.594472,3.316625,2.236068
1018,794.828094302554,638.4557956778,8.30451866404715,12.4810096381655,24.7562466522129,10.980007616166,6.30201944161131,-52.321349897008,29.166573499649,33.491006432409,-0.533731930351451,0.691100499685483,0.487350311231858,0.824422926014146,0.296911420474576,0.481840686798078,0.188300466238371,0.65895652946628,-0.728230201713831,38.3044842690751,7.53503545319143,2.48221556515292,0.685983827493261,650.992887673545,794.620241478041,638.73841911413,8.20453638882314,0.36841920264513,0.0773177494413057,1,0.751749358285982,67,0,11,2.727575,3.162278,2.236068
472,799.656779661017,410.076271186441,5.97881355932203,9.66008895062633,13.7024187160341,8.49757278494475,6.7157102222185,25.4924254277434,-65.5170537945517,82.6189925275373,0.374075123988566,0.178363981290521,0.910084661881044,0.869964942406993,0.272487687688933,-0.410988392829696,0.321292391126427,-0.945482284464459,0.0532395451532947,11.7347674168452,4.5130464522146,2.81879773680063,0.79327731092437,338.407259507193,799.636054022029,410.02195153401,5.74152106485962,0.319126983940103,0.031330833550565,0.649079890310735,0.866308254693106,68,0,7,3.019394,3.316625,2.828427
1795,806.992757660167,681.515877437326,3.73871866295265,15.0784005822079,58.2655812601824,10.6729192816274,6.27973910154305,-3.59648061300914,-0.583438826377615,42.1538042707515,-0.997978839983338,0.0627259634963966,-0.010182752523747,-0.0396836279995138,-0.74031460695299,-0.671088289572122,0.0496330999868775,0.669327824190425,-0.741307506470968,212.179872474182,7.11945037450834,2.46469519896554,0.586026771139406,1247.02923893505,806.966015632131,681.823870774733,3.71345345283825,0.455294891318251,0.0579710144927536,1,0.572774651807893,69,2,59,2.55599,3,1.732051
909,817.174917491749,938.605060506051,8.24422442244224,12.0186333645716,18.8887632960692,11.1296602028882,8.78065782895385,-51.3078093687204,-67.3676774417285,87.3881469879319,0.240562490114703,-0.300354958782072,0.922993275752772,-0.54082935435926,0.748149520820423,0.384416315938226,0.805998323703691,0.59165800360613,-0.0175359332699722,22.2990861784333,7.74183351448456,4.81874699432304,0.645596590909091,592.090847494265,817.334266559712,938.658111696862,7.75927463126754,0.487390955861546,0.0591605201077487,1,0.766428593509782,70,0,13,2.774555,3.605551,2
2497,823.569483380056,975.413696435723,6.29955947136564,16.8321647523804,58.8493276205544,22.4520325925421,9.12950479126244,26.3259216873296,-9.67620011495896,4.61410683745343,-0.88353475925574,-0.437167554374455,-0.168079917269018,-0.454158221404927,0.887384830672878,0.0792998879064895,-0.114484230867031,-0.146399083651252,0.9825785816864,216.452710086959,31.5058604710359,5.20924110835524,0.316236068895643,1720.99609772322,822.089754732022,973.519457827626,5.72415132875639,0.303661529853907,0,1,0.517189779338252,71,8,72,2.385361,3.316625,1
514,842.566147859922,261.048638132296,5.13618677042802,9.93851503129119,15.881693438772,8.43682285177149,5.97143551465753,30.3133295535185,31.7244404477233,-87.5247177293183,-0.734293072608255,-0.429315420130536,0.525834530587018,0.475316319119304,0.227872432667102,0.849793240270393,0.484652535636,-0.87393502302432,-0.03673547649176,15.7642616551959,4.44874873951086,2.22862763160708,0.80690737833595,369.789121531817,842.650519259656,261.160511119776,5.04714226173387,0.372262689307911,0.0045766590389016,0.871721778791334,0.839148339558276,72,0,8,2.723231,3,2.236068
917,864.145038167939,875.653217011996,4.48200654307525,12.0537886166919,29.3334484384158,8.79954353258207,5.77469714603129,-60.9472788297182,9.5213169663366,-110.746451850534,-0.478924443679746,0.862130736105408,0.165414543219123,-0.384780096593317,-0.036796010487544,-0.922274542030645,0.789034634545076,0.505348045879814,-0.349353256767088,53.7781998305749,4.83949789886295,2.08419544552387,0.731259968102073,649.665286365861,864.160903816534,875.674895191949,4.48024417849565,0.406618485183045,0.0615386169022637,0.939950518408608,0.702598718375827,73,0,24,2.363925,3,1
