Volume,Centroid_1,Centroid_2,Centroid_3,EquivDiameter,PrincipalAxisLength_1,PrincipalAxisLength_2,PrincipalAxisLength_3,Orientation_1,Orientation_2,Orientation_3,EigenVectors_1,EigenVectors_2,EigenVectors_3,EigenVectors_4,EigenVectors_5,EigenVectors_6,EigenVectors_7,EigenVectors_8,EigenVectors_9,EigenValues_1,EigenValues_2,EigenValues_3,Solidity,SurfaceArea,WeightedCentroid_1,WeightedCentroid_2,WeightedCentroid_3,MeanIntensity,MinIntensity,MaxIntensity,sphericity,id,nb_branch_pt,SkeletonSize,MeanWidth,MaxWidth,MinWidth
3872,34.9863119834711,797.651601239669,6.34245867768595,19.4825399493513,91.3872153548134,15.2559211135342,8.9739175877845,-15.2183394498689,-6.29654453264985,6.67559518209479,0.959111636225318,-0.260914550646916,0.109674365819506,-0.248416078621108,-0.961737216293824,-0.115546435158845,-0.135625665490366,-0.0835770546030642,0.987228724665248,521.97644564419,14.5464455638987,5.03319980452175,0.444036697247706,2296.74289271238,35.9649179652954,793.665765758897,5.79685736940014,67.75,0,807,0.519192777619637,1,0,83,2.912563,3.162278,2
2067,40.5447508466376,233.994194484761,7.1359458151911,15.8044948068214,104.247780675926,16.8914782700747,6.33953247990351,-59.3937874985488,-4.64485519964914,10.0943414532656,0.507462635183168,-0.857860148943445,0.0809792488708439,-0.840137573573502,-0.513469481217205,-0.17469387318553,-0.191443284977517,-0.0206169035809278,0.981287120023366,679.224985991004,17.8326273842754,2.51185450398448,0.243147864957064,217.82955046365,39.1999336961627,235.498485141494,7.17442513652144,52.5355587808418,0,776,3.60241973950928,2,3,39,2.252043,3,1
2258,58.8503100088574,227.888396811337,5.60451727192206,16.2770277949554,72.6727389322262,14.7629595569093,8.07619143899251,-42.9212843132263,-8.98264519480988,8.44752442674899,0.72330893388459,-0.672641031924916,0.156135288560023,-0.656808327067755,-0.739965046524413,-0.145101865655065,-0.213136124711874,-0.00240251807628003,0.977019559809167,330.082936494469,13.6215609299338,4.07655425995349,0.375270068140269,1702.71339706905,56.4325939960148,229.596014764969,5.54655865155326,67.7878653675819,0,808,0.488830763842873,3,5,80,2.202927,3.162278,1
1250,77.8216,225.9688,4.5512,13.3650461757198,35.2286180605638,9.47864262586605,6.34591683478669,-60.4653171604129,-5.28889003367235,24.6928116966096,0.490851630724303,-0.866353267096418,0.0921775092235346,-0.771517667716606,-0.481378923005078,-0.415974543557174,-0.404753214955015,-0.133065206112769,0.904692481402242,77.5659706535678,5.6152916268053,2.51691627962682,0.683060109289617,837.513075831484,74.9795869102759,227.425099198865,5.0322716917367,53.0248,0,744,0.670037645042868,4,0,30,2.271161,3,1
3701,93.6519859497433,327.578492299379,6.51310456633342,19.1914072268269,72.7417516637493,14.8992779084458,9.01698208928502,-0.166876585803113,-4.04046168896417,25.030938643287,-0.997510309299855,0.00290530274355166,-0.0704609257424028,-0.0271734317562571,0.90616243620978,0.422055972364974,-0.0650752445027763,-0.42291984869278,0.903827424973695,330.710152194411,13.8742801370688,5.08162287490543,0.531829285816928,2137.53451974743,93.2214805175418,327.060710889862,6.82150842611853,83.2610105376925,0,833,0.5413153936732,12,3,76,2.603052,3.162278,1.414214
482,112.902489626556,341.941908713693,6.32572614107884,9.72783372317443,11.3906482803495,10.4092918785175,6.31242508997471,62.1271856274575,-7.6974321035054,91.6495564212816,0.46329779236495,0.876022121598742,0.133941771152257,0.0371465709774181,0.131811646604327,-0.990578528983985,0.88542378997539,-0.463908323151348,-0.0285268269620176,8.10917926541434,6.77208483826059,2.49041940728388,0.821124361158433,330.583257280706,113.192488262911,342.148669796557,6.51121544079291,7.95435684647303,0,201,0.899293170915692,13,0,3,3.361485,3.605551,3.162278
717,218.220362622036,443.437935843794,4.92468619246862,11.1047003613038,17.4977015531722,10.3208110964175,6.85411477138895,61.7717305430146,15.6861676287722,-62.206530183628,-0.455370159899585,-0.848256534736052,0.27036802464532,0.523957693649966,-0.00981491697527645,0.851687737771172,0.719796049404298,-0.529494587963233,-0.448919957876247,19.1355974777428,6.65744635549595,2.93618058121076,0.759533898305085,486.732499894169,217.103274559194,442.835234849607,5.26211290561565,9.41283124128312,0,206,0.795926960532733,14,0,9,2.655012,3.316625,2
1138,257.116871704745,43.4516695957821,5.89279437609842,12.9533235415729,23.6234628748084,11.8435022548606,7.7948494760938,-43.7803123164764,7.95372276397305,-110.743414028808,-0.715052506797608,0.685239201211381,0.138373225898818,0.338486801228399,0.166186297320116,0.926179680179389,0.611658890163972,0.709104612667425,-0.350776353788505,34.8792498873406,8.76678410380554,3.79747989718499,0.670990566037736,763.767380269588,257.51095890411,43.4785388127854,5.98538812785388,3.84885764499121,0,205,0.690162237540877,15,3,24,2.32439,3.316625,1
443,260.738148984199,687.864559819413,5.48758465011287,9.45805208458879,12.2471665131351,7.87514308432949,7.03651093580347,4.52724860228977,-45.1139955228039,66.1127128814695,0.703496680287891,0.0557030418289379,0.708512238394596,0.677765629339245,-0.352540470452945,-0.645251089405662,-0.213836789421969,-0.934137242499099,0.285764657832078,9.3745679750286,3.87611741241641,3.09453038435512,0.8635477582846,310.769293886038,261.075403016121,687.772750910036,5.59230369214769,4.34085778781038,0,118,0.904305504287704,16,0,5,2.996282,3.162278,2.828427
534,269.149812734082,686.941947565543,4.69850187265918,10.0657825676096,12.8044758324119,8.87067406177484,7.77000608097226,50.5539360843083,-40.4374177834647,27.9163185290973,0.483575527653979,0.587750433612017,0.648617095706751,0.875298764407291,-0.326915803253692,-0.356339908809079,0.00260424293124633,0.740051001872087,-0.672545710377277,10.2471625839263,4.91805364439031,3.77331215614662,0.77956204379562,372.337409401787,269.166603126191,687.144872283645,4.86199008768586,4.91198501872659,0,165,0.85488616696386,17,0,5,3.188116,3.316625,2.828427
1332,277.112612612613,439.222972972973,6.00825825825826,13.6511278532095,19.9023822970444,11.9502398700565,8.15265946746073,42.8869805123961,-3.1866525365743,-79.9212963369563,0.731564621949414,0.67950208023893,0.0555889095321944,0.0789962243171894,-0.16547012241572,0.983045896757295,0.677180035482175,-0.71477028585322,-0.174730186303531,24.7565513186066,8.92551455949305,4.15411602452356,0.917355371900826,665.069064014925,276.682625175214,438.865134935317,6.12158061829045,224.415165165165,0,998,0.880278701480644,18,0,7,4.173825,4.24264,4
878,317.183371298405,325.198177676538,7.13097949886105,11.8804246590224,14.7155778628955,11.0187670891093,9.58244079901541,-68.4381259215005,24.8274372438288,101.791525166095,-0.333539610714029,0.844065431120922,0.419886741957145,0.038996534534241,0.457363304102182,-0.888424492208007,0.941929189684158,0.279950631446665,0.18546440513899,13.5342644899338,7.58832676025234,5.73894822916469,0.793851717902351,550.120131514939,317.197696067024,325.205608564114,7.24819641610426,9.78815489749431,0,269,0.806039386169786,19,1,13,2.643875,3,2.236068
896,320.276785714286,750.366071428571,5.97433035714286,11.961063493748,13.5506959461279,12.2700362498742,8.88607146589593,-43.2803541466457,-17.7473351775746,121.379298525916,0.693361960827644,-0.652942537399261,0.304820002840789,-0.54643086398269,-0.200664405618935,0.813109529648208,-0.469747274781212,-0.730342275356023,-0.495921020590387,11.4763350390254,9.40961184832674,4.93514163106312,0.805755395683453,547.02594753385,320.226892558439,750.24908856959,6.08546000428908,10.4084821428571,0,248,0.821639930521732,20,4,12,2.401655,3.162278,1.732051
537,328.420856610801,669.234636871508,5.16945996275605,10.0845971582465,16.2104022387679,8.46725808186189,6.41099665810284,-2.9909251517259,5.11230007372869,56.7126966635699,-0.994665189269484,0.0519702212891603,0.0891081217098573,-0.103023727332112,-0.544203348262786,-0.83260364360611,0.00522234258754167,-0.837342111588047,0.546654292308375,16.4235712964157,4.48090371405346,2.56880488438787,0.769340974212034,390.29998488654,328.392786885246,669.068196721311,5.00196721311475,2.83985102420857,0,187,0.818593792771576,21,1,12,2.588647,3,2
684,333.643274853801,289.916666666667,5.52485380116959,10.931652720669,12.1991492644218,10.8150404160361,7.8293284726604,-68.5670643149757,-28.389685469519,79.0435626449993,0.321465363947676,-0.818896971662458,0.47546584481332,0.00634505541177382,0.503969122122168,0.863698364140649,0.94690007923424,0.27463225183774,-0.167204563923125,9.30120267347775,7.31031870003088,3.83114902080067,0.861460957178841,410.317609714025,333.936715649469,289.861417998498,5.65386678107905,13.6301169590643,0,247,0.914958444003077,22,0,5,3.481098,3.741657,3
512,340.216796875,659.97265625,5.55078125,9.9256078543904,12.825473284396,9.40368216926362,6.82304989534082,63.6388456991476,45.9307905314589,-30.5318195696039,-0.308833223316358,-0.62320104206572,0.718500174908976,0.933852920532398,-0.0554082344182159,0.353339285067152,-0.18039058453572,0.780096397073373,0.599090016845552,10.2807978105473,5.52682739628291,2.9096256171444,0.81658692185008,356.499201153972,340.512976070104,659.90933602966,5.31681833501854,5.794921875,0,206,0.868171525123526,23,0,9,2.723776,3,2
478,353.008368200837,805.884937238494,4.44979079497908,9.70084930238511,11.2228708653395,9.49692111318581,6.83853434179626,-73.4403291370474,-29.4394883839422,-127.728626232366,-0.248211432531004,0.834754349819306,-0.491504079554437,-0.475745767575419,-0.547022064550351,-0.688790843093276,0.843834728720608,-0.0628652237156558,-0.532907979159816,7.87205190375533,5.63696941437965,2.92284699649542,0.865942028985507,325.352338002155,353.273937732524,806.164675934991,4.90953593107499,10.68410041841,0,176,0.908689389488194,24,0,4,3.232527,3.605551,3
2640,375.261742424242,528.393560606061,4.87348484848485,17.1475377722402,58.2301099905238,13.992797582822,10.6327666782597,-73.5375175206028,2.92670667753503,-3.17048251530204,0.283017812828031,-0.95775464059538,-0.0510584570864823,-0.956737383229143,-0.285661821044094,0.0552349846530749,0.0674870147057233,-0.0332170500765355,0.997167052419163,211.921606844281,12.2373990121142,7.0659829521444,0.435859336305102,1518.59531954685,373.680423263785,528.449628150501,4.36988412131885,120.456439393939,0,800,0.608290945619675,25,0,49,3.0026,3.605551,2.236068
665,358.806015037594,424.184962406015,3.03759398496241,10.8294817643945,15.9660195170069,12.3030335121746,6.38530113088611,3.60642021114406,-5.91699590075182,-10.8895841923672,-0.992702518348394,-0.0625672258248784,-0.10308759536111,-0.0423332483483437,0.981273440566637,-0.187910433246245,-0.112914153891506,0.18217512753143,0.976761289548205,15.9321112010904,9.46028960010577,2.54825440825597,0.699263932702418,510.064075233339,358.40215649764,423.886589009657,3.1960767332092,34.7263157894737,0,297,0.722338037506381,26,3,21,2.564561,3.605551,2
741,371.592442645074,450.74358974359,9.06207827260459,11.2272448794261,17.1203052641928,8.69223953336015,7.97707026534572,-54.8187862712782,-73.9347729617209,-18.6517085249473,0.159442828624983,-0.226182026382609,0.960947280209232,0.951477272420772,0.294717258693717,-0.0885027541649959,-0.263190015894968,0.928430626578808,0.262197610903855,18.3190532711968,4.72218925658182,3.97710312614143,0.778361344537815,475.310030828733,371.410821900244,451.041415566098,9.3745351968201,10.5249662618084,0,174,0.833142489209591,27,0,14,2.795914,3.605551,2
567,383.093474426808,351.338624338624,4.89241622574956,10.2689998030335,12.4038028544936,9.47710704847301,7.49775441337635,50.7929481014062,2.8823994731846,34.7966004115916,-0.631324945605967,-0.773886372009753,0.0502861439484574,-0.618167622823516,0.541326072085706,0.56994286886756,0.468292219824701,-0.328733884620742,0.820144151935384,9.61589532832149,5.61347237551355,3.51352007770653,0.863013698630137,369.387331255315,383.057773573005,351.306906338694,5.26988331756544,27.962962962963,0,316,0.896858992935086,28,0,2,3,3,3
1083,386.277008310249,497.131117266851,6.57802400738689,12.741188612288,16.8513097726435,12.3705255152243,9.21998099257771,-32.5681854529056,3.84458342831714,132.168867414225,-0.840854898991726,0.53709151594086,0.067050297135528,-0.319491349287158,-0.592505476697957,0.73950154686356,-0.436907675112586,-0.600391508590249,-0.669807225879536,17.7479150658494,9.56436884517598,5.31300309396839,0.699612403100775,652.114242631536,386.114399869537,497.275603392042,6.85640900195695,11.3240997229917,0,412,0.782070810074762,29,0,13,2.984674,3.741657,2.236068
652,394.539877300614,586.814417177914,5.34355828220859,10.7584488107169,12.6849100473656,10.1823225863129,7.77070981576861,-8.13441172911098,41.9053947987403,-31.6704852756287,-0.736760667499419,0.105308069249653,0.667902634653226,0.226718479238132,-0.892137321441296,0.390755333762058,0.6370105572106,0.439319030139213,0.633416403134448,10.0566839318598,6.47998082823368,3.77399569005516,0.821158690176322,412.038328579656,394.579624388989,586.495240545408,5.58965783380499,11.9233128834356,0,156,0.882493614257831,30,0,9,2.35853,3.162278,1
2828,430.957920792079,417.607496463932,4.32920792079208,17.5452782851455,78.5683850729096,10.2141025204126,8.70827979522269,89.8067088131972,-0.686174279660756,-22.3789629978095,0.0033733193028074,0.999922598498254,0.0119757141491495,0.924665243241639,-0.00767898281207607,0.380703587012067,-0.380766081285825,-0.00978929187799984,0.924619576424144,385.811945810313,6.52049314359368,4.73963356199273,0.557680930782883,1745.21116486589,431.059639973082,417.556955605257,3.95551866439712,142.925035360679,0,798,0.554143714962533,31,0,68,2.670482,3,2
2902,409.311509303928,645.990006891799,5.21640248104755,17.6969977333427,76.1617806445073,9.48688992926365,7.27821872080669,54.8019632678632,4.6556399733793,74.9527729827626,-0.574502485620271,-0.814468437084335,0.0811668590591657,-0.166967539269643,0.213695775152466,0.962525821218437,0.801291916124436,-0.53942124603633,0.258758544744406,362.538551933878,5.62506753312273,3.31077923424381,0.648781578359043,1818.48720941829,411.633883361582,647.882554401113,4.84411221488345,226.686767746382,0,1179,0.541051757991077,32,4,78,2.640748,3.605551,1
3817,377.464762902803,663.054493057375,5.59785171600734,19.38985281986,94.5446678218528,12.6251451916859,8.8586583230692,-66.2441811361977,1.93411686229853,42.1953454077674,-0.402610146115088,0.914749139228332,0.0337502966833397,0.687218456384651,0.277699413690005,0.67127775833892,-0.604678314022824,-0.29345706315789,0.74043709296149,558.66838834653,9.96214319444687,4.90473920530521,0.434688532057852,2234.32240952832,382.209247879256,661.394813832514,5.9200457301443,153.306785433587,0,1257,0.528631522132888,33,0,70,2.665852,3.162278,2.236068
466,409.869098712446,307.650214592275,3.15236051502146,9.61898169183121,21.1047354548636,7.63179187761638,5.46155213703855,-35.9961209716585,2.34884678638639,34.2667812422422,-0.808377031825017,0.587236678546305,0.0409836282883662,0.504384646601961,0.655062356178484,0.562573939842674,-0.3035172197586,-0.47544336454282,0.825730527728152,27.838116163736,3.64026545395321,1.8642844840994,0.708206686930091,379.186041447347,410.071016422548,307.7017310253,3.41411451398136,4.83476394849785,0,119,0.766576898382123,38,0,12,2.368478,2.828427,2
640,406.5765625,460.475,7.3859375,10.6920369405758,15.8367627696446,9.44686664076039,7.97130494490621,54.0238806318113,43.5919990277045,-34.1690512677017,-0.42546988389037,-0.586122630889399,0.689518411256441,-0.89706478340151,0.172651375968668,-0.406775462333863,0.119374001705221,-0.791613392973752,-0.599247931812423,15.6751909388751,5.57770558301947,3.97135640779288,0.698689956331878,457.814333807814,406.233131689158,460.643089809214,7.71769815418024,10.0734375,0,203,0.784479118395882,39,0,12,2.642019,3.162278,2.236068
1419,414.658210007047,360.801973220578,6.11980267794221,13.9420913638337,15.5279691212571,12.429229485103,10.5674801082619,-37.4201942572749,-1.4602559871386,89.7711257213291,-0.793942575180183,0.607458457620287,-0.0254835158846084,0.0178115182116097,-0.0186575952468091,-0.999667266623552,0.607731797041471,0.794132304093712,-0.0039933018362211,15.0698640644196,9.65535909958468,6.97947723990695,0.919041450777202,645.521457780696,414.602051076607,360.807511755711,6.3084071928492,355.336856941508,0,1159,0.946008499182789,40,0,1,4.89898,4.89898,4.89898
4007,434.689293735962,498.960069877714,5.2355877214874,19.7063824335465,88.0452283740768,17.3339347903842,10.1485480511162,-87.8311743419401,-2.95132764793418,17.1774418543826,0.0377939144053064,-0.997958238689108,0.051487608863286,-0.954134865286069,-0.0513511039045846,-0.294940202368743,-0.296981950427057,0.0379791779836652,0.954127508858342,484.497639965209,18.7790809573307,6.43706422161345,0.423304458060427,2226.16787640491,428.227673431857,499.731617670087,5.44752478224322,199.214624407287,0,1020,0.548031818932703,41,2,65,2.701317,4.123106,2
1266,417.112954186414,669.958925750395,6.79699842022117,13.4218287850252,19.4995494539227,11.3470954984069,8.41445025901303,-59.6962541312456,18.2357929715719,-90.1603860607614,-0.479242217172438,0.820001689067139,0.312928310011548,-0.16031479882635,0.268757066934133,-0.949773027754647,0.86291718174858,0.505338370698288,-0.00265867318179057,23.7645268066235,8.04728601562287,4.42518582258778,0.853099730458221,648.918100433993,416.925739228186,670.047284990608,7.0147774489157,222.041074249605,0,877,0.872134312625842,42,0,10,3.885192,4.472136,3
1268,418.202681388013,380.86119873817,6.11277602523659,13.4288929067425,20.4648921813183,13.0105005422386,8.36292228795065,-37.3569819423211,6.17209314498439,100.092623145194,0.790262911473383,-0.603261990005656,-0.107515125280251,-0.0221938173297599,-0.20352150313228,0.978818896545786,-0.612365875291843,-0.771138099938781,-0.174224182020928,26.1757382495613,10.5795702724744,4.37115432464385,0.720454545454545,760.388424961141,417.68096255947,381.470178583741,5.95562986968213,22.8753943217666,0,316,0.745066087291853,43,0,9,2.229388,3,1
703,425.689900426743,634.557610241821,7.90042674253201,11.0319487149853,16.6703383956135,9.94834338422644,7.34112010671794,8.67351278851041,-48.3668949526824,38.1461795898042,0.656760379150622,0.100187759863461,0.747414354392176,0.574973530337977,-0.707824114953437,-0.410354068702952,0.487925449006931,0.6992477637175,-0.52247614409412,17.3687613890167,6.18559600565513,3.36825277632865,0.738445378151261,460.13497179363,426.140956787573,635.078162439065,8.67404775675452,17.2162162162162,0,225,0.830938915475202,44,0,11,2.832008,3.605551,2
703,422.658605974395,799.990042674253,7.48079658605974,11.0319487149853,13.5257357131873,9.95330427435465,8.15951282377307,79.3184534675559,51.5202828137754,8.30098865910503,-0.115331812533856,-0.611455759011357,0.78282847916354,0.951429195102356,-0.294469445002564,-0.0898344737100729,0.285448874099267,0.73444509715276,0.61571855546486,11.434095411437,6.19176662361791,4.16110309508233,0.829988193624557,422.259101309915,422.052623755017,799.871116396611,7.9105098855359,9.56899004267425,0,195,0.905472619176994,45,0,6,3.226457,3.741657,2.828427
1156,443.415224913495,508.393598615917,4.27076124567474,13.0212617957882,34.7587219948853,8.70785273307836,6.56211719390988,56.0159166735598,1.7331981454638,88.0515907352007,-0.558706853033233,-0.828813530350777,0.0302454009922642,-0.01129595587044,0.0440692772845994,0.99896461407829,0.829288281452641,-0.557786725108347,0.0339840482907934,75.5105471698579,4.73916870131126,2.69133637916298,0.716676999380037,756.37154923065,442.96866874456,508.019436722545,4.00365035239941,154.035467128028,0,811,0.704240227751837,46,0,19,2.658926,2.828427,2
1029,432.862973760933,407.01749271137,7.55004859086492,12.5258032051551,16.2987873281196,11.2089177587648,9.87575224084364,-86.035397813182,-27.1710123073429,-130.579786700436,0.0615103691894509,-0.887518553669448,0.456647885547133,0.624970126961501,0.390970597874741,0.675688043407009,0.778221571846927,-0.24382946600023,-0.578721328984979,16.6031542729545,7.85248983267209,6.09565514515801,0.725158562367865,618.164588992573,433.007133923194,407.245379163385,7.32037800528096,20.9786200194363,0,279,0.797364539450394,47,0,9,2.655442,3,2
694,447.78818443804,441.374639769452,4.57636887608069,10.9846683545856,17.6087321242175,11.1379402729754,7.18532587776357,12.8630367092896,-13.9189305393711,132.879859825167,-0.946278936679983,-0.21608440663643,-0.240548754318917,0.0203607644209889,0.702628518016558,-0.711265495396795,-0.322709797291613,0.677953313199691,0.660482923211167,19.379215438903,7.75335709527295,3.22680674810367,0.673132880698351,512.582307697936,447.701364079247,441.244559922053,4.92562520298798,8.87319884726225,0,484,0.739537429581461,48,4,17,2.341802,2.828427,1.732051
2664,461.240990990991,694.408408408408,5.23160660660661,17.1993433370648,64.9666709360362,10.0076836148934,6.5412346634811,55.3616071484855,4.10126313299346,-80.2822615402938,-0.566939643402988,-0.820648774651962,0.0715194337248726,0.178944673613429,-0.0379433067289839,0.983127209093439,0.804088455658627,-0.570171811068123,-0.168362291917816,263.791770781951,6.25960820848786,2.67423443267042,0.751269035532995,1552.61736866652,463.896168409014,696.254276292048,4.81865940118032,270.451951951952,0,1181,0.598562031230181,49,0,49,2.666423,3.162278,2
1117,451.794986571173,317.109221128021,5.62667860340197,12.8731506081813,16.496721851314,14.2648284357705,9.09481000900689,-80.2023432064825,-34.664043466354,-22.2512311069209,-0.139964359611132,0.81050484079299,-0.568763466732679,0.948683166228454,-0.0547344665208619,-0.311455274942378,0.283566972959478,0.583168964559849,0.761251424051733,17.0088644899763,12.717833143873,5.16972306874575,0.716484926234766,700.402968582801,451.781656339995,317.166157605376,5.72938301771533,10.2587287376902,0,322,0.743312771925545,50,1,25,2.717761,3.741657,2
551,450.05444646098,297.943738656987,6.99092558983666,10.1714841226466,18.6860666934682,7.93957827857315,6.32795954664134,-74.582537690005,-54.2209487380017,85.9194187693643,0.155432114323491,-0.563621725378487,0.81127763960207,-0.146532681657992,0.799018450905314,0.583178950510896,0.976918129140332,0.20952342540692,-0.0416041243472795,21.8230680295463,3.93980645259941,2.50269200149558,0.744594594594595,417.902383360831,450.134516129032,297.869032258065,7.23354838709677,5.62613430127042,0,371,0.777756547219865,51,0,12,2.446032,3,1.732051
1259,469.689436060365,518.956314535346,8.131850675139,13.3970456103359,25.8348453758823,17.4653126793089,7.88261314092022,-65.9940217314642,-50.2775601364871,-109.240549971502,0.259993736338788,-0.583791551904475,0.769149322946827,0.00559496934351721,0.797439577858628,0.603372866462106,0.965594093489931,0.152569799074453,-0.2105955911878,41.7149522247342,19.0648216866268,3.88347437058802,0.464404278863888,865.213758027904,470.406690319311,518.693005575266,6.50162189559047,15.671167593328,0,228,0.65169520845733,52,0,30,2.302492,3.605551,2
2483,491.987112364076,523.43576318969,4.81514297221104,16.8006479865877,66.9203892819543,13.6787116220257,8.99210559185737,-55.8390887590684,3.50249206257376,5.97375542718509,-0.560470152307863,0.825918265716896,0.061091953047798,0.826540596750775,0.553208727565494,0.103878513987444,-0.051998560507695,-0.108715785884855,0.992711956009681,279.896156353019,11.6941969774088,5.05362268594453,0.444982078853047,1520.80686363237,488.742809787697,525.194746830638,4.28853715934108,159.158276278695,0,844,0.583079635505521,53,0,54,2.799824,3.316625,2.236068
718,505.92061281337,484.720055710306,6.32033426183844,11.1098605387943,16.4226297043668,10.8952238909561,6.87523541022839,88.017081184001,47.647963174283,-102.622118407818,-0.0233105124905277,-0.67328056836051,0.73901955067209,-0.193435882859373,0.728288569812187,0.657402706340135,0.980835959388645,0.127628505237145,0.147213400956191,16.856422900422,7.41911897712878,2.95430387162865,0.741735537190083,476.98046372255,505.563890577508,484.808571428571,6.60145896656535,22.9108635097493,0,247,0.812954980077684,54,0,5,2.294427,3,2
646,512.261609907121,745.659442724458,5.1702786377709,10.7253456820413,14.1191092639201,8.83774247962955,8.25055251927262,15.9768183300691,-31.0565371471038,76.0801553249854,0.823568629794307,0.235793935562815,0.51588364189081,0.547606949983588,-0.0934458166579365,-0.83150135759288,0.147855809315693,-0.967299901427127,0.206081441063167,12.4593279004071,4.88160575851554,4.25447605457973,0.808510638297872,413.456588773079,512.248028939802,745.651145533809,4.99026064372507,16.6888544891641,0,444,0.874062630019389,55,0,11,2.833971,3.605551,2
966,514.745341614907,418.628364389234,10.0144927536232,12.2647726272408,22.257243501254,9.94007768140039,9.01988668959524,32.6466667014702,-69.0173737874834,104.454926914358,0.301512199289031,0.193171294316368,0.933689051414887,0.626633279584439,0.697922325550369,-0.346749420209485,0.718624468409713,-0.689629812689753,-0.0893845336305704,30.9615555171321,6.17532151951714,5.08489724332109,0.617252396166134,649.182620347268,514.818013343217,418.657449962936,10.230985915493,13.9648033126294,0,391,0.727950738360262,56,1,17,2.54536,3,2
488,522.282786885246,429.926229508197,5.79508196721311,9.76803183984615,15.2863141105276,8.25351667647382,6.88827419464517,-43.1180996015074,45.9571435271404,162.278348726849,-0.507455984223701,0.475169681140513,0.718820004034652,0.49135468830063,0.844861263223677,-0.211612892303575,-0.707855207200276,0.245811350488369,-0.662206754428357,14.6044624428573,4.25753359555197,2.96552008628841,0.673103448275862,375.546988389664,522.470454545455,429.97,5.78681818181818,13.5245901639344,0,219,0.798177942955828,57,0,9,2.463427,3,2
522,524.831417624521,455.272030651341,4.9367816091954,9.98981150140047,19.4128156335119,7.58586161403481,6.4649052408615,-58.8198227375736,29.5720384326818,-105.653049590106,-0.450289267206324,0.744096819694938,0.493517475636548,-0.476868732986718,0.266876837936784,-0.837480128046335,0.754874683201414,0.612451366471446,-0.234664731838476,23.5535881762952,3.59658102670542,2.61218748583241,0.676165803108808,410.920689811276,524.369485294118,455.627655228758,4.61356209150327,9.37931034482759,0,249,0.762968224769968,58,1,16,2.362163,2.828427,2
615,519.887804878049,548.549593495935,6.75284552845528,10.5509645652481,14.2644064968617,8.98770913549437,7.94736211635345,68.9840044145626,65.1229467331013,31.7048655068547,-0.150865180803366,-0.392689520655471,0.90721256472149,-0.623186849477016,0.750173950740093,0.221081872323155,-0.767383768306366,-0.53200938337437,-0.357894073912303,12.7170807942319,5.04868221901556,3.94753528802812,0.795601552393273,410.336579093491,519.995854774157,548.520154373928,6.18653516295026,11.3756097560976,0,276,0.852302903976643,59,0,5,2.667835,3.162278,2.44949
1207,541.565037282519,416.792874896437,6.68268434134217,13.2100019765397,22.0578640493754,12.9685791920286,8.1693991882022,89.3214879737992,-3.88713016180285,-97.1406167094066,-0.0118147499498003,-0.997629573792297,-0.0677911880602718,-0.125092745349443,-0.0657886699443656,0.989961441657144,-0.992074703207658,0.0201763327180828,-0.12401894554255,30.4093354012954,10.5115028912449,4.17119269351243,0.661007667031763,806.076142915627,541.564679281209,416.912531238843,6.93906937998334,13.923777961889,0,261,0.680110641474755,60,1,24,2.516685,3.605551,2
749,554.882510013351,685.558077436582,5.36315086782376,11.2675042822062,13.031489583352,10.817694907325,9.11232963404802,19.2831161147619,56.5341206501859,12.6890974044521,-0.520503559308108,-0.182105580033156,0.834214362420343,0.149206984975087,-0.981358687774291,-0.121129689030256,0.840721904307384,0.0614221755615219,0.537972114488339,10.6137325475633,7.31390769424786,5.18965945997186,0.796808510638298,469.662560753446,554.989344978166,685.64576419214,5.44052401746725,7.64352469959947,0,396,0.849218398337842,61,0,4,3.422501,3.605551,3.162278
574,562.44425087108,753.621951219512,5.07665505226481,10.3110863381136,13.1235939697829,8.74871688554479,8.07668325716246,-47.7714221521845,-40.7867953077192,-137.97054022511,0.50887000587122,-0.560643216885803,0.65324612550291,-0.256078274107912,-0.823078063485206,-0.506918552569697,0.821873003969918,0.0906735064359066,-0.562408286368613,10.7642949177326,4.78375294646354,4.07705077728302,0.815340909090909,385.706389122201,562.442846183352,753.530111238972,5.01783659378596,9.08362369337979,0,269,0.865968085012428,62,0,4,3.119725,3.316625,3
1926,575.266355140187,508.122014537902,10.5939771547248,15.4366320899257,32.5427002308343,15.9942855602754,10.2213381241293,67.1570840936712,-31.6905388717667,-59.0051263689437,0.33032363656058,0.784164189818359,0.525331151309258,0.299757055304881,-0.614914494947506,0.729401036260849,-0.895003912239685,0.0834666838323532,0.438179540560361,66.1892086446215,15.9885731614771,6.52973456548625,0.469183922046285,1239.61228372646,574.835640272193,508.204608722549,10.3600757810084,13.4288681204569,0,280,0.603905671885669,63,4,43,2.378968,3.605551,1.414214
1566,566.015964240102,328.442528735632,4.52554278416347,14.4078013453468,39.7779880064855,9.42643674490364,7.01138512041715,-62.9280050363242,-1.92579655173368,-97.5521925278943,0.454852682657436,-0.889932430103468,0.0336051622443764,0.101867905746243,0.0894784002234143,0.990765636097828,0.884721406352423,0.4472291199638,-0.131355043291821,98.8930206152565,5.55360685660433,3.07247008167543,0.74218009478673,948.34345023226,566.670452917815,328.266993641355,4.54798932268495,147.123243933589,0,749,0.687669317257282,64,0,22,2.914999,3.162278,2.236068
521,599.351247600768,309.57197696737,4.99040307101727,9.98342823352735,13.7162127606667,9.98797127702459,6.92360096384031,-63.5166674461538,-3.3361777514357,-119.816830470756,-0.44518171283092,0.89354723188751,-0.058194389309423,0.422536056579975,0.266925274862661,0.866149050989111,0.789478640275196,0.361004490312325,-0.496386174790924,11.7584057809923,6.23497313941677,2.99601564415565,0.746418338108882,373.766734773475,599.31660899654,309.493425605536,4.60034602076125,5.54702495201535,0,144,0.837738793174283,65,3,10,2.810634,3,2
2290,617.84672489083,200.140611353712,4.39868995633188,16.3535591713747,60.6409069202094,8.71387151856311,7.48441126144288,-82.9455932233322,-3.70352752048156,130.975447705052,0.122555312885298,-0.990357432030213,0.0645937466486392,-0.65676087565856,-0.0321335544899986,0.753413954529673,0.744073482586087,0.134757528540561,0.654366152099764,229.832474506594,4.74572230262657,3.50102574565081,0.662615740740741,1408.26031761586,617.84391769895,200.26278095468,4.51877725304404,86.8257641921397,0,828,0.596611340520956,66,0,57,2.847147,3.605551,2
443,632.033860045147,749.89841986456,5.5823927765237,9.45805208458879,12.0525977051532,8.57457823408523,6.48862723308502,-0.601338996822611,-79.890014235982,8.92601961070848,0.175528639150031,-0.00184230134319661,0.984472601327177,0.142373350284473,-0.98943822959061,-0.0272363535256355,0.974125005308309,0.144943422583984,-0.173412451348592,9.07906946514152,4.59521199327801,2.63139271062079,0.878968253968254,309.020912074744,631.994770580297,749.830634278003,5.47165991902834,13.3814898419865,0,244,0.909421893612084,67,0,7,3.023182,3.162278,3
443,653.503386004515,288.733634311512,5.60722347629797,9.45805208458879,10.9124387964935,9.96823640945095,6.59288280944154,85.4156584487031,51.4394556708868,58.4775025657319,-0.0498214922931007,-0.621347050317265,0.781949910139852,0.467884719110903,-0.706217174391943,-0.531357875839224,0.882384104870549,0.339389371748578,0.325903583619305,7.44258253045101,6.21035856966897,2.71663148368936,0.818853974121996,317.926451557843,653.571022727273,288.576704545455,5.79261363636364,3.17832957110609,0,101,0.883947786186696,68,0,5,2.627009,3,2.236068
796,658.83040201005,521.288944723618,5.72738693467337,11.4984194838958,17.907988988584,12.1346335710744,8.22327402324571,-57.816102594788,27.3835405398014,129.036062286304,-0.47295499664152,0.75150809996825,0.459944721498062,-0.342743279877477,-0.637826793385021,0.689713002443054,-0.811689974836852,-0.168560248345489,-0.559237719960893,20.043504350953,9.20308324401535,4.22638972883673,0.64297253634895,552.924245731987,659.488706034205,520.787350758309,6,7.78643216080402,0,256,0.751208572823912,69,0,18,2.580874,3.316625,2
855,674.174269005848,623.382456140351,7.11695906432749,11.7757659203954,18.8671751778235,8.72810089584223,8.42164502174117,6.52617421670064,-29.4047840879221,73.38255984872,0.865527651628251,0.0990149688866476,0.49097649658946,0.499926169265969,-0.230654534338636,-0.834788782310879,-0.0305893698846226,-0.967984773498738,0.249138051539019,22.2481436994175,4.76123407800012,4.43275655451361,0.775862068965517,527.387982626335,674.374985670068,622.968474148802,7.28396193969964,10.2023391812866,0,227,0.826034091319263,70,0,11,3.008498,3.605551,2.236068
955,683.614659685864,507.558115183246,5.80523560209424,12.2180411387947,11.7445509824658,11.1797695693934,10.4203608251285,-30.8543104021969,-44.7859942191283,91.4747435705848,0.609295983833121,-0.363996531357701,0.704460736481737,-0.617760045412983,0.339073897210745,0.709507870655193,0.497122651240293,0.86748799264882,0.0182661499485505,8.6209048612336,7.81170297654589,6.78649498286704,0.914750957854406,484.910612177081,683.641569448448,507.309753174447,5.89520154133228,207.069109947644,0,865,0.967144463947316,71,0,1,5,5,5
2297,684.036134087941,429.877231171093,3.68001741401828,16.3702052369892,94.7383445898049,12.2090238084094,8.67654309606545,14.0004330813665,1.67364369586454,8.54396842944443,0.969879971191857,0.241826022986506,-0.0292064391429904,0.235034081377474,-0.960575483492933,-0.148504953127379,0.0639673516094765,-0.137167471066751,0.988480279423531,560.959620976038,9.31626639714414,4.70515000611757,0.298040742182432,1887.91677324984,684.256395586432,430.408142137116,3.86141825753595,223.713539399216,0,1369,0.445938815861029,72,3,96,2.462793,3.162278,1
671,705.606557377049,424.469448584203,12.2116244411326,10.8619541679325,196.571657317104,23.647599172575,7.33228967760086,2.52923919751762,8.11106730816882,12.4985003836434,-0.989031999433621,-0.0436877661901207,0.141092463234757,0.012578780255915,-0.976698048338366,-0.214249146227704,0.147164800083469,-0.210124490379737,0.966535162401787,2415.02602877456,34.9505591641726,3.36015449476502,0.0366867140513942,302.186998854133,704.084001493535,425.218321345753,11.882757536454,151.672131147541,0,791,1.22656347806353,73,3,76,1.826334,3.162278,1
5713,696.420094521267,428.233677577455,9.94486259408367,22.1796761472785,133.540754963591,27.117116783889,9.40325947460176,-1.85818121155096,5.8640318118275,13.9620879302853,-0.994244051077078,0.0322560165646112,0.102168078641143,0.0561058288700952,0.96914594722291,0.240017226357211,0.0912737797214448,-0.244367924197904,0.965377343197244,1114.57082726537,45.958626416942,5.52633054666795,0.24316846854516,3482.18075801949,694.575388017329,429.838008624095,9.21004660225378,209.135655522493,0,1187,0.443822139350688,74,0,129,2.776852,3.605551,1.414214
474,706.523206751055,475.14135021097,6.13291139240506,9.67371391783797,47.5958370532422,23.068987027401,7.67641579961031,89.2138636805187,-4.80327010262929,22.0026711805188,-0.013672052298348,-0.996394285481561,-0.0837347170870019,-0.927509538029526,-0.0186473014711211,0.373334079628556,0.373549370030531,-0.0827689918238354,0.923910256541326,141.585231549924,33.2611351543998,3.68295997053168,0.104681978798587,776.636757813351,700.892357625644,475.880746837984,5.52121394632939,63.0506329113924,0,591,0.378545781374396,76,13,89,1.151189,2,1
388,699.530927835052,366.512886597938,18.9407216494845,9.04921766091416,21.8500188839196,17.1078111922808,5.13433239713002,48.458001187313,-14.1713199253817,17.2036275058934,-0.642987326074845,-0.725692389220056,-0.244822087923472,-0.763003499037303,0.579301253350922,0.286767707949979,0.0662794007513229,-0.371188111466596,0.926189196083558,29.8389578267278,18.2923252369206,1.64758557276368,0.293272864701436,422.413737957893,699.374087187431,366.068673010253,18.8204986353913,69.8814432989691,0,739,0.609023298969957,79,0,31,1.327667,2.44949,1
712,737.280898876405,377.213483146067,4.28792134831461,11.0788272471462,16.1997024723213,8.66352294952624,8.51855324948946,18.7882229724046,-6.72879017356269,-13.7085848966604,0.940194409359991,0.319852648356547,0.117169774035456,0.286608707901059,-0.928690040764053,0.235351347438138,0.184092153997673,-0.187694143555318,-0.964821738618867,16.4018975119832,4.69103936856049,4.53535934152422,0.79023307436182,458.387913712238,737.198028516106,376.707797922901,4.59514170040486,7.97893258426966,0,234,0.841209745687456,80,0,4,3.038246,3.162278,2.828427
1059,791.408876298395,16.2908404154863,4.09065155807365,12.6463669503889,36.5544370125248,8.26585143703434,6.30445071219194,8.07340967099099,-5.91440194342812,13.7504638111963,-0.984818646488257,-0.139694179065775,-0.103042563361832,-0.160666544103132,0.958273356845847,0.236428499054889,-0.0657152580075178,-0.249394686981359,0.966169651236508,83.5141790814151,4.27026874869516,2.48413117390359,0.672808132147395,721.695537134089,791.910908184905,16.4943738194292,4.28879515140278,81.4853635505194,0,1627,0.69618940800511,81,0,27,2.769158,3.162278,2
3601,898.338517078589,773.444598722577,4.43432379894474,19.0169778079163,89.1087544675687,10.1415274728804,7.62088462005145,6.32567800498893,0.365378819643212,-40.0822183647284,-0.99389146687544,-0.110177518966386,0.00637702019730549,0.0883819532178686,-0.760010554414072,0.643873114460147,0.0660937396247148,-0.640503607713201,-0.765105709094367,496.27313267259,6.42816121769924,3.62986764950852,0.571950444726811,2070.76848803076,898.896994376576,775.455955012604,4.22519914679077,179.012774229381,0,1001,0.548657505470087,82,0,72,2.904331,3.605551,2
1800,1004.09555555556,1018.47111111111,4.61,15.0923879748131,47.0036955026622,11.0737180245321,6.79943610107593,-72.2049233523376,-0.764719949668466,-111.723306257347,0.305586268113594,-0.952070850350011,0.0133464847137422,0.348627105931489,0.124920532112726,0.928899349588806,-0.886045243624862,-0.279205939353877,0.370091704418348,138.084211931687,7.66420193042795,2.88952070578842,0.637393767705382,1172.2028406939,1004.92613509869,1018.45171080477,4.90775140040074,217.100555555556,0,1210,0.610468170599053,83,0,47,2.315505,3.464102,1
1539,39.6731643924626,452.513320337882,5.39636127355426,14.3245173960868,54.3225062126242,7.93931192115475,6.21558818137077,18.4755159934948,4.69060423966947,-77.5677137908049,-0.945282591625022,-0.315838027428677,0.0817750720002351,0.143965502950838,-0.178882841021527,0.973280464793258,0.292770824931027,-0.931797869507132,-0.214564616027846,184.433417576287,3.93954211133685,2.41459602752474,0.631255127153404,1064.69741944014,39.818000142745,452.783170366141,5.53793448005139,9.10396361273554,0,196,0.605457508758068,84,0,41,2.56579,3.605551,2
1266,443.676935229068,530.864139020537,7.0695102685624,13.4218287850252,21.0078287027901,12.0436374638735,8.93629672946026,55.0186181281889,8.59171913856181,-85.3713685037672,-0.566876527356094,-0.810143753922654,0.149392438606529,0.15148705078723,0.0757393377890319,0.985553258913523,0.809754701237654,-0.581318028871795,-0.0797914352053416,27.5830541753606,9.06557521007613,4.99108745231014,0.696369636963696,761.504184787073,443.555081865925,530.839172072907,7.02465245597776,12.7843601895735,0,270,0.743191899373098,85,4,23,2.492779,3.741657,1
804,449.796019900498,393.71144278607,9.75124378109453,11.5368118204592,19.3883022283929,10.2252767823795,7.57004791790118,-52.1931734215359,-58.8433693792984,-32.0979249245232,0.317154191393845,-0.408772143681896,0.855756129648525,-0.948055693143375,-0.160031411354694,0.274918806337908,0.0245687113978695,-0.898496122378685,-0.438293390881857,23.4941414562192,6.5347678297668,3.5816015924575,0.699738903394256,545.273870380587,449.584651711924,393.629043683589,10.3087367178276,10.5348258706468,0,293,0.766843611042604,86,0,9,2.674424,3,2.236068
