Volume,Centroid_1,Centroid_2,Centroid_3,EquivDiameter,PrincipalAxisLength_1,PrincipalAxisLength_2,PrincipalAxisLength_3,Orientation_1,Orientation_2,Orientation_3,EigenVectors_1,EigenVectors_2,EigenVectors_3,EigenVectors_4,EigenVectors_5,EigenVectors_6,EigenVectors_7,EigenVectors_8,EigenVectors_9,EigenValues_1,EigenValues_2,EigenValues_3,Solidity,SurfaceArea,WeightedCentroid_1,WeightedCentroid_2,WeightedCentroid_3,MeanIntensity,MinIntensity,MaxIntensity,sphericity,id,nb_branch_pt,SkeletonSize,MeanWidth,MaxWidth,MinWidth,channel_2_MaxIntensity,channel_2_MeanIntensity,channel_2_MinIntensity,channel_2_WeightedCentroid_1,channel_2_WeightedCentroid_2,channel_2_WeightedCentroid_3,channel_2_Ratio_MaxIntensity,channel_2_Ratio_MeanIntensity,channel_2_Ratio_MinIntensity,channel_2_Ratio_WeightedCentroid_1,channel_2_Ratio_WeightedCentroid_2,channel_2_Ratio_WeightedCentroid_3
1329,57.3702031602709,609.029345372461,14.5989465763732,13.6408715549433,40.1058544989313,7.58477178218674,6.87183527808754,88.2414610062457,-45.6438650569671,78.37609250109,0.0214541104877041,0.698786878820242,0.715008125220858,0.222883548000396,0.693831251679811,-0.684778152559777,0.974608970394761,-0.17405485394292,0.140862566514218,100.52997281809,3.595547686741,2.95138250557303,0.796285200718993,811.5445195867,57.0878549934612,608.934589603959,14.3238189582319,403.334085778781,0,1816,0.720313845275627,1,0,22,3.0205,3.316625,2.828427,1335,233.150489089541,0,54.1800637068067,608.721994339324,11.3888180676893,382,5.4473623679144,0.0016750418760469,53.7447182631606,609.009521086519,9.91749537509202
814,68.4176904176904,633.207616707617,3.89312039312039,11.5844457703613,29.8891898635256,7.19555467181054,6.01246600801737,70.088652055957,-10.1205586825356,-58.6437045735427,0.33526663799306,0.925591039956897,0.175719970977519,-0.438147896838456,0.318301748719548,-0.840660702815419,0.834039988216913,-0.204854151809494,-0.512261724650149,55.8352294186174,3.23600043968841,2.25935921859777,0.804347826086957,580.425475354821,68.5070579163115,633.181253297618,3.71737489346159,302.690417690418,0,1170,0.726363359611097,2,0,23,2.607056,3.162278,2,1505,439.949631449631,0,67.2975658929015,632.588684208322,3.32331710967583,437,9.36183832513461,0.00564971751412429,67.1296672452728,632.169259815881,3.56198154948516
862,95.2470997679814,388.952436194896,3.81322505800464,11.807815208088,30.4755327496908,7.34788123169515,6.07794687080286,-60.290079406128,-8.51366917663825,-126.437946439609,0.490147733598942,-0.858974837267956,0.148045358550371,0.45684599798145,0.397813945113955,0.795635468792841,0.742325355471678,0.322344992226277,-0.587406820364292,58.0473810235924,3.37445991219361,2.30883988526889,0.805607476635514,599.707492945965,95.1574964527826,388.964899075943,3.72155996195959,456.22505800464,0,1668,0.730381044168998,3,0,21,2.582917,3.316625,2,886,204.034802784223,0,96.551171835022,388.1603668452,3.40894824821751,316,3.53572775650893,0.00185528756957328,98.2684693410621,387.566970288128,3.27063890127946
633,114.210110584518,70.0331753554502,6.11532385466035,10.652912566343,18.1328107304555,9.42980527146439,5.98711706664854,39.2076946781418,-39.4891992123605,-17.5799041317604,0.597993617613918,0.487845436645239,0.635932750562066,0.453780017073511,-0.860087645696913,0.233094268106931,0.660671877256618,0.149184689777327,-0.735701433285446,20.5499265616576,5.5575767161086,2.24034817310964,0.790262172284644,429.541395436871,113.990470357737,69.4701932864365,5.53164402632347,557.170616113744,0,1958,0.830006654204086,4,0,10,2.841075,3.162278,2.44949,1079,187.127962085308,0,113.751249451255,69.0435112957147,4.9390723668659,145,2.69362435079035,0.000930232558139535,113.0405248166,70.0340229815984,6.13088929099735
615,117.889430894309,83.930081300813,2.58048780487805,10.5509645652481,31.7976525086815,5.76113483199603,5.30666124470114,-12.565856489337,0.0947686566265149,22.5725169083772,-0.976045248711588,0.217561340019418,0.0016540243316447,0.201514901067412,0.90113786440131,0.383851916746599,-0.082020833422526,-0.374990150098908,0.923393182893112,63.1931690664285,2.07441715952738,1.76004084787581,0.834464043419267,511.943146936559,118.167480586471,82.6132096100474,2.3666563875417,290.008130081301,0,1047,0.683144329720978,5,0,29,2.458615,3,2,1141,320.50406504065,0,118.122053675613,82.5374359494698,2.21603165745015,304,7.12629568537298,0.00290697674418605,117.553024886368,85.3425692609427,2.95349925801956
2281,197.506356861026,405.056992547128,11.8890837352039,16.3321071670761,81.2089504189763,12.7181274592384,6.97402736078869,-11.9978864000827,-16.2352105718265,-11.5806235495506,0.939148445820118,-0.19958595506845,0.27958119259541,0.258542872496528,0.946576138373679,-0.19274127047111,-0.226176435100788,0.25329638923796,0.94057703533741,412.180851759484,10.1094228793396,3.03981610181429,0.444552718768271,1517.35066538088,198.071857410164,401.925418138266,10.9917673348971,229.142481367821,0,1007,0.552266061429562,6,0,70,2.81293,3.162278,2,965,143.618588338448,0,199.403529979182,397.38882580267,9.52478067363871,458,6.89987772992768,0.00173010380622837,197.094706764736,405.42518644944,12.0740751664391
2312,208.56098615917,430.651384083045,7.17776816608997,16.4057618327055,85.7252479561794,15.145686693133,6.23474704427791,-28.8363157100899,-10.3126824121346,35.8527835421154,0.861849738001559,-0.474517513923395,0.179019993538722,-0.299072100463854,-0.760591939449794,-0.576242813723642,0.409598471470271,0.443094832540351,-0.797430913336858,459.301133571777,14.3369890879092,2.42950441913334,0.352707856598017,1598.83075216568,208.178896669275,429.827055422791,6.52469846422047,222.799740484429,0,1187,0.52885934732467,7,1,68,2.601997,3.162278,2,1377,319.006920415225,0,211.291753441151,424.369789463408,5.45666699207098,842,16.2961224582219,0.00324675324675325,211.535643004739,426.655765683581,6.84918332478794
2062,240.193016488846,463.349175557711,7.91707080504365,15.7917410127035,61.579790347057,9.04946983324322,7.51954360930916,17.3775005258992,-8.79829513079282,-47.0007414632643,0.943127694597084,0.295151625318712,0.152956430906684,0.0969261774581153,-0.684272099698412,0.722756535562069,-0.317986584319758,0.666826222974209,0.673963886678363,237.004411199219,5.11830651642369,3.53397100576887,0.598896311356375,1258.14160364425,240.196348741954,463.470267212795,7.98560366686171,248.642095053346,0,1111,0.622702163771581,11,0,42,2.959539,3.162278,2.44949,1987,429.582929194956,4,239.191590652518,460.036634680515,7.28682659742606,918,18.2695620349178,0.0505050505050505,238.307339459154,456.705329155492,6.24815893999458
3156,270.220532319392,706.958174904943,7.48162230671736,18.1989412949107,82.4550299561872,21.6773897156778,12.3515720929279,58.6996623927936,-6.0252641408904,69.0487250088135,0.516654143379023,0.849735505459262,0.104966980004092,0.356458506101923,-0.102008473783159,-0.928725796295126,0.77846376252005,-0.517246403601149,0.355598549497611,424.926997817233,29.3693265553358,9.53508332292478,0.271670827235947,2050.91751219055,275.313752451823,709.82554142317,7.5003878797683,344.729404309252,0,1826,0.507333952135527,12,1,76,2.746205,3.605551,2,1003,133.596007604563,0,272.142805641927,708.626669417901,5.42142736861079,314,2.46533211459279,0.00108108108108108,258.782605412462,700.458322015517,6.27984828350395
842,281.616389548694,439.964370546318,2.62945368171021,11.7157786115746,50.8220610505289,5.82562570317079,5.04379356209219,22.0286680724793,2.11170121735184,-43.4273247398873,-0.926366770230735,-0.374815750703279,0.0368477955516296,0.295874977540449,-0.663727508030493,0.686967097282738,0.233029192758582,-0.647285831845846,-0.725753709748641,161.43011808898,2.12111967709026,1.58999084356267,0.725862068965517,723.555384457751,280.818997091558,437.830197766585,2.34758308100702,318.100950118765,0,1289,0.595964520561484,17,0,37,2.106016,2.44949,2,826,157.88242280285,0,280.966081677787,438.511339958025,2.25061495294764,221,2.63581988722607,0.00279329608938547,283.701251680258,445.509443518541,2.49778142850861
1293,278.828306264501,580.604021655066,14.7548337200309,13.5165742421362,38.6905766702832,16.1129589877778,6.44557808240691,41.7248436492643,-58.6262841356574,-100.610817289432,0.388563081652189,0.346499421709342,0.853789717865029,0.7488825677917,0.421096046148071,-0.511715760531343,0.536836689538507,-0.838222089110967,0.0958649993051851,93.5600451924415,16.226715458863,2.59659230102528,0.449739130434783,878.569280110343,277.876619702529,579.488445701801,12.7180667208201,276.109822119103,0,1160,0.653291680111393,18,0,35,2.805154,3.605551,2,1200,270.61716937355,0,277.453807858066,579.139059409902,10.9521445637139,483,7.8677370380652,0.00411522633744856,279.388873147843,580.643390500461,14.9491015904991
2799,303.123258306538,212.948195784209,6.81636298678099,17.4850988566699,73.5606664124223,9.92092436684911,7.95927739720704,-30.4678215305529,9.16033207789859,119.898408385991,-0.850921836873564,0.500587768132804,0.159197719605332,0.133795254081197,0.499611510068095,-0.855854642443929,0.507967378398523,0.706965505101413,0.492106611497586,338.19822768998,6.15154626829627,3.95938104285568,0.629271582733813,1627.89669858099,304.380969943278,210.769975847811,7.41923505695582,298.364058592354,0,2885,0.590009785194956,19,1,53,2.984095,3.316625,2.828427,584,80.9549839228296,0,302.136522310928,214.350302083471,6.50264129959884,233,3.4463479932888,0.00098135426889107,297.596699501763,221.039472506653,4.51524244795087
1271,286.253343823761,538.684500393391,5.23210070810386,13.4394751750356,44.2417667723597,7.77782465807921,5.79963163915659,7.7174706212319,-9.09971287527404,73.4917943019829,0.978470892710348,0.132598276958127,0.158153119053501,0.188418834410092,-0.261216224797839,-0.946712430858445,0.0842202764075108,-0.956129583712428,0.280576485457605,122.333370446242,3.78090977573906,2.10223294686915,0.76797583081571,860.380441014265,286.150424506374,537.705458638154,5.0173864109026,160.782848151062,0,1025,0.659513914069701,20,0,35,2.74874,3,2,940,165.977970102282,0,285.887152892993,536.705922505902,4.74388266858806,609,12.2060292132255,0.00303030303030303,285.72959491427,537.690084324894,4.88095931118524
616,293.311688311688,732.316558441558,2.78571428571429,10.5566801484706,31.8698356684594,5.54187797314143,5.25897133075172,36.7933810215808,1.24808170915706,56.7383302341135,0.800610582173806,0.598788999381992,-0.0217814124985709,0.313906842880575,-0.450118289601611,-0.835976087791313,-0.510377497254797,0.662453967899078,-0.548333430232643,63.4804015959127,1.91952571682438,1.72854871610428,0.872521246458923,496.009795096039,292.760162533183,731.63208907896,2.54008609319841,289.251623376623,0,1200,0.705853132382444,21,0,19,2.49181,2.828427,2,756,162.810064935065,0,293.279965300974,732.233819585008,2.41177174422431,208,2.45321732753595,0.00280112044817927,294.843933127462,735.433316203126,2.55547650471877
1672,303.579545454545,652.924043062201,4.84210526315789,14.7258108221037,56.2943722885282,8.04665661567254,6.90084500386908,16.5465892965967,5.86236030110157,-57.302026716998,-0.953575182160824,-0.283305462036854,0.102139057891852,0.236242834257695,-0.49336061419583,0.837128799900114,0.186771773105152,-0.822394868381605,-0.537385322865037,198.066021959963,4.04679266815915,2.97635386046406,0.661916072842439,1125.53919734594,304.379277777554,655.407946303524,4.50198375060037,148.183612440191,0,709,0.605267956428995,22,0,51,2.570166,3.162278,2,1948,340.98504784689,0,304.755942097112,657.1211747558,3.91947759008081,800,25.6967941866293,0.05,303.459475257145,652.622809543495,4.40750790276117
444,312.93018018018,629.157657657658,3.56306306306306,9.46516340462475,16.9467668602186,7.3451658676159,5.57108867066748,21.6951053487261,-5.99085385169443,100.121369715639,0.924089588514156,0.367648469149263,0.104369706006773,0.0305043183773657,0.201267296485849,-0.979061265665029,0.380956584088094,-0.907924048859529,-0.174774147237085,17.9495566884127,3.37196635142436,1.93981431102747,0.822222222222222,343.176853758686,312.882261802463,629.042236283624,3.40356222170143,172.986486486486,0,685,0.820140231061996,23,0,9,2.654687,2.828427,2.236068,523,137.367117117117,0,312.813365906445,628.973110786837,3.1224770867833,303,8.9902985049372,0.004149377593361,312.582755204272,628.04825740861,2.97875050870534
1091,317.978918423465,318.387717690192,3.46837763519707,12.7724842580877,46.2502694405285,6.80708039599099,5.48219210957039,-22.2049804357358,-2.27781937849392,-100.440528388582,0.925106192605525,-0.37762265456881,0.0397449765293037,0.0322967750036306,0.18254731699132,0.982666472097036,0.378332460578357,0.907787204038301,-0.181071647303076,133.692963957593,2.89602146984281,1.87840189538974,0.768851303735025,798.479022055939,317.898915247418,318.491113922844,3.20411771868432,173.135655362053,0,638,0.641855274202361,24,0,34,2.489257,2.828427,2,416,62.6846929422548,0,318.247539809034,317.513576744798,3.04693737296934,214,3.53267195139328,0.00193798449612403,319.173525380792,315.456690446006,3.82272034534484
690,327.942028985507,723.005797101449,2.46231884057971,10.9635236086462,36.1319211178373,6.34522815504832,4.84667491132714,-76.7080445722953,0.152314403954146,-20.8484935332278,0.22991228404801,-0.973207724298635,-0.00265838471606431,-0.909272432988738,-0.215780256596808,0.355896787664284,0.346935129744117,0.0794078473986491,0.934521486923091,81.5947327291009,2.51637002122612,1.4681411060055,0.807962529274005,578.647079833438,328.973379668934,722.815476392615,2.20344272006581,384.091304347826,0,1331,0.652583996412733,25,0,31,2.401125,3,2,439,66.8768115942029,0,329.027305233503,723.1928269585,2.16268284754578,89,0.875910004598085,0.0010752688172043,328.409908895378,723.279268928511,3.28106587991578
1522,321.584756898817,413.166228646518,5.94086727989488,14.2715784793145,47.641452707762,13.7341897665669,6.4801145557304,0.788842466524808,-6.9643702231616,58.6400912495468,-0.992527668285536,-0.0136658835070211,-0.121252098190708,-0.110693947410685,0.518937462062651,0.847614747674092,0.05133885170431,0.854702962493957,-0.516572519797304,141.85675100662,11.7892480340045,2.62449279096179,0.471353360173428,1157.02617856408,321.737567827461,413.745538841953,5.85756576687959,191.314060446781,0,722,0.553032567863291,26,3,58,2.106893,3,1,411,65.0709592641261,0,321.65624305822,416.626618065793,6.47592843151114,308,2.84924205104811,0.00204498977505112,321.671964366248,416.094802934903,7.55329682749061
2163,358.397133610726,882.405455386038,9.25288950531669,16.045477001655,78.1412950064971,10.5464471952464,6.65029990247441,-70.7056045729375,17.7073373867806,101.951080914512,-0.31476751126361,0.89911685263972,0.304155057745481,0.097124474739177,0.349271954558458,-0.931974215397376,0.944186554797066,0.263814304119694,0.197265715932317,381.628874080775,6.95172177763253,2.76415554955321,0.528592375366569,1449.47797668352,359.71099867457,881.946328462237,9.88728329933872,192.890892279242,0,998,0.558011971548821,27,0,60,2.687712,3.162278,2,530,50.5742024965326,0,350.532735483399,884.837282433816,6.94336880210619,301,3.59771944318322,0.00127877237851662,352.338136697026,884.037914486358,7.02741858690297
1165,335.921030042918,483.151072961373,4.21201716738197,13.0549666790053,50.9404250702371,8.46369561137656,5.74245689019372,-7.82678642328515,-9.10162472016475,-113.817069081196,0.978210896340384,-0.134464160603195,0.158186067004079,-0.0883753170353677,0.419763089096611,0.903320957562133,0.187864966451542,0.897618147401972,-0.398733514812603,162.182931646027,4.47713396262711,2.06098819598333,0.580468360737419,893.971241359887,335.86556095554,482.386147753864,3.55015814240531,333.811158798283,0,1287,0.598932472634561,28,0,47,2.497957,3.162278,2,704,146.606008583691,0,335.482195133376,484.481422281552,4.13204056301084,201,3.36586123020419,0.00154798761609907,334.946005076746,490.148285363671,4.6138916244251
927,336.725997842503,757.515641855448,11.4250269687163,12.0974463270944,35.4645713889053,6.54732282073008,6.36131057570777,-65.2924664733823,-45.5022347008116,90.775556502267,0.292958999778796,-0.636718010040491,0.713277786096472,-0.310409651097798,0.642262445577401,0.700817236878689,0.904334491741828,0.426719025461736,0.00948685169251411,78.6084889874227,2.6792147574283,2.52914201503822,0.756734693877551,639.012667953727,336.599722956964,757.595830564992,11.5363415276228,172.105717367853,0,791,0.719495053909492,29,0,18,2.950275,3.162278,2.828427,1002,260.280474649407,0,338.233711870027,756.699892241379,9.76858836206897,584,22.2935152149675,0.00434782608695652,337.484451037716,756.549771608326,10.1866014314066
603,352.328358208955,414.714759535655,5.106135986733,10.4818891672929,14.9309955343382,11.0379575770232,6.60532747812305,0.858456436284082,6.67567647034642,-40.3694271463202,-0.993108609335815,-0.0148807518694835,0.116249100155153,-0.0867024534496141,0.760670407804792,-0.643322015211596,0.0788541351414202,0.648967714076664,0.756718528554183,13.9334142279017,7.61478171701018,2.72689694332796,0.75093399750934,427.318251808185,352.394591875021,414.591406010165,5.08371422724017,194.474295190713,0,796,0.807751096538844,30,3,9,2.586354,2.828427,2,1078,317.560530679934,21,352.279791528495,414.356495673381,4.87187775799132,514,12.3888993022105,0.0878293601003764,351.959593120124,414.214347560262,4.961162923419
608,365.679276315789,203.712171052632,2.29934210526316,10.5107809594231,38.0904293207777,5.65135552101288,4.42927105836529,-59.8774473540847,0.0754971817815577,13.2496414765226,-0.501850801734415,0.864953199042417,0.00131767401675939,0.842081035661543,0.488231086060828,0.229194101108751,-0.197598841539389,-0.116130831694923,0.973379847619693,90.6800503650724,1.99611370155517,1.22615263177953,0.794771241830065,545.976837294679,366.205161654932,203.405453646361,2.00709256599242,349.235197368421,0,1271,0.635690359986392,31,0,29,2.328738,2.828427,2,406,93.9588815789474,0,366.710522169902,203.045057503457,1.86409228560926,85,1.53115193354268,0.00136425648021828,362.719877912847,204.811640938364,2.34806355736555
858,359.300699300699,436.168997668998,4.13636363636364,11.7895226687927,29.8671807788798,7.81996631315786,5.72092388929354,20.6268756195538,5.45657558831866,-94.5780969987377,-0.931653440059271,-0.350684344355539,0.0950913153219164,0.0605931918444005,0.108093051990628,0.992292475640856,0.358260146719998,-0.930234584787771,0.0794561799792113,55.7530304798928,3.82199207118274,2.0455606341931,0.787155963302752,605.345755937793,359.373032471854,436.344804639224,4.06174541306208,171.638694638695,0,903,0.721338005115343,32,0,25,2.509701,3,2,694,218.730769230769,0,359.669506743184,437.31338885603,3.68331281870934,552,11.3956453439151,0.0025062656641604,359.01947151352,435.65438590871,3.82673262500518
984,369.738821138211,1013.96341463415,3.54471544715447,12.3404830176163,33.0526771223154,8.65566160480707,6.33418393866501,62.8250768262779,-5.09138423048822,-23.6923183711699,0.454906629923549,0.886106296468577,0.0887445176354155,0.798350222680018,-0.449939109113387,0.400239578299071,-0.394584439630311,0.111222432310188,0.912103442901429,68.279966559502,4.6825298635582,2.50761788555261,0.716157205240175,684.860383535801,368.888163436257,1013.27250855109,3.3320659887847,218.37906504065,0,1167,0.698573561922966,33,0,28,2.675547,3.316625,2,780,189.079268292683,0,368.004928676621,1012.73976372451,3.05884313156395,413,9.62928577198358,0.00294985250737463,372.718759983166,1014.99590852135,3.55569056280102
729,362.545953360768,483.721536351166,5.25925925925926,11.1663088361892,28.0612340020242,8.17443800469471,5.61297993070112,-1.31667150653796,20.0499003809734,-80.7211677802267,-0.939146357794925,0.0215856207302727,0.342838416193717,-0.334558167987705,0.168971387667122,-0.927102746400073,0.0779419711916367,0.985384560020876,0.151467217572734,49.2145533572723,4.17633979328733,1.96909648140335,0.718934911242604,536.510106815322,362.448967546852,483.669938392381,5.28666138447359,169.665294924554,0,699,0.730114940706677,34,0,19,2.643965,3,2,1034,327.714677640604,3,362.385133777584,484.934099052339,4.5796386833205,726,17.8800563522634,0.0144404332129964,362.576719339199,485.01476528785,4.36001390711571
801,367.414481897628,735.428214731586,3.39700374531835,11.5224446675878,38.2922636149434,6.95099198180041,6.25255673891875,60.3378484683224,-5.9717349843991,-3.77311342904942,0.492199188140967,0.864243072285075,0.104037835428399,0.863686991797022,-0.499761209088906,0.0654485606457875,0.108557539553841,0.057642396699376,-0.992417560661221,91.64359079727,3.01976809569084,2.4434041108374,0.609125475285171,631.399204326734,367.70415379795,735.38361458007,3.37946675022007,167.348314606742,0,766,0.660594730341809,35,0,31,2.283869,2.828427,2,1134,286.586766541823,0,365.931123560264,734.253532907003,2.89641743191204,567,19.328673491654,0.00396825396825397,367.699834193767,735.291948625638,3.3106398172409
930,360.912903225806,559.710752688172,5.98279569892473,12.1104823784813,32.5906385823678,7.4177581615277,5.90926360917141,32.1779347185428,15.3240361651991,-92.1517967039451,-0.816306012870856,-0.513616400944784,0.264277668431167,0.203530719118688,0.172421734813554,0.963766564962136,0.540573528510152,-0.840517065885287,0.0362121834424836,66.3843577004076,3.43894600893192,2.18246227516734,0.778894472361809,642.681200356595,361.461413283688,560.461085142574,5.74088236475898,160.565591397849,0,665,0.716930671607611,36,0,16,2.667756,3,2.236068,1204,287.306451612903,0,362.182166582458,561.677905649432,5.20863040101798,679,17.9082983967692,0.024390243902439,361.766701368623,560.837300996828,5.70391172048335
560,372.45,144.9875,4.59107142857143,10.2265654354909,21.0984324808789,6.97170080906458,5.60528212848469,64.178048231189,-16.085504781625,-59.0822244010119,0.418522893291504,0.864910358753086,0.277071577597769,-0.358967809892425,0.437769428928697,-0.824317923228944,0.834254577003892,-0.245536144828111,-0.493691505224675,27.8214908218877,3.03778826069448,1.96369923374437,0.828402366863905,405.89210823564,372.493699345701,145.022846603301,4.7055790409004,132.639285714286,0,805,0.809466478296916,37,0,10,2.512117,3,2.236068,1737,711.941071428571,21,371.714678431953,144.556629636783,4.26669041127501,1613,99.9579577705167,0.7289972899729,371.251347491714,144.283879206055,3.96131509924471
1679,367.185824895771,514.253126861227,5.19416319237641,14.7463325838245,40.46363409072,9.91594205618966,6.24079565170372,39.0834748399361,-3.40901512487597,-84.9299454658809,0.77485472504573,0.629336360332872,0.0594634395009219,-0.00973876847117984,0.105940332375616,-0.994324797219103,0.632064325415516,-0.769878166685559,-0.0882173282179377,102.33160523923,6.14536917885692,2.43422064789524,0.83991995997999,966.410058850158,367.078784049879,514.168360386046,5.35636503702424,330.900536033353,0,1341,0.706897556194833,38,3,26,2.863962,3.162278,2.236068,931,127.441929720071,0,365.318434396542,512.100661292207,4.56847295244772,273,2.764776267412,0.00136612021857923,367.846086773189,515.194787169512,4.23104118775481
2397,367.981226533166,606.864413850647,4.88819357530246,16.6043980980736,60.5318534400113,9.79649288054606,7.85853516418078,57.2707402029022,5.85342903027624,-12.4790652281531,-0.537850960864968,-0.836848617918925,0.101983991801736,0.833275373270816,-0.509358391015475,0.214956232295106,-0.127939423935751,0.200595164920075,0.971284244499866,229.006580055188,5.99820454741184,3.85978593291665,0.642627345844504,1477.93428337791,369.463384085266,607.931180526605,4.60953046776139,226.163537755528,0,939,0.586058573520917,39,0,45,2.663749,3.605551,2,861,258.162703379224,0,368.1507362447,606.482041511532,4.35013800548144,668,8.67223433584439,0.00220264317180617,362.470352313617,602.483240510491,5.46029209885238
1467,379.525562372188,540.59509202454,4.75528289025222,14.0975560678616,44.0605809574385,15.261425316797,7.96310644195316,-42.9863197381243,8.45284365677721,0.797465163662422,-0.723570186600113,0.674417190501848,0.146995368019102,0.683254267614767,0.730050739493483,0.0137667552904537,0.0980295406991481,-0.110396426213047,0.989041373365999,121.333424644187,14.5569439187608,3.96319151286724,0.435182438445565,1022.81180890978,379.978818579861,540.22103048885,4.86678673117096,186.978186775733,0,771,0.61043833647454,40,0,42,2.457922,3,1.732051,1499,487.355146557601,12,378.207414504511,542.030733617735,4.30213021889643,774,21.1017902762546,0.0457746478873239,376.864630603481,543.734476106246,4.1036715004379
2419,391.67011161637,468.486151302191,5.37577511368334,16.6550426315902,45.7004015633279,12.9221758418884,9.92285697375458,40.6276055166907,-0.100216265005263,63.8820025797335,-0.758956510579384,-0.651138968030806,-0.00174910289653561,-0.287837580459005,0.333086664880721,0.897887966816653,-0.584067241269934,0.681961375732098,-0.440220557998958,130.532918940589,10.4364142805427,6.15394315759936,0.555708706639099,1473.99116855331,392.88815434909,469.425131898056,5.66132692280418,233.183960314179,0,962,0.591216421759216,41,7,52,2.61688,3.605551,2,1454,461.653989251757,0,390.065336546254,467.242831596583,4.53142134120624,1097,16.3580210893607,0.00217391304347826,386.82510414619,464.542377871401,3.85342458291103
1136,384.681338028169,317.005281690141,3.73415492957746,12.9457307358815,39.1617423419795,7.92485265001456,5.88469896692332,-5.4132899433189,3.03919019903184,89.418968701692,-0.994139885373309,0.0942065468293657,0.0530190045590283,-0.0537365007955134,-0.00509399370075069,-0.998542157202403,0.0937991300183405,0.995539641482278,-0.0101264724923954,95.8526289537241,3.92520559527767,2.16435512070677,0.801693719124912,783.325600707748,384.664444018273,317.370783975295,3.62931437197889,179.014964788732,0,660,0.672141470282413,42,0,32,2.552028,3,2,831,222.558098591549,0,384.572373885597,317.762120984392,3.14716840831244,605,11.342163496716,0.00275482093663912,384.657101771759,316.75112769492,3.16899795069977
1613,391.218226906386,402.876627402356,10.1773093614383,14.5505222605319,57.255741157136,8.90629362598312,6.17173004174368,-7.21872254558011,20.3869543981923,61.1528032328076,-0.929931517618989,0.117786406711957,0.348358629766407,-0.363338698129611,-0.440309180717537,-0.821043735630039,-0.0566777114951063,0.890086618127548,-0.452253744318321,204.88874346581,4.95762913451426,2.38064073176011,0.476514032496307,1157.38554537469,391.088606599137,404.797556790937,9.54170537640853,165.495350278983,0,796,0.574683835909495,43,2,58,2.425026,3,1,1040,185.278983261004,0,390.149236251694,409.381639925716,7.36104465376186,601,11.1152206706301,0.00384615384615385,390.144462650474,406.123581760638,8.31530187952687
1561,388.793081358104,511.910313901345,5.90198590647021,14.3924510233203,34.1895625047122,9.4971797210038,9.2715949319174,42.1602188508792,12.8967599493791,-97.4027313982847,-0.722571368731257,-0.654274110778626,0.223194993345897,0.0775888083055953,0.24406863274452,0.96664909834745,0.686928376117594,-0.715790395629236,0.125592657466058,73.0578865164764,5.63727641581537,5.37265453634726,0.639492011470709,923.440260086305,388.703478925965,511.921981890392,5.95315587944664,269.693786034593,0,947,0.704710249798826,44,1,24,2.952492,3.605551,2,998,318.219730941704,0,390.240072794474,512.792735047037,5.25300307403657,737,4.4855129348761,0.00332225913621262,390.231767028624,512.220275923348,5.14784677133066
1063,400.371589840075,651.748824082785,3.64816556914393,12.6622693462055,35.136168294269,7.23822135761536,6.21847638966124,76.4187297149466,2.19927079565125,-78.9490849697376,-0.234651400681879,-0.971321817172019,0.038375091448481,0.19516571257576,-0.00840106670828748,0.980734299753485,0.952286230496287,-0.23762017920162,-0.19154003665908,77.1593951501996,3.27449052636493,2.41684053804839,0.844992050874404,705.579393030308,399.789497290679,651.603529996485,3.55562694208398,232.811853245532,0,749,0.713883064179685,45,0,30,2.779972,3.162278,2,877,268.359360301035,0,400.639543443663,651.694558762699,3.18957744701437,878,8.41743362307178,0.0148514851485149,403.917911123275,652.708279187008,3.45856255382634
1936,407.396694214876,88.5671487603306,4.68440082644628,15.4633022053064,95.1266526544944,9.44880508083271,8.24381707798995,87.4749008829061,-5.62250589038092,-31.5388424994528,0.0438450697643014,0.99422268157846,0.0979738194228427,0.849200371106857,-0.0887472169536352,0.520559949664744,0.526247412886125,0.0603754165030823,-0.848185398078003,565.567502828052,5.57999484097313,4.24753250095994,0.367223065250379,1483.30780963458,411.352915218967,88.717545196113,5.25319810111295,222.400826446281,0,1093,0.506434258505414,46,0,89,2.36334,3.605551,2,1758,491.834710743802,0,401.546909656876,88.3199270735314,3.84921633452077,1056,25.8654420397553,0.0138888888888889,398.202886772435,88.4686343371415,3.56802880214716
403,398.548387096774,831.893300248139,4.03970223325062,9.16436000427739,14.6183954018458,6.51341530315276,6.24164724656737,-16.928499207617,24.0696071113717,-82.6392283430871,-0.873487132772863,0.265860336602422,0.407846184611171,-0.34965362254681,0.240342383455495,-0.90552630163614,0.338766251448009,0.933570468757757,0.116976949623785,13.3560927577942,2.65153618195903,2.43488502191138,0.887665198237885,296.285581374216,398.456667210707,832.168481428805,3.91149245727343,212.848635235732,0,987,0.890519918787539,47,0,4,2.997676,3.162278,2.828427,1746,701.94540942928,28,398.128734746398,832.455964282179,3.57483986368971,869,28.6640714403683,0.371134020618557,398.322765679257,831.598146624798,4.23731844761871
3337,388.417141144741,627.629907102188,11.9565477974228,18.5404040634135,81.9797586437422,12.8537128747449,8.88428961949467,-74.1605041937021,-17.0381372512957,-7.79244289041911,0.26096396332224,-0.919806511507415,0.293008176056075,0.963989787214228,0.232204003516204,-0.129634065344388,0.0512005858737449,0.316286708762171,0.947280960363175,420.042551705389,10.326120916649,4.9331626276912,0.461421460176991,1912.91527859802,392.67515989751,626.45856434803,10.6035445672862,354.727899310758,0,1384,0.564537149873865,48,0,63,2.980262,3.605551,2.236068,1146,145.965537908301,0,397.61299932045,623.928105246085,8.83521219001944,459,2.28691361902761,0.00101214574898785,378.156074609661,628.960619407894,14.594586533581
2122,433.534872761546,750.474081055608,5.81668237511781,15.9434481017267,44.786367614887,18.0478848774967,10.0487199901309,58.09077231093,-0.192228525826855,13.823492998607,-0.528572082917202,-0.848881792147153,-0.00335501439782669,-0.824723468053083,0.512585133538381,0.238930287150742,0.201103839851623,-0.129058838660817,0.971030927293489,125.363670258488,20.357884284461,6.31104834000351,0.398797218567938,1424.33245952375,433.180847825556,750.422795171407,5.52065572167823,212.096606974552,0,875,0.560664432141297,49,5,60,2.481167,3,2,572,89.6583411875589,0,432.661117973246,750.195816141494,4.85390659903813,188,3.52170257568467,0.00139470013947001,434.612616693057,751.105357070747,5.77769040671042
892,425.857623318386,161.452914798206,4.88565022421525,11.9432377393253,34.5890001420908,6.83448274155534,5.80079692587419,-54.6261000974855,-12.8807342314695,-104.36455106385,0.564342228797217,-0.794873247521334,0.222922338878537,0.0772736158106294,0.319708392440422,0.94435974718468,0.821916441675029,0.515716069342472,-0.241847676702114,74.7749331768476,2.91938464653861,2.10307781095196,0.795008912655972,650.081816314954,426.18478627406,161.285977312273,4.81486976813197,166.226457399103,0,998,0.689328141952367,50,0,23,2.463922,2.828427,2,746,140.224215246637,0,427.923824752159,159.778941477454,4.08952670291014,465,10.9138690221678,0.00289017341040462,427.417533690756,160.296887218623,4.54213926513171
2334,422.188089117395,29.9220222793488,12.7017994858612,16.4576343768341,75.6906144200951,7.30841243214387,6.36433243636459,-21.8858843713975,-19.6009881137589,71.3156224577992,0.874156229543128,-0.351158412397146,0.335467816271036,-0.175469146611085,0.415724492521412,0.892403342051895,0.452837128489394,0.838964192156334,-0.301790687962617,358.066819455719,3.33830576739469,2.53154546003514,0.765496884224336,1458.14533546911,422.562877635113,29.0601189808534,12.350034813857,202.447729220223,0,1204,0.583557801413927,51,0,55,2.986188,3.162278,2.236068,243,10.5471293916024,0,423.534468050534,26.1646016980136,11.2768412072958,86,0.665074145880984,0.000829875518672199,422.051681332065,30.1292537548453,13.0173056652601
1346,429.289004457652,637.18499257058,7.2147102526003,13.6987880378146,31.8004064892411,9.33323738904915,6.90599276404338,54.3546178198084,12.5838468814012,-95.8866900203104,-0.568767724513021,-0.793118381915803,0.217868097296365,0.0429512755768196,0.235883988251836,0.970831567272476,0.821375957451035,-0.561535374089349,0.100097753060346,63.2041158050606,5.44433251002156,2.98079600356372,0.779386218876665,789.750508094519,428.927288270209,636.937104020274,7.47704302802854,245.080237741456,0,902,0.746490440281167,52,0,16,3.21139,3.605551,2.828427,1219,430.67161961367,11,429.656719868066,637.462558911407,6.79246451514963,750,8.27573007353636,0.0290556900726392,431.849038317962,639.288654153874,5.97873969965721
3798,454.169826224329,87.507635597683,17.4581358609795,19.3576267979421,69.9346770279647,28.4234231245945,8.61664874926058,82.6415104890541,-9.54200265154937,-50.3603054479705,0.126305071430096,0.978042504032287,0.165770592196841,-0.616353857863468,0.208311626460748,-0.75941700545754,-0.777274051302279,-0.00625512490129051,0.629131085374591,305.678690687858,50.4931863824833,4.64041472925833,0.30723183950817,2450.85291523316,449.513116100845,86.766531210433,16.5410457195798,275.951290152712,0,1283,0.480326834008461,53,4,108,2.716366,3.464102,1,1817,262.251711427067,0,450.327614976226,85.7217278159738,14.9932552367795,691,10.7893870137404,0.00240963855421687,461.725636773077,87.3242301693059,16.9100840048519
863,440.221320973349,467.228273464658,3.78331402085747,11.8123794973745,30.2930762619714,8.1671213895201,6.81135224403157,61.2070222454597,-2.26847093296382,-53.0457046845752,0.481268816399263,0.875678934364219,0.0395819437673121,-0.511616850798102,0.317274945301759,-0.798489077610457,-0.711778423627104,0.364037103870624,0.600706636108178,57.3544043383508,4.1688669869473,2.89965746201711,0.682213438735178,609.498298936797,440.564966483792,467.448307505079,3.5004907204758,236.132097334878,0,840,0.719204104232416,54,0,20,2.497615,3,2,1861,457.54808806489,0,439.862210786499,466.892259106933,2.99450190445318,704,12.755470046257,0.00446428571428571,438.68391693698,465.492698535612,3.58984637313794
1113,449.553459119497,350.479784366577,8.00449236298293,12.8577658900779,27.6046753310056,9.06477435306067,8.10022379612707,-40.733860607488,30.9153100951375,60.1963542242574,-0.650093671406443,0.559837541277654,0.513770518591213,-0.662151161895463,-0.0857076417813482,-0.744452845343994,0.372738590969302,0.824157829251456,-0.426415073942922,47.6261312581393,5.13563337949415,4.10085159670895,0.650116822429907,688.139472875049,449.347735534002,350.502833219804,7.883021176811,298.093441150045,0,1122,0.754752274133587,55,0,18,2.941714,3.605551,2,1956,589.372866127583,33,448.470238058942,351.424103467831,6.9989176367284,718,9.78516718004016,0.165024630541872,448.803473259446,350.503340445405,7.24852670013835
1868,444.901498929336,428.767130620985,6.52194860813704,15.2800960144855,28.3832973430833,13.665655873159,8.34504666282964,56.3745031705966,11.3809577268922,79.7909295529397,-0.542873418178351,-0.816301853936305,0.197331535988306,-0.0400391031941552,0.259860645642313,0.964815689684702,0.838859536543968,-0.515871813638341,0.173755431117212,50.3507230041174,11.6718844027253,4.35248773780025,0.720679012345679,1032.2645682339,444.289410709307,428.234421559238,6.70784225775558,220.794967880086,0,995,0.710576790953292,56,1,24,2.867635,4.123106,2,2148,651.516059957173,5,445.306210518705,429.148472677793,5.09350123907999,1606,18.8391662965865,0.0547945205479452,446.676299448339,430.466008043389,4.97810647872183
1306,451.716692189893,627.708269525268,3.51761102603369,13.5617224358513,49.7382770825274,7.20717264104133,6.23183440727363,56.3550666610772,-0.866456636972393,-75.379337495408,0.553981233548354,0.832391806581007,0.0151219447509957,0.202028044122793,-0.15203218005853,0.967507563595536,0.807644390969295,-0.532925976626641,-0.252389463275269,154.618512946142,3.24645859236092,2.42723500498002,0.69802244788883,911.332532299268,450.697800100947,627.099567898955,3.24150057654508,186.594946401225,0,763,0.634019626550397,57,0,32,2.532336,3.162278,2.236068,1301,409.244257274119,0,450.174740351711,626.700278592183,2.97358519513614,763,14.3065128705283,0.0466926070038911,452.620330260246,628.419680792417,3.55027562807106
947,449.328405491024,404.765575501584,8.31467793030623,12.1838287339085,27.6100945613358,8.76198762971083,6.09973443340258,77.951288640428,29.0021548628337,-63.7245678703431,-0.182567119711326,-0.85533442789575,0.484842513870804,0.52368501616951,0.332761693773353,0.78423444134814,0.832119733355633,-0.397080182851449,-0.387174479720461,47.6448326053691,4.79827670145034,2.32542250987732,0.766181229773463,609.282782960718,450.101424519354,404.93419970242,7.85968776549597,234.911298838437,0,814,0.765417764968149,58,0,19,2.838545,3.162278,2,964,152.993664202746,0,451.227235393588,404.923435828416,6.78866687372744,348,5.72724214018161,0.00231481481481481,450.134896107395,404.009686762394,6.77452011072558
644,462.864906832298,300.462732919255,4.77173913043478,10.71426577159,25.0251894913586,7.50718780995562,6.20643730427525,75.0893605111443,-20.9432213748035,89.5259135860088,0.240312932070004,0.902487932438824,0.357442619845781,0.0999668780278991,0.343266028216549,-0.933903130506473,0.965534213778711,-0.260161422341462,0.00772763534301915,39.1412568174002,3.52236680087164,2.40749150074372,0.752336448598131,474.800236229382,463.797869498202,300.761376948108,5.14178455214934,226.669254658385,0,994,0.75956295668909,59,0,20,2.456011,3.464102,2,913,278.552795031056,0,462.108925903628,300.305165339934,4.33658327201374,571,11.2639455509308,0.00684931506849315,461.215256171509,300.311845301617,3.54386344312861
3546,459.954878736605,471.060913705584,7.55978567399887,18.9196618341419,55.2348525021769,15.3226697022597,10.5579569377059,33.1525720411806,-4.87992478289535,102.699252777316,0.834182509404466,0.544888068358073,0.0850678197950069,-0.050742403233969,0.229431436395272,-0.972001247173914,0.549149114100815,-0.806509893897533,-0.219036621430483,190.680558183577,14.6740129252842,6.96690341865328,0.505344164172723,1991.35697911505,460.747015679112,472.318539863699,8.0293058185908,417.981669486746,0,1625,0.564712617672106,60,2,53,2.969742,3.741657,2.236068,2302,449.450084602369,0,457.346010352941,467.455111529412,5.77617568627451,1494,6.53739328264952,0.0020746887966805,450.596077698955,459.925640530153,3.85183322990779
1517,454.337508239947,972.357284113382,7.61832564271589,14.2559332371311,40.9228067108532,8.23794552652541,6.74402357502396,-52.7654114711664,-19.9281101362863,84.6503121630775,0.568848291391582,-0.748491249944871,0.340840828154203,-0.131107924362825,0.326597508909896,0.936026056978716,0.811925078778916,0.577143756727746,-0.0876513007321334,104.667256818366,4.24148415612498,2.84261587377994,0.801373481246698,900.658297047866,454.6661836168,972.109301240889,7.34615801804929,607.725774555043,0,2191,0.708893712089236,61,0,23,3.098673,3.605551,2.236068,787,92.5787738958471,0,457.458146423435,969.604007348229,5.64988393785335,239,0.96027626939435,0.000738552437223043,459.231540872027,967.451787347149,4.3065234459201
