Volume,Centroid_1,Centroid_2,Centroid_3,EquivDiameter,PrincipalAxisLength_1,PrincipalAxisLength_2,PrincipalAxisLength_3,Orientation_1,Orientation_2,Orientation_3,EigenVectors_1,EigenVectors_2,EigenVectors_3,EigenVectors_4,EigenVectors_5,EigenVectors_6,EigenVectors_7,EigenVectors_8,EigenVectors_9,EigenValues_1,EigenValues_2,EigenValues_3,Solidity,SurfaceArea,WeightedCentroid_1,WeightedCentroid_2,WeightedCentroid_3,MeanIntensity,MinIntensity,MaxIntensity,sphericity,id,nb_branch_pt,SkeletonSize,MeanWidth,MaxWidth,MinWidth
1192,73.7793624161074,479.187919463087,6.8741610738255,13.1550512499065,16.144507376044,12.0589399310464,9.05782897039189,30.1282911480772,-60.1530240817962,84.8771014693446,0.430449815134848,0.249807077506312,0.867357700535443,0.792003458407164,0.356391317315112,-0.495697237044439,0.432947431591257,-0.90032308254879,0.0444394926656302,16.2903199009463,9.08862701628657,5.12776660355441,0.87905604719764,595.545208498597,73.6999912105677,479.217714234321,6.61908440887712,0.729822526030042,0.064128735148543,1,0.912893734918219,1,0,4,3.951586,4.472136,3.605551
1120,91.7419642857143,274.414285714286,3.51428571428571,12.8846650603023,43.5096574491976,7.50948859445057,5.95960307276658,-79.5858199702606,-4.05668251439012,-116.318331951287,0.180309670909286,-0.981062589436767,0.0707433260754084,0.424592234386896,0.142508353725186,0.894098877986591,0.887248475386083,0.131177607563806,-0.442247191284363,118.318143209157,3.52452618438645,2.21980429905805,0.740740740740741,796.260897499124,93.146256722962,274.10642323178,3.17868320742423,0.330841806402072,0,0.987450285077488,0.654999171308675,2,0,33,2.651711,3,2
970,91.3690721649484,532.561855670103,6.17010309278351,12.2816779175936,15.0473172073085,10.469253143805,9.25466140559754,51.0052255038053,-66.0126618231358,-41.5086095315085,0.255811791546664,0.315960169738213,0.913635320269901,0.201005510595326,-0.941810802670147,0.269423823527403,-0.94559881134443,-0.114723943066879,0.304436043975068,14.1513596960851,6.85032883681692,5.35304735826604,0.917691579943236,511.717868664474,91.3224541431676,532.440185494023,5.61326364381039,0.610586170139837,0.0695177044887567,1,0.92605055916374,3,0,5,4.835699,4.89898,4.582576
1325,126,341.358490566038,3.61584905660377,13.6271724530289,32.6090539860962,9.45224248896882,7.45450033741644,-8.15646535335679,-5.75409500320529,-13.2346907312874,-0.984896642385791,0.141161970937076,-0.100259173038455,0.160829831219695,0.960336900279853,-0.227786749725985,-0.0641277569157007,0.240471070863096,0.968535644605255,66.4594001167584,5.58405550439172,3.47309845503386,0.759312320916905,792.542037429158,126.258191999519,340.054310123888,3.26601611538494,0.289384331295991,0,0.705568680055368,0.736103816845601,4,0,22,3.293772,4.123106,3
720,127.976388888889,229.8125,7.11805555555556,11.1201665377826,15.8278424532682,12.2852206775109,5.73125042970741,26.0450365111126,-40.3177848468558,94.251699934512,0.68503833441431,0.334782331834783,0.647026483750189,0.547168258853819,0.349922231437818,-0.760369205352543,0.480967126616517,-0.874914408520538,-0.0565278769936419,15.6575372953424,9.43291544344634,2.05295196800134,0.816326530612245,470.161311022174,128.101873189248,230.047771710829,7.13389942146911,0.201542776634458,0,0.650652392926821,0.826276814862434,5,1,10,2.661007,3.316625,2
3749,133.648172846092,290.56308348893,6.62630034675914,19.2740185533366,67.1029820216622,15.7088929161785,9.85228168725713,8.17279205739764,-2.23498369325735,59.7362365166173,-0.989090866415109,-0.142050762886864,-0.0389979324768399,-0.104986441768737,0.494074610116436,0.863057429539328,-0.103330077997396,0.857736474916132,-0.5035980883398,281.42563726247,15.4230822907478,6.06671590281641,0.451251805488686,2104.11211390022,133.255049844481,290.320098688593,6.18813696421861,0.45065410597304,0,1,0.554658332131942,6,5,74,2.788541,3.741657,2
788,155.690355329949,641.846446700508,2.84263959390863,11.4597690427465,15.9521348225365,14.5177942886017,5.6198234307373,49.3309184364002,-6.15418283680631,-2.17469267321653,-0.647933518956197,-0.7541149679556,-0.10720433815085,-0.755288749515934,0.654305373469511,-0.0377277497815478,-0.0985954353288922,-0.0565251568263814,0.993520934242484,15.9044128372738,13.1728969378847,1.9739009620415,0.832101372756072,532.5306563265,155.641507682009,641.588713427464,2.62933760247028,0.243296049900482,0,0.780040488566485,0.77474180098968,7,0,3,1.715422,2,1.414214
917,167.077426390404,257.773173391494,1.91930207197383,12.0537886166919,28.9863100565637,14.4878003406821,3.61168569509441,73.6296130526141,-0.776829853732821,-1.09653982267117,0.28181969740938,0.959371587853116,0.0135578232868152,0.959210940268028,-0.282042926246607,0.0191353030907805,-0.0221817542636005,-0.00761210709605323,0.999724974982293,52.5128856684528,13.1185224194668,0.815267097509348,0.787124463519313,791.042667341193,167.2464090723,257.862142802979,1.80686612350075,0.464895492770435,0.110111396743787,1,0.57702828990012,8,0,14,2.135209,2.828427,2
1561,183.034593209481,563.563100576553,3.97117232543241,14.3924510233203,23.3204197115336,14.0425927596875,8.71662607682667,-27.1369931490643,-5.69845259076314,5.22216097118868,0.885520742510055,-0.453865552105895,0.0992928758574923,-0.446183787304943,-0.890346825431422,-0.0905679766275348,-0.129510781522844,-0.0358969505083525,0.990928032913361,33.9901234701304,12.3246507134018,4.74872313520092,0.764072442486539,887.111544136061,183.233480452823,563.301542452498,3.56775100792798,0.481197393754707,0.0587240884695558,1,0.733569324693516,9,1,30,3.292633,4.24264,2.236068
734,185.269754768392,792.219346049046,2.64032697547684,11.1917795194122,17.1308951366531,15.1325889978415,5.45447023538231,-69.8194517951171,3.17163356516785,3.81508847251587,-0.344451150059828,0.937172507121866,0.0553271824456803,0.937800187004056,0.340759788773763,0.0664347470080054,-0.0434075394098619,-0.0747693670548077,0.996255653571213,18.3417230114378,14.3122031110996,1.85945284679197,0.749744637385087,564.816754238322,185.329292726466,792.25233714483,2.58044108573309,0.247370010298617,0.0372750642673522,0.768209083119109,0.696691631080034,10,0,17,2.479318,3.162278,2
790,187.117721518987,864.559493670886,2.26708860759494,11.4694560879701,17.7649459152193,15.3136655273724,4.36239574589876,-71.4374014539943,-0.431076043629952,-0.0745506709445675,0.318331548575953,-0.947949587395594,0.0075236253069483,-0.947978731747023,-0.318331008933509,0.00130111747401014,-0.00116160946215742,0.00754642351700154,0.999970850652938,19.7245814606666,14.6567719927645,1.18940604023972,0.932703659976387,565.844844546056,187.222903898349,864.478148541069,2.11801700452404,0.408086478222024,0.0879802567526749,0.914039228525527,0.730361976655907,11,0,1,2.236068,2.236068,2.236068
714,201.984593837535,440.238095238095,4.47759103641457,11.0891909830745,26.7188741649455,7.73333062911472,5.66974479840972,75.2834600734861,13.3695448825267,-77.8449114726813,-0.247152480889607,-0.940982448595962,0.231230799471999,0.261075403655042,0.165141597148402,0.951087738590732,0.933142692623411,-0.295432368446016,-0.204852217166201,44.6186397901369,3.73777516370024,2.00912537994338,0.75,530.883443366664,202.524436251951,440.40264057149,4.2699167705256,0.223458341641014,0.0167095115681234,0.617852300815165,0.727696720623093,12,0,19,2.373288,3,2
1779,210.648679033165,606.060708263069,4.28948847667229,15.0334656148357,18.7974313291471,16.8088059762223,9.48816840193272,32.7895915158733,-3.27214233259022,-2.80476854876045,0.839294450269181,0.540672596930299,0.0570786183785066,0.538558759577834,-0.841170514837594,0.0488531211883304,-0.0744263947087122,0.0102619635793483,0.997173707973771,22.0839640358751,17.6584973966428,5.62658372646466,0.79384203480589,920.980301185291,210.851743973007,605.788246902799,3.85845160365607,0.405142505021888,0,0.987104418077461,0.770934974889088,13,0,18,2.915513,4.123106,2
669,220.928251121076,793.946188340807,1.98505231689088,10.851151620609,18.1270001608494,16.4388974795782,3.77966792017566,26.1079416363079,0.926157801649596,-1.21849521742524,-0.89784927536663,-0.440006148050511,0.016163799100728,-0.440272782192174,0.897612270852636,-0.0212623722932697,0.00515324988523272,0.0262068863569606,0.999643257929094,20.5367584269646,16.8898343965052,0.892868099175313,0.822878228782288,579.613777295809,221.038629590405,793.938284868349,1.8607729946078,0.313979405173804,0.0561322000096251,0.651613428051134,0.638208870707441,14,0,28,2.201039,2.828427,2
1185,221.994092827004,738.051476793249,3.26413502109705,13.1292497382394,18.4111139566705,16.5626014905,6.63623729424798,43.8310605006864,1.17521562438393,-4.85673205157402,-0.721233161653963,-0.692388668837033,0.0205099438494835,-0.69130046970178,0.717592223987376,-0.0846466813463448,-0.0438906267980612,0.0752285274276448,0.996199920467946,21.1855698203441,17.1449855083195,2.75247783909798,0.768981181051265,737.293748284869,222.054117515934,737.705272150456,3.00410251749953,0.304696545132366,0.0197066911090742,0.863480438445936,0.734495501023424,15,0,26,2.893952,3.741657,1.414214
1804,252.097006651885,529.34977827051,7.77050997782705,15.1035592505239,15.1431791729702,14.7720784306423,12.6439480851349,46.7239389121632,-22.8421166012647,-46.0726176514509,-0.631754858486882,-0.670963412816623,-0.388193118743351,-0.31342924332543,0.679126762681853,-0.663738615448668,0.708976662667162,-0.297649019603185,-0.639341186630891,14.3322422165424,13.6383938225654,9.99183894872417,0.778929188255613,868.71710212179,252.113104692565,529.327039427014,7.64980490177108,0.282032541979916,0,0.732765307441244,0.824954714020435,16,0,12,3.425674,5,2
2951,249.460521856998,354.19484920366,6.80921721450356,17.7960463852764,38.1204158503701,13.054609677835,10.1118829443361,-79.7284110828885,-3.86429221402829,-119.298730096477,0.177908914759019,-0.981736489034592,0.0673935022632009,0.471040399523591,0.145091071208595,0.870097421598408,-0.863984583233939,-0.123053025779841,0.488250543041686,90.8228815378216,10.6514271150389,6.3906360424972,0.70211753509398,1479.79568858393,250.323894966791,353.919521293335,6.485500701869,0.30663055914985,0,0.860583389742823,0.672349634556494,17,5,51,2.886667,4.24264,1
1161,263.142980189492,574.148148148148,4.85271317829457,13.0400082394615,21.9426878083762,10.7136383475692,8.94540482229922,63.1675176284813,-12.2167798878682,-54.5674948599225,0.441161449401691,0.872122321883123,0.211611037601985,0.439494816381632,-0.415542622963388,0.796347056800226,-0.782445449814538,0.258315667689548,0.566614625553055,30.0925967659914,7.17387791515658,5.00126671467588,0.702784503631961,676.09367229828,263.079610727512,574.052198337316,4.4938273342839,0.267668802361308,0.0275966775298542,0.617395029991431,0.79013033006292,18,0,11,3.498253,4.24264,3
684,296.877192982456,396.470760233918,2.33040935672515,10.931652720669,16.4002106698191,14.1708376007161,4.6272804332546,53.6212030522798,-0.161886031588625,-1.11264001943813,-0.593118617023476,-0.805110130992097,-0.00282544050489327,-0.804929001414633,0.593053325200655,-0.0194179337234595,-0.0173092120502739,0.00924285899135165,0.999807461832459,16.8104318759031,12.5507898941168,1.3382327629988,0.841328413284133,504.601831576307,297.191867971675,396.632001602859,2.19158540152815,0.376453095808466,0.0569053106137167,0.890261658069861,0.7439996017419,19,0,1,3,3,3
520,297.636538461538,907.576923076923,4.48269230769231,9.97703679245034,14.6765917827844,8.99515761908481,5.85157138928363,-85.4310426647389,4.26350859960055,78.0522274132893,-0.0794384198966501,0.994063662545288,0.0743436093512445,0.212155946613946,-0.0560109740078209,0.975629348219412,0.974001741148682,0.0932748926439593,-0.206447094049768,13.4626466474059,5.05705378701121,2.14005548274268,0.887372013651877,357.929850255562,297.701910469299,907.554486172815,4.48354473393431,0.286351277436986,0.0634713079922224,0.77347449118798,0.87368544658304,20,0,3,3,3,3
1456,304.940934065934,413.511675824176,6.94986263736264,14.06223174744,16.8566299442557,15.5566095448607,12.8696085968913,-10.9886519612318,-43.1305645993896,30.8184275791812,-0.716416805790447,0.139110070596996,-0.683663183621519,0.18013291727226,-0.909812580595485,-0.373889288834502,0.674017130714048,0.391010813723461,-0.626746720019594,17.7591233173485,15.1255062832033,10.3516765898236,0.570532915360502,917.762241936025,304.991968717485,413.339208657361,6.5251537660059,0.272221210392527,0,0.741387024608501,0.676905726628176,21,2,35,2.432785,3.605551,1
369,306.048780487805,590.235772357724,2.08130081300813,8.89902816477149,15.6752720465338,9.33115319869006,3.86535721921828,68.7989057090863,-1.95263565812991,-1.75331465368431,0.361432383626459,0.93177553123448,0.0340733247394379,0.931503385524777,-0.362445021644784,0.03057857159499,-0.0408420717150087,-0.020687331331402,0.998951430000684,15.3571346083028,5.44190125108898,0.933811652010179,0.884892086330935,317.073098550289,305.859973208578,590.044181593415,1.91831457411391,0.374373628335767,0.065981148243359,0.810712248063619,0.784649384732122,22,0,4,2.059017,2.236068,2
1494,318.331994645248,577.470548862115,4.72222222222222,14.1835188999082,18.0983211366049,14.8435757207579,10.5151750495575,24.0361783172929,-5.67967413989457,24.3810695972225,-0.9088048802905,-0.405313795803541,-0.0989667443715077,-0.40830055636727,0.815201168252332,0.410776960101479,0.085815763297587,-0.413724282839864,0.906348648456152,20.4718267477299,13.7707337611171,6.91055664517729,0.726653696498054,844.450015998359,318.215149315989,577.341162870213,4.16788863688787,0.333120507444615,0.00640830653237278,0.84018851756641,0.748417455139235,23,3,25,2.977379,4.123106,2
948,320.176160337553,330.214135021097,3.07911392405063,12.1881157957451,20.065109019281,14.4077809751451,6.56195103162001,-33.8829521346844,-6.73723095972673,-1.61222162151415,-0.824445510377433,0.55364838875715,-0.11731607752182,0.56001757377902,0.828009444998611,-0.0279405807339849,-0.0816695627339463,0.088734551442513,0.992701496877658,25.1630374972269,12.9740095392345,2.69120008383618,0.705882352941177,659.994125961896,320.320907585131,329.910393238056,2.86930477062071,0.326890685766628,0.0227319052140216,0.795007116448379,0.707103433017013,24,0,18,2.546773,3.741657,1
2308,320.386481802426,657.395580589255,6.08578856152513,16.3962951474917,21.5014886168953,15.9482994742767,12.0910969539261,55.6168338291542,-7.90992234009228,-27.0303824072853,0.559351566666785,0.817427452415227,0.137616077931921,0.699811930453617,-0.554651377177025,0.450138991635263,-0.444284916311813,0.155480577029998,0.882290600258341,28.8946257964049,15.8967660075759,9.13716409682754,0.705594619382452,1135.74518870832,320.452277712499,657.334996198,5.72605493403733,0.333450580143337,0.0149200748169923,0.959670027497709,0.743636026742826,25,1,37,2.831501,4.123106,1
3334,320.781643671266,903.830533893221,10.3080383923215,18.5348463880016,28.0310866633952,20.7407619673237,15.9183412473046,-14.0615721400462,35.4932314731543,-175.252559359199,-0.789787238977977,0.197817812272296,0.580606777686368,0.288744164963919,0.955031981017224,0.0673848828269882,-0.541168110984779,0.220866539752224,-0.811390810442814,49.1088637206734,26.8862004365739,15.8370992541024,0.507380916146705,1697.53936508126,320.596785600072,903.658053725042,10.1980453337914,0.265226327603965,0,0.79181236297197,0.635781666939945,26,7,48,2.95253,4.472136,2
2714,324.245394252027,97.358511422255,8.55747973470892,17.3062805741832,17.6073577653357,15.0074746328973,14.5674285697728,14.4917915748249,-28.8682366343221,2.9121911966214,0.847869575949526,0.219144392922792,0.482796973094976,0.273666427779462,-0.960795061959826,-0.0444919680396721,0.45411878235281,0.169848709044596,-0.874601364937356,19.3761904672831,14.0765184285659,13.2631234459645,0.906782492482459,984.231689477359,324.10250541955,97.3529424248035,8.33733172443126,0.324097540998305,0,0.878968182402639,0.956004660358265,27,0,1,5.477226,5.477226,5.477226
776,333.163659793814,382.900773195876,3.67268041237113,11.4012998160662,20.062521619486,11.4869751184131,8.85781158947056,-1.39989983056669,-25.5512824909043,178.062838105049,0.901930317371034,-0.0220411243928529,0.431318781694565,0.0389921633290117,0.998774007611456,-0.0304974247875929,-0.430117790617767,0.0443246044003777,0.901683988789222,25.1565483582715,8.24691233569009,4.90380163465993,0.599227799227799,577.404818127169,333.073617164935,382.687519577344,3.23887783592284,0.434171507277148,0.065685141956821,1,0.707258542670771,28,0,18,2.260534,3.162278,1
609,333.878489326765,568.471264367816,2.21182266009852,10.5165402926082,17.5824190046983,13.2764331722094,4.14181204903979,4.27933203561676,-0.88005250978971,2.64108271509442,-0.997094484510793,-0.0746102112871291,-0.015359209935573,-0.0752455200229122,0.996100052090217,0.0460738314268322,-0.0118617315193254,-0.0470956749347178,0.998819952107389,19.3213411285485,11.0164798610089,1.0721629405982,0.848189415041783,480.702250617131,333.906491765268,568.450359225666,2.09609827655074,0.337708444265692,0.0857956990791421,0.695884404054608,0.722802252724667,29,0,10,2.068556,2.44949,2
2810,355.523131672598,551.529181494662,7.73879003558719,17.5079742499558,28.219861060076,16.9798151428682,13.3311258452904,-77.2147327589671,30.9439691622097,-19.6118935850364,-0.189800560570064,0.836405723011524,0.514199585492696,0.880438735214553,0.376770247462592,-0.287874650083635,-0.434515109911138,0.398082462739251,-0.807915201069001,49.7725348906247,18.0196326428734,11.1074322689357,0.584199584199584,1462.33425582761,355.18261773408,551.766243507128,6.95123363104115,0.389577804771923,0.0454638104280432,0.975578406169666,0.658529170517382,30,4,49,3.016779,4.123106,1.414214
2013,351.806259314456,574.667660208644,7.39791356184799,15.6656487313994,16.0235098014295,14.5884257167609,12.8622858720489,3.46133474030678,-46.8157155708819,35.9812392481685,0.683098725178577,0.0413174227458532,0.729156363365941,0.476468665570591,-0.781868952184615,-0.402067845442921,0.553492314660993,0.622072192102631,-0.553780141774553,16.0470541472816,13.3013853058406,10.3398998658943,0.867672413793103,875.406099295145,351.641751171723,574.366540121758,6.77818287832113,0.337262303230621,0.0165547918752964,0.856206058157152,0.88071840640723,31,3,10,3.684146,4.24264,2.828427
548,353.503649635036,529.191605839416,2.1021897810219,10.1529904743564,14.721308644222,14.4230031074784,3.99199301044698,-17.8493119711595,-2.52094427870384,0.644848449419914,0.950944735141007,-0.306218005925587,0.0439845831463477,-0.306024038451613,-0.95195738842166,-0.011243599031387,-0.0453144413776307,0.00276829846112209,0.998968937418108,13.5448080124029,13.0014386648958,0.996000512216098,0.893964110929853,443.431831842734,353.480359191004,529.160577249283,1.98917161916509,0.325561029712616,0.0612826421993872,0.653283263941807,0.730316250425223,32,0,9,2.362671,2.828427,2
1814,355.688533627343,643.549614112459,6.65986769570011,15.1314153801251,24.5153395170556,12.6004156670404,9.65719127525293,73.2525574727703,-12.669073554102,101.725649649212,0.281137871051522,0.934269985738306,0.219319609723261,-0.132726766725667,0.264194534864819,-0.955293071859161,0.950444686899331,-0.23945947777465,-0.198277723531223,37.5626169772818,9.92315468638736,5.82883395792633,0.721559268098648,969.70711138199,355.226685153002,643.370444316426,6.38107321038599,0.298250989604461,0.0304394560287707,0.680675061571765,0.741768521350238,33,1,28,2.809905,4.472136,1
1686,362.310794780546,449.416963226572,6.45492289442467,14.7667973856746,15.7091878438383,14.6670677694069,11.0126536578572,5.70101674862994,-47.5435300137255,34.8893354208683,-0.671691044271134,-0.0670557175438448,-0.737790398277609,0.501406086494486,-0.774279712195533,-0.386112501362863,0.54536508640748,0.629280905500145,-0.55369889335331,15.4236614195624,13.4451798095234,7.57990878674478,0.869520371325425,768.956452142431,362.284994599706,449.064235610764,6.0446226226732,0.478386099284035,0.0833207379266751,0.995468015830697,0.89088317969954,34,0,6,3.93758,4.582576,3.162278
828,369.904589371981,620.839371980676,2.44685990338164,11.6504823111637,17.011750525883,15.6385723821616,4.83963649077836,-58.2762952498806,-0.652567142618229,-1.04193691788924,-0.525789504304911,0.850538466683971,-0.0113891989918308,0.85056189254185,0.525560504335415,-0.0181830481033811,0.00947966868736764,0.0192476744980564,0.999769804959119,18.0874784971801,15.2853091345068,1.46388008517959,0.846625766871166,574.63812915179,369.839751084411,620.915347145854,2.28263082262533,0.388314152366307,0.0912596401028278,0.841494411066034,0.742067211993818,35,0,1,2,2,2
2685,381.642830540037,290.116573556797,10.6115456238361,17.2444185725257,20.4965421514019,14.896023547363,12.4832538166962,21.4593605898611,-61.4290057904991,33.3347787940119,0.445093920503841,0.174962572437195,0.8782251990103,0.754806019741588,-0.600997591806396,-0.262811276783882,0.481829092617271,0.779865368438086,-0.399563177255544,26.2567650102622,13.8682198452245,9.73947661575374,0.89202657807309,1012.19898735139,381.577117792285,290.006542738949,9.91264101927376,0.532066333690204,0.0643802647412756,1,0.922956188266733,36,0,3,5.963329,6.708204,5.09902
1724,389.008700696056,573.454176334107,7.41821345707657,14.8769149339389,15.5209987434467,12.9882397320478,12.1417662097022,50.2619180538798,-64.2887663448161,34.9769370485274,0.277342108253353,0.333608766153639,0.900991978951551,0.960266442570723,-0.126646001644021,-0.248694892468968,0.0311402354222641,0.934165928201746,-0.355477572182574,15.0563376246296,10.5433982085715,9.21390541819161,0.924892703862661,716.271211388347,389.080706017971,573.48642585398,7.26110501303628,0.531759809664332,0.0453921712709739,1,0.970729294634943,37,0,4,6.202611,6.403124,6
1110,395.656756756757,297.265765765766,5.52432432432432,12.8462031447314,22.7702248177752,11.6543302101198,8.53748465864844,-73.9877908296856,26.823766805746,47.9962118390931,-0.246161211071969,0.857776265814464,0.451247754530675,0.735713613844455,-0.137724942034806,0.663142004962317,-0.630975543557366,-0.495228955279176,0.597175137866257,32.4051961407517,8.48896329040693,4.55554026854109,0.654095462581025,676.151904166578,394.536312549978,297.507444667364,4.80147971342017,0.347598385769254,0.0501984011702535,0.837344007065709,0.766752442758641,38,0,15,3.28787,3.605551,3
1206,399.563847429519,592.384742951907,3.93532338308458,13.2063528045373,16.4726051477565,14.0872574918154,8.77167789998893,12.5953460853498,-0.970713885054861,4.47424641395882,-0.975794416563368,-0.218032675313993,-0.0169413428977565,-0.218689226256791,0.97267212082939,0.0779997928232081,0.000528131577122545,-0.0798166515000473,0.996809421715283,16.9591700221184,12.4031764775443,4.80889582382214,0.809395973154362,692.863010861602,399.388260093878,592.516507247821,3.62855523334865,0.389721790759915,0.090454039497461,0.896315338474722,0.79080296011792,39,0,4,2.384158,2.828427,2.236068
960,400.63125,395.383333333333,5.05729166666667,12.2393269677835,17.8912361645793,14.3032353723547,6.89868631799161,77.0984775023154,4.89648776739712,-37.5880893098851,-0.22246117882448,-0.971197921796118,0.0853558469873319,-0.784037071979525,0.126176571990929,-0.607754343828484,-0.579479847516543,0.202123896112063,0.789524563862761,20.0060207185469,12.7864088823112,2.97449205712779,0.686695278969957,643.446883845952,400.715711887558,395.276757527344,4.87778036215852,0.242971237625688,0,0.594212490386625,0.731395433615772,40,6,16,2.24565,3,2
377,404.10875331565,444.753315649867,1.88859416445623,8.96287987778561,14.3254857548525,11.8361454043009,3.39581345308522,81.8916824901027,-0.858764287297379,-0.0189696657791415,-0.141029107699579,-0.989891993874143,-0.0149877031374174,-0.990002438794338,0.141049854979913,-0.000331045931904983,-0.00244171307161206,-0.0147911755455846,0.999887623267363,12.82622138203,8.75589612698464,0.720721813009661,0.851015801354402,345.7085647089,404.451373718868,444.743422116066,1.83507810140452,0.45642725685651,0.139245929734362,0.835268805065546,0.730020213720268,41,0,4,2,2,2
2045,403.758924205379,629.821515892421,7.22444987775061,15.7482232694358,25.6999349662974,14.6189205063717,12.2703395680869,-76.127733369413,33.6703035712699,-8.69405639178441,-0.199536703212186,0.807967302777744,0.554413150739834,0.939584640632433,0.318363018568354,-0.125800204672599,-0.278147096261733,0.495816322895994,-0.822678774972992,41.2804160794947,13.357052298226,9.41007706975993,0.570750767513257,1207.9321927365,403.751656288734,629.74667970262,7.05087459822611,0.452638758162217,0.107202478096741,0.934834296744614,0.645015934402041,42,1,42,2.684997,4.24264,1
1780,413.318539325843,562.629775280899,4.87977528089888,15.0362819254327,31.0787181772566,10.5490864860057,9.2104118760493,-52.9045099408482,-11.041572617018,-124.965748923205,0.591980069694308,-0.78286603556372,0.191521193201862,0.36244789801305,0.470843207107046,0.804324682915471,0.719854928656214,0.406727727948187,-0.562477943574201,60.3679202213335,6.95520160557682,5.30198043290437,0.798564378645132,920.585859897443,413.956471334887,562.015477828548,4.37769086667048,0.454838657815147,0.0609186740820548,1,0.771554294319232,43,0,17,3.781162,4.582576,3
2356,410.422325976231,696.662139219015,7.33913412563667,16.5091819737278,18.1527202819162,16.0926579973715,12.6665494016644,19.7591002967223,-35.255158984938,30.3777312428258,-0.7685106945084,-0.276061338649925,-0.577218719142951,0.566365515518774,-0.713234847112425,-0.412948127124545,0.297693492131371,0.644271829406911,-0.704480230081229,20.5950783520932,16.1858525887727,10.0275921090503,0.832508833922261,1025.64858429672,410.306095042959,696.513628456696,7.0468290769109,0.303516768269327,0.0110039350071597,0.7974335472044,0.834838361416197,44,1,10,3.58866,5,2.236068
2205,414.901133786848,251.709750566893,5.83174603174603,16.1486661848809,20.2497301527008,17.5158468492538,13.3661457811426,8.02661480033541,-8.52622304808814,4.15348968398584,-0.979259696267354,-0.138089871815519,-0.148262046958564,-0.149899559801577,0.986103206613997,0.0716281221091692,-0.136310561724553,-0.0923669486751955,0.986350737595289,25.6282232035749,19.1753056779073,11.1658658151722,0.683297180043384,1251.13357087893,414.989669118914,251.366802275143,5.36986827339185,0.348341613876471,0,0.962724935732648,0.654816342344972,45,8,54,2.772721,5,1
1786,418.299552071669,446.220604703247,6.41041433370661,15.0531576768863,15.748606153329,14.0243630223206,12.7143477503615,-71.6134189385275,9.83560879094985,-135.980796389907,-0.310790630253016,0.935002174709597,0.170821888044996,0.719838894535525,0.114181415636208,0.684685745606833,-0.620677976136424,-0.335758153455186,0.708537445960026,15.501162235792,12.2926723863646,10.1034149198202,0.800537875392201,848.906834069091,418.024564001876,446.175426563466,5.93967770985588,0.403688902239562,0.0608789120575414,0.854586129753915,0.83858108902333,46,0,9,3.859712,5,2.44949
459,416.923747276688,658.984749455338,6.11546840958606,9.57057478203256,12.0020388124977,9.24656223060884,6.05479889085516,-48.821006199608,-84.4768639457666,-161.809923218483,0.0633707815791791,-0.0724414322234415,0.995357414670459,0.510460211534351,0.859376302744898,0.0300456772400924,-0.857563126820615,0.506186338395186,0.0914378167921987,9.00305847854375,5.34368206778262,2.2912868505438,0.89126213592233,313.145792128086,416.951876809866,658.978945820319,6.03613392646134,0.240054852135051,0.0265811182401467,0.723345264520533,0.918923450299806,47,0,7,2.876537,3.316625,2
1337,421.026925953628,406.29468960359,7.57890800299177,13.6681875158653,14.9636925668062,13.2598480137044,11.5202980805972,42.979669667775,-44.81855699815,56.2512548374375,0.518951874036405,0.483586299484538,0.704863989280878,-0.807516097814176,0.00688489503265282,0.589805349239353,-0.280368871676348,0.875269609418287,-0.39407665069589,13.9945059521181,10.9889730841588,8.29482924161319,0.723093564088697,736.473528269183,421.045964941576,406.286267590054,7.47980476098562,0.27496317992202,0,0.618693961794544,0.796919746443429,48,0,18,2.795059,4.123106,1
1133,430.813768755516,388.159752868491,4.98587819947043,12.9343247998124,15.9074078818159,13.3779419297907,9.80282570509437,-25.3504336650977,4.84885722443491,18.2269272949513,-0.900471790339733,0.426621201428615,0.0845275416297013,0.43056372383171,0.847042922872839,0.311661942705888,-0.0613631365114847,-0.317037280619555,0.946425870406568,15.8153515949038,11.1855831423033,6.00596198777868,0.680072028811525,683.232394955523,430.789826593933,388.209728175692,4.70354011089117,0.299581428151701,0.0066301390207563,0.660101603119113,0.769252555744758,49,0,21,2.677115,3.605551,2
600,435.756666666667,867.026666666667,1.91,10.4644773592106,17.9458775125252,15.8085660586692,3.54960522479783,66.0666888127919,0.799826311118035,0.379393101088628,-0.405633530074132,-0.913929199354874,0.0139591491917096,-0.913960720200846,0.40574864725536,0.00662096521637721,0.011714999340532,0.0100724285554289,0.999880645363959,20.1284074809098,15.6194225519568,0.787481078244503,0.813008130081301,546.591537782742,435.743133055203,866.896409439104,1.79031464150559,0.337241762436228,0.0556983718937446,0.757794597059466,0.629393211397874,50,0,25,2.037771,2.236068,2
482,438.757261410788,370.782157676349,2.73236514522822,9.72783372317443,13.4113154408366,9.84834588562993,5.39708120409228,6.07596683882074,0.117874044669386,2.87050754095225,-0.994380325617659,-0.105846755205801,0.00205728873089676,-0.105611721616666,0.993145650670599,0.0500787461028643,0.00734386013502709,-0.0495800460515577,0.998743153544415,11.2414613658514,6.06186979268775,1.82053034522288,0.946954813359528,335.078611018202,438.686625799163,370.920420920641,2.56801192695581,0.384398533122061,0.0722259711635635,0.835268805065546,0.887228417201048,51,0,3,3.554611,3.741657,3.316625
1659,451.669077757685,519.159734779988,5.26280892103677,14.6875464999934,22.801781570895,11.0034681650518,10.5919893549523,77.188245068875,-7.4434733840908,-5.1942703624637,0.219879915588061,0.966886828992565,0.129547993584192,0.968498825859634,-0.232274313215208,0.0897700825938903,-0.116888181735784,-0.105728441495684,0.987501215001478,32.4950776754256,7.56726947870672,7.01188990596397,0.794920939147101,832.717697576777,451.166283577054,519.01936768156,4.9298266763516,0.423720159133232,0.0368583574277979,0.858394723949988,0.813861654778621,52,0,22,3.411243,5.09902,1
1148,451.299651567944,500.676829268293,4.90940766550523,12.9911547246727,14.3920847851087,13.016037881337,10.0439357462957,36.5782532701175,-37.177804960649,19.6841875698969,-0.639836375917934,-0.474807738485872,-0.604290512523683,-0.724553354961483,0.634819259778458,0.268378358345805,-0.256187134466707,-0.609558954399213,0.750203994421168,12.9457565288599,10.588577633025,6.30504032973223,0.845360824742268,602.625699287542,450.894858904419,500.642366842877,4.16742667714828,0.575104884588722,0.0491809873597155,1,0.87982791030417,53,0,11,3.306599,5,2
1483,453.072825354012,567.376938637896,5.92784895482131,14.1486230514908,15.5719347958343,13.762370011687,10.3264783904898,6.31928707982444,-46.2521927867547,10.8584184745671,0.687283916455013,0.0761110349469569,0.722390426667991,-0.243357220290324,0.961149610283915,0.130263924336881,0.684410754967238,0.265327226289314,-0.67910483835325,15.1553220803572,11.8376767711614,6.66475974682832,0.87389510901591,690.283899068904,453.097624829261,567.136191523764,5.28433143332813,0.451126593102636,0.0403394615422385,1,0.911067346967976,54,0,4,5.121046,5.385165,5
2881,452.210343630684,807.380770565776,10.3085734120097,17.6542068982602,21.0068234622072,15.4902161603755,13.2411820511382,50.0355758541218,-65.2837609777634,-3.58074729036103,0.268566347947168,0.320468807219884,0.908389707311452,0.728506463298787,-0.684541006924718,0.0261140339738205,0.630198738242322,0.654754422235969,-0.417308275595187,27.5804144982713,14.9966747934475,10.9580563819615,0.838231015420425,1152.95869931876,452.103208425519,807.204341632891,9.65300141627021,0.514699338954914,0,1,0.849244115281804,55,0,18,3.410778,7.071068,1.732051
1117,460.186213070725,843.561324977619,3.35989256938227,12.8731506081813,18.4517138099472,14.1496251798958,7.32402157130415,64.7703802150189,-9.78159953545998,-2.4127010717029,-0.420050435196096,-0.891456107135706,-0.169893027938236,-0.900756383574651,0.432338894870678,-0.0414851471193779,-0.110433551700043,-0.135606375338524,0.984588920121723,21.2791089077623,12.5132432957213,3.35258074855804,0.817117776152158,659.441373531743,459.907886883168,843.233170287344,2.96783832178489,0.38963122113053,0.0395141302529826,0.908938476071327,0.789484089015991,56,0,8,3.109676,3.741657,2.828427
352,458.150568181818,302.147727272727,1.98579545454545,8.76021329146161,13.1683783045984,11.0555534099764,3.65796255528853,-73.8709310999802,1.1383019022621,0.826246001906219,-0.277747244233476,0.96044875862628,0.0198658091692417,0.96061803322228,0.277497988748663,0.0144173676031749,-0.00833442072779871,-0.0230878386534089,0.99969869917763,10.8378866983136,7.63907882505253,0.836293128493311,0.909560723514212,308.735072017577,458.381029338682,302.145912630743,1.8636948676589,0.346883818090537,0.0903688610084036,0.832501869065329,0.780896121368939,57,0,2,2,2,2
955,467.834554973822,427.298429319372,2.61989528795812,12.2180411387947,26.4578023715674,15.9387594112392,5.49788939162829,-27.7623174341428,3.85807826438064,-3.04197558073971,0.882882166577397,-0.464749146395902,-0.0672852945589351,-0.461988772522022,-0.88530387937305,0.0529472872829559,0.084175138866516,0.0156611650687068,0.996327894774353,43.7509566458075,15.8777532230853,1.88917423516118,0.650102110279101,725.615987237259,467.341297339518,428.447948414671,2.38154223656925,0.548929592218689,0.0828049475319293,1,0.646317917914098,58,0,23,2.628344,3.605551,2
2208,466.413949275362,538.389039855072,7.56748188405797,16.155986524136,19.2772030018546,15.4399444421697,11.331012213094,-54.6832942644089,15.5741789768215,-108.01577282302,-0.556870008470943,0.786009672341365,0.268485732677533,0.39996259500064,-0.0295423642124589,0.916055222853455,0.727959968862249,0.617507930072609,-0.297923211636011,23.2256597234195,14.8994927735803,8.02448986083029,0.846625766871166,971.651550637355,466.152170820827,538.367383614809,7.05889675418177,0.472677359069273,0.069933355114123,1,0.843929735054578,59,0,16,3.743814,4.690416,3
2131,467.45471609573,678.987329892069,8.23932426091037,15.9659565289331,17.2911050772758,14.5662419594195,12.3960647866895,44.3643284212078,-48.1313120314769,-46.5320555291903,0.477148060703208,0.466676313004444,0.744676404250696,0.0946500259951555,-0.869716771548147,0.484390451874296,-0.873711108288251,0.160642323714664,0.459154596062447,18.686394674587,13.260962801272,9.60390138723771,0.879851362510322,883.898248958572,467.357618019335,678.992857831678,8.04289940417053,0.308261568521297,0.0206975081473906,0.741774443234432,0.906019372977409,60,0,2,5.04951,5.09902,5
859,462.552968568102,330.305005820722,2.56693830034924,11.7941011246583,19.9768600025919,16.6076470072645,5.12653939453184,43.3469864094968,2.27391623742545,-2.71419905363022,-0.726637462379398,-0.685874435498255,0.0396769076010153,-0.687011230443225,0.72510461216002,-0.0473167060260167,-0.00368341033748788,0.0616405723060524,0.998091615200763,24.9421834726973,17.2383711948688,1.64258788523043,0.716430358632194,661.481148836979,462.621249345157,329.931257802613,2.39385862884779,0.35702097345092,0.03987167736022,0.808291179063429,0.660635785606579,61,0,26,2.678334,3.605551,2
458,482.960698689956,444.934497816594,2.07860262008734,9.56361942000268,15.3476783832851,12.5301194801276,3.96538444079583,89.9324487123936,0.788358386703272,-0.176548837311685,-0.00117888050647775,-0.999904645322064,0.0137590153756732,-0.999994607595521,0.0011365901499845,-0.00308106194541794,-0.00306512979039896,0.0137625733853637,0.999900593335748,14.7219519847973,9.81274338664209,0.982767110206602,0.825225225225225,407.151522921855,483.064559697494,445.003599316691,1.97842927001852,0.456587246432553,0.171979506412469,0.949404915074502,0.705729675405113,62,0,22,2.149395,2.828427,2
790,490.441772151899,486.49746835443,3.11392405063291,11.4694560879701,15.3995945701183,13.3208350000225,6.4984134208724,-53.1130460227937,-4.00705143855452,-3.82137952442805,-0.598770817248551,0.797866153960557,-0.0698792442409817,0.800838505029901,0.59517867889806,-0.0664832990053437,0.0114541378102609,0.0957702487693765,0.995337561924433,14.8217195577511,11.090290318614,2.63933606178591,0.768482490272374,522.381552254873,490.773442027754,486.528272216392,2.84437804217376,0.317263687796606,0.037886508690036,0.754335927059195,0.791129696979757,63,0,1,3,3,3
976,488.813524590164,599.52356557377,4.13319672131148,12.3069489310655,16.0512180228081,12.508217355651,9.03207463604366,-27.4665643946073,1.24046651327441,-9.89085618462058,-0.887072200516798,0.461122816680517,0.0216485335972784,0.451076071547697,0.875807413375782,-0.17173162886643,0.0981493186292325,0.142573218427049,0.984905878061437,16.1026000009826,9.7784688385131,5.09864826444145,0.74390243902439,604.513978074222,488.856002041784,599.55237083076,3.81960098346748,0.313489773150004,0.0217589188216158,0.685946872322194,0.787126116194803,64,4,17,2.671162,3.605551,2
1945,489.754241645244,549.86323907455,7.74498714652956,15.4872268987519,18.271273549844,13.5353688277489,12.3465141626783,13.1141516127481,-49.8188044473633,58.5500668006317,0.628379949460996,0.146392213991989,0.764007826398342,-0.753155665856884,0.360264112388917,0.550423757038429,0.194666849008941,0.921292075840854,-0.336638870140959,20.8649648208269,11.4503880814499,9.52727574807596,0.834405834405834,897.905875923101,489.531481602313,549.624031217836,7.1891810977324,0.408001739190173,0.0768211669228226,0.997857754927164,0.839201750957898,65,0,15,3.664857,5,3
764,496.488219895288,786.030104712042,2.43062827225131,11.3422246636902,17.4505056187373,14.2068339170481,4.79333781981012,-65.0878725697174,-2.99313562861076,0.687678941511998,0.420653152220596,-0.905717606133827,0.0522163141756046,-0.906625568476752,-0.421765840207762,-0.011985600445789,-0.0328786269646629,0.0422988649144405,0.998563869722848,19.0325091468488,12.6146331216618,1.43600546592638,0.863276836158192,539.957097983359,496.543432935964,785.985928989197,2.27777687985009,0.399300441190535,0.083547557840617,0.918622752072087,0.748491907096176,66,0,3,2.354832,2.828427,2
1873,494.476241324079,618.532301121196,8.68446342765617,15.2937170735919,15.9664983391122,14.4481208949033,11.8783786528631,-6.39103582023009,-29.7979466094154,58.6633266180406,-0.862390291547901,0.0965959501599355,-0.496942861359961,-0.36392372719407,0.564081094468011,0.741196357012733,-0.35191263948472,-0.820049840727056,0.451304501300871,15.9330668258046,13.0467623371089,8.81849246379956,0.861545538178473,801.025430983461,494.468860530982,618.405366074986,8.57235566102089,0.329861591346931,0.0285615375031326,0.759962416404299,0.917338607453309,67,0,1,5.385165,5.385165,5.385165
800,503.4775,445.5825,2.54125,11.5176476459394,16.8805389443126,15.3890757567141,5.2037993143144,-21.5885977255971,-3.13195795843684,2.67888635967962,-0.928460858157994,0.367389940804916,-0.054635759936899,0.365162965565206,0.929773120518113,0.0466685433845256,-0.0679444143999016,-0.0233789597153135,0.997415149671632,17.8095371906534,14.8014782903679,1.69247045647869,0.802407221664995,583.71413453291,503.565160419024,445.191671882611,2.40979019839464,0.467545707943421,0.0976144943604524,0.872968308068504,0.71396552120111,68,0,26,2.706263,3.741657,2
874,502.25057208238,361.20709382151,5.65789473684211,11.8623555442026,17.7412104941733,10.7752726384599,8.52648037266985,-59.1248036768617,-20.0632448847351,32.6886104507235,0.482027788332125,-0.806201569606014,0.343057197039267,0.627272034885635,0.590912929660098,0.507298436633659,0.611701729216187,0.0293417573658841,-0.790544151675672,19.6719093624103,7.25665627707139,4.54380422159526,0.690363349131122,572.151192431898,502.425340897754,361.124575964054,5.54329597646293,0.301024584675404,0.0398029002834435,0.651346939947772,0.772646672941592,69,0,12,2.986027,3.605551,2.236068
