Volume,Centroid_1,Centroid_2,Centroid_3,EquivDiameter,PrincipalAxisLength_1,PrincipalAxisLength_2,PrincipalAxisLength_3,Orientation_1,Orientation_2,Orientation_3,EigenVectors_1,EigenVectors_2,EigenVectors_3,EigenVectors_4,EigenVectors_5,EigenVectors_6,EigenVectors_7,EigenVectors_8,EigenVectors_9,EigenValues_1,EigenValues_2,EigenValues_3,Solidity,SurfaceArea,WeightedCentroid_1,WeightedCentroid_2,WeightedCentroid_3,MeanIntensity,MinIntensity,MaxIntensity,sphericity,id,nb_branch_pt,SkeletonSize,MeanWidth,MaxWidth,MinWidth
550,23.4709090909091,862.910909090909,4.38909090909091,10.1653270484286,12.9502908789911,9.36115630007432,7.93161150232779,29.1483933001105,-32.5883974666767,-10.2156520024151,0.735860457928195,0.410389129486386,0.538600175322209,0.395925943314427,-0.906042455725174,0.149431308078589,0.549319609943327,0.103285191692242,-0.829204519590196,10.481877115655,5.47695295465132,3.93190381399116,0.773558368495077,396.009361324452,23.1195400823556,862.396573070277,3.59079423434069,0.319841826845947,0.0618541618707455,0.80378957018809,0.819760771170653,1,0,1,3.605551,3.605551,3.605551
1053,56.3019943019943,69.3703703703704,5.96106362773029,12.622438100505,31.8147047538186,11.7811131627856,5.52085919299388,-76.3919862436188,19.9043379191455,65.8912361334157,-0.221223098293736,0.913867405506378,0.340450739365273,-0.470117101539393,0.20592630787702,-0.858244875641177,0.854429781562839,0.349915305291409,-0.384069040019239,63.2609649107905,8.67466420964755,1.90499288930406,0.658948685857322,730.90565190137,55.1725892931949,69.6048320926874,5.41680341522782,0.311717602557075,0,0.804140954775187,0.684817818334451,2,0,21,2.261249,2.828427,2
797,94.1643663739021,878.459222082811,6.98494353826851,11.5032325524712,22.8105950735239,8.79360553503793,6.69385645310287,-82.2144616014871,35.7388372598795,-94.296007436059,-0.109955693514085,0.804205707677682,0.584091538376029,-0.153120672602923,0.566933840346915,-0.809407240078273,0.982071181272246,0.178435423635942,-0.0608029152787677,32.5202029755172,4.83296864411559,2.80048213842169,0.71415770609319,544.574619656106,93.2893733564314,878.641981752502,6.42389198285095,0.304014563843832,0,0.876302942393147,0.763365055240214,3,0,13,2.764525,3.162278,2
565,137.769911504425,602.796460176991,5.01061946902655,10.2569115048637,17.2891105989172,9.08421448424937,5.64030607981182,-28.9381318214134,-14.4220634444928,-44.8883681880106,-0.847564607883071,0.468617041917152,-0.24906285047922,0.496634457717168,0.534974620905539,-0.683488383511343,0.187052000449048,0.702993757448666,0.686156925284746,18.6820840813496,5.15768454974037,1.98831579212263,0.779310344827586,402.041489543939,137.605408722979,603.13202703508,5.19997722323671,0.298338816114719,0,0.869948319200345,0.822076467375727,4,0,11,2.557114,2.828427,2
894,152.135346756152,517.104026845638,10.5089485458613,11.9521572629837,30.3156319387918,7.57275267880652,6.80756795059923,74.2567945967607,-42.9515529940115,-32.5721958872195,0.198591897688255,0.704473523132601,0.681379713065864,0.711571054607353,-0.581718594106335,0.394043286347995,0.673964310937572,0.406596277007168,-0.616807567322543,57.4398462405183,3.58416144589821,2.89643633762662,0.675226586102719,620.399332164428,151.727804772342,516.911549826723,10.1154324968644,0.405391017181084,0.0645080106577897,1,0.723387747761858,5,0,17,2.537472,3,2.236068
793,158.689785624212,609.996216897856,3.00126103404792,11.4839560478955,32.5586884323354,8.7662533526695,5.2720311729138,9.68964828297922,-3.12741244903306,24.7620297060139,-0.984265823707258,-0.168060619335742,-0.054556544157047,-0.175360984546553,0.891254754225031,0.418226599070581,0.0216636419084268,-0.421213237327327,0.906702870470529,66.2542620271183,4.80294986519933,1.73714454301093,0.677777777777778,607.411377789171,158.681386096496,610.029518428571,3.01044596917866,0.232686371070742,0.0112951078198753,0.678753357978064,0.682103052942608,6,0,26,2.306625,3,2
1145,181.056768558952,565.023580786026,8.06899563318777,12.9798285160322,36.9026041809384,8.17558031729369,6.32649655558226,-45.7216495490815,23.8995899537438,134.097041978295,-0.638283675213217,0.654568213609544,0.405135043767284,-0.295089697574721,-0.694131510409891,0.656584736832454,-0.710996498121874,-0.299536141372113,-0.636209147741792,85.1126372084381,4.17750709528252,2.50153491673714,0.662999420961204,780.725598897851,180.765846084961,565.204134826504,7.99923187407169,0.394646236406703,0.0296183283481337,1,0.677937039916002,7,0,28,2.627563,3.162278,2
1233,240.476885644769,436.294403892944,7.85401459854015,13.3041812055772,15.0686347584875,11.1672375973155,10.5746312259625,51.2699496467221,-74.3848685292126,-76.1616623131788,0.16840933199782,0.209983414309485,0.963091513102976,0.398483002391927,0.879148220737118,-0.261361249575133,0.90158171770548,-0.427791271170521,-0.064381943194858,14.1914845927936,7.79419972218104,6.98892659781876,0.888968997837058,583.690125233931,240.487277539047,436.345667677286,7.81007444999194,0.354209468902348,0.0507874322495686,0.796036170162637,0.952672939846527,8,0,2,5,5,5
1510,248.403973509934,506.092052980132,8.21788079470199,14.233972037602,27.1415283038276,15.2387704828288,10.4886161759747,71.0095835482282,16.9680865345174,-53.4424562239946,-0.311244073564614,-0.904409820467943,0.291839002383246,0.63949485685526,0.0278395230844505,0.768291148595441,0.702974718412104,-0.425755607826336,-0.569700542107738,46.0414099167171,14.513757864271,6.87569183043238,0.469089779434607,1032.40711266909,248.869579869465,506.05096194962,7.57902586085856,0.368130995247394,0.0896248804404151,0.797638037042101,0.616525581425928,9,4,49,2.381098,3.605551,2
1386,272.887445887446,621.849927849928,7.70923520923521,13.8331643252601,49.6303758232636,15.822016989874,6.23327910663751,53.8446203443694,25.1313565943314,68.9689120767041,-0.534127763529177,-0.730986817489739,0.424694955095469,-0.0558929941297962,0.531792419028933,0.845028281343626,0.843554091587805,-0.42761559340087,0.324902137336607,153.948387772399,15.6460138517413,2.42836052632773,0.405026300409117,1030.87157852643,274.440888508167,623.055248450985,6.49985416495614,0.442985232082966,0.074642047983396,1,0.583160874467756,10,0,40,2.393392,3,2
697,274.946915351506,501.886657101865,7.06312769010043,11.0004736545923,15.4404554377691,11.4945383826553,6.24557336174872,-28.5097479839775,-61.1161477313211,34.9377110050696,0.424460758986878,-0.230556901546673,0.875600696224872,-0.049351296888082,0.959709153451865,0.2766275298595,-0.904100389102752,-0.160629561195634,0.395980593583007,14.9004790078583,8.25777578939604,2.43794916356157,0.800229621125144,456.837660744629,275.090511828141,501.691656765496,6.65574186186999,0.369573849529086,0.0892531876138433,0.778066438961539,0.832167487734802,11,0,6,2.688165,3,2.236068
1223,287.500408830744,438.789860997547,6.14963205233034,13.2681165634806,27.6891497194176,11.9515860064964,5.68218670336937,42.1618933553299,7.15208059908846,-90.0506781165367,-0.735483640334317,-0.666005037425291,0.12450343338526,0.0916945805343896,0.0842257623191246,0.99221878880738,0.671309108161958,-0.741176976899512,0.000877617739900192,47.9180632615203,8.92752550441756,2.01795285824672,0.7814696485623,768.254767262956,287.726982665071,439.060243706492,6.08600677977565,0.416779853090322,0.0979809976247031,0.8732708461992,0.719885067788804,12,2,21,2.633255,2.828427,2.236068
1284,291.43691588785,594.026479750779,5.82320872274143,13.4851402350806,27.2130295873099,14.2577355035754,9.15109592839111,43.107083102777,1.16448124534383,-72.3721583738386,-0.729927022303613,-0.683222901192178,0.0203226326425398,0.221085612173603,-0.207856040688054,0.952846796940258,-0.646782571039761,0.700001666880893,0.302770494208348,46.2843112074877,12.7051888556197,5.23390979316353,0.533444121312838,898.134828689514,291.480598530997,594.059099553047,5.4786954082909,0.463424501656554,0.184589294773641,0.860576984781885,0.636091026321047,13,0,31,2.256669,3.605551,2
1558,296.159820282413,474.694480102696,8.61745827984596,14.3832250906489,18.3214183696637,13.09528530311,10.4612459797776,77.4486088089768,71.2655734432291,-92.4998895467115,-0.0697977494123934,-0.313506294212174,0.947017464287916,0.163030371548161,0.932984154102674,0.320876403224335,0.984149059914113,-0.176789059850058,0.0140091465656946,20.9796481922657,10.7179060731156,6.83985421558832,0.793279022403259,752.582857749216,296.164717380128,474.679436492533,8.02656044342537,0.386117902611318,0.041824944205527,0.711662611698213,0.863590994601759,14,0,13,3.835489,5.385165,2.828427
1992,312.510542168675,515.282630522088,6.93524096385542,15.6109825136063,53.7751270704798,15.0752007577782,9.10693743805363,-85.8885824446953,11.0269471900509,107.731075386745,-0.0703725037479754,0.97901136306664,0.191270650395301,0.290704009379718,0.203550823898924,-0.934910819822204,0.954221614535532,0.0101888702253804,0.298926909589505,180.73526821539,14.2038548679571,5.18351934378892,0.334172118772018,1488.72525821365,312.30084535367,515.405497338031,6.47316625741312,0.427039472960668,0.0837887067395264,0.818571108302152,0.514275447065477,15,5,67,2.10625,3.162278,1.414214
1362,312.71953010279,449.055800293686,5.30176211453744,13.7528538691477,32.3127616580343,13.9360304364515,7.06376756039653,-81.650007897542,4.34307983345683,62.245758802604,-0.144802532365458,0.986558373762016,0.0757284740411223,0.470475622057809,0.00132009105333776,0.882412004909797,0.870450984070825,0.163403893832605,-0.464342817119502,65.2571603730582,12.1383090203564,3.1185507592069,0.51905487804878,950.20039157895,312.638428196558,448.883889203468,4.8293991276719,0.500885760792345,0.0649038461538462,0.973063459814813,0.625345925466774,16,2,38,2.307276,3.162278,1
1242,314.786634460548,596.441223832528,6.41545893719807,13.3364730342048,36.8151093195752,10.5186012799939,6.84690167395248,32.1529779028326,-19.6940703666752,108.513682583265,0.797106934494542,0.501051896259025,0.336997822301495,0.101562773666589,0.43889404416159,-0.892780499901646,0.595235699522352,-0.745867961005646,-0.298957265774586,84.7095171382669,6.91506080546815,2.93000390829832,0.578751164958062,843.460377966818,314.364113673654,595.414861535174,5.75492853311574,0.465557947128074,0.125702271456702,1,0.662471453512943,17,0,24,2.521677,3,2
1052,312.250950570342,308.022813688213,5.50095057034221,12.6184411280717,31.5308963115584,10.0046822532371,5.86224817765794,40.3558930982467,-7.4009298759401,82.421593369738,0.755688535955501,0.642138914053995,0.128811690785379,0.182700422831429,-0.017818265222171,-0.983007154054176,0.628931945541526,-0.766381187453103,0.130784109873189,62.1373388881405,6.25585418676483,2.14787210602837,0.670918367346939,734.273007666648,312.287140656363,308.036707778828,5.2907467901027,0.333436988611302,0,0.884551449912489,0.681245616484812,18,3,24,2.489342,3,2
394,334.149746192893,386.355329949239,3.62944162436548,9.09562471688421,11.0396722889062,7.94078344521188,6.90149990868161,8.66985022678341,-4.0881657889106,-51.6662862278998,-0.986057949281352,-0.150357086016427,-0.0712914254570957,-0.0382126627535224,0.621583114011344,-0.782415634289887,-0.161955281063451,0.768782920635344,0.618662515330491,7.61714776540268,3.94100260773444,2.97691881184577,0.869757174392936,287.265970614231,334.098842076107,386.271042720865,3.48406268402797,0.361772120096809,0.141995641164146,0.663532828132496,0.90475450929716,19,0,2,3.534826,3.605551,3.464102
936,347.844017094017,572.860042735043,4.69764957264957,12.1364706177901,28.7619523186772,11.6468128141224,6.38345237004409,71.1420327840391,-11.8384097937632,-59.9590303376088,0.316348339580372,0.926194523929826,0.205152216383702,0.416344865015852,-0.329872650133461,0.847254972289251,-0.852397021005865,0.182613631846943,0.489970999186682,51.7031188238662,8.47801554545037,2.54677901003884,0.578849721706865,684.066799431254,347.335143646223,572.591129877385,4.38257499693729,0.424730874060171,0.121491258084143,0.769677770999108,0.676450741961203,20,1,29,2.247928,3.162278,1
1414,354.125884016973,731.573550212164,5.73620933521924,13.9256966034574,37.0084480562918,11.3031770133265,8.74855090702736,21.7859442587557,-17.1686022958734,104.221862401402,0.887199761546191,0.354602146851323,0.295184519514174,0.174520096882536,0.334327374110081,-0.926157623034421,0.427105746737843,-0.873202453254164,-0.23472996556558,85.6015767209531,7.985113162162,4.78357143580309,0.500530973451327,948.969195050945,354.050703995981,731.318184241339,5.46916807878563,0.446269460043659,0.0655737704918033,0.842292325996412,0.641994956069551,21,1,34,2.721822,3.316625,2
875,360.580571428571,616.484571428571,5.69485714285714,11.8668779828962,19.0659302538971,13.5309874950459,8.56288058431375,-60.197295683352,10.4487733985897,-92.6789508266525,-0.488773141806119,0.853352617451671,0.181356351246262,-0.130596110698417,0.133968316174282,-0.982342682637721,0.862580704467369,0.503827153446308,-0.0459644180945226,22.7193560279044,11.442976411943,4.58268274382609,0.560179257362356,623.677715529249,360.519367644316,616.589298197867,5.28065816910461,0.348402754361939,0.125033803108612,0.64461000724341,0.709353310407831,22,3,24,2.380353,3.162278,2
741,361.946018893387,547.234817813765,6.51012145748988,11.2272448794261,21.3430823191026,10.5208228294079,6.01317510854026,-69.3198334840499,-37.9834977558752,98.2577990061567,0.278349403134278,-0.737402197314592,0.615434488122337,-0.349460777473676,0.51908787712798,0.780015987545295,0.89465008510718,0.432187199271773,0.113205344411542,28.4704476799993,6.91798206298688,2.25989218037301,0.66636690647482,538.706890380604,362.106393705286,547.205369466081,6.04870715846398,0.420133196754619,0.0653442991120385,0.816758008595198,0.735095446711583,23,0,17,2.236479,2.828427,2
454,369.460352422907,473.464757709251,3.43171806167401,9.53569628467031,17.2072135508093,7.61025084602179,6.25377822545947,-3.56754616940952,3.57429965548934,63.1525395591515,-0.996120697134117,0.0621041601082911,0.0623428427189979,0.0836171875464992,0.44728042430408,0.890476494906618,0.0274175616686747,0.892235000059741,-0.450738263275416,18.5055123864471,3.61974487121096,2.44435888082694,0.721780604133545,362.352190756882,369.453418313322,473.245028188397,3.37644486382559,0.546527099961509,0.2178249948924,0.930509148937201,0.788358585642322,24,1,14,2.324045,3,2
1334,375.766866566717,700.656671664168,5.90254872563718,13.6579568327643,35.1918572800975,9.69311120372085,8.85620336791899,22.7380092410191,-11.7298549979029,53.8900202917919,0.903021879931206,0.378446306630186,0.20329750948667,-0.379266292567549,0.480052638456345,0.791016146253139,-0.201763633213664,0.791408780156672,-0.577029963696297,77.4041761764221,5.87227530048117,4.90202113087123,0.564775613886537,889.25244659747,375.674741155342,700.335250053039,5.65997282385869,0.392088657775906,0.0833686529562222,0.867158835525915,0.659016480545706,25,1,26,2.657109,3.316625,2.236068
433,372.256351039261,733.875288683603,4.33487297921478,9.38634309355595,10.8917235969845,8.30844603948645,7.02606824582359,27.4664730261446,-32.6150928727704,104.464245288378,0.747365949416655,0.388498420516489,0.538992685394465,0.347875565783828,0.462340930868448,-0.81561231867492,0.566062477455558,-0.797063260287344,-0.210388760909381,7.41435268206936,4.31439222444113,3.08535218718566,0.91932059447983,289.527842366845,372.215558920974,733.719238031491,4.18454781071351,0.398025304675672,0.164585856803897,0.653033148987762,0.955987884051633,26,0,1,3.605551,3.605551,3.605551
750,381.001333333333,482.424,5.996,11.2725165178683,19.4630247512107,9.94371656044788,8.07311183630287,45.2245047416533,43.410818462682,-88.5532219794446,-0.511657440053238,-0.515682936664319,0.687224688781939,0.501802222782123,0.469902877403246,0.726213339879592,0.697424686435093,-0.716423334796833,-0.0183415405431729,23.6755832791401,6.17984368965784,4.07344592009085,0.660211267605634,531.071275549438,381.042204110226,482.472306942621,5.70517671456533,0.391863214319094,0.0948375637085404,0.770756643137202,0.751690084225387,28,0,17,2.514309,3,2
1118,386.437388193202,432.932915921288,9.68425760286225,12.8769910471348,28.4206405506665,13.382900490137,8.6688591743849,47.8159806223748,73.13549258441,6.83073319343439,-0.19481252547086,-0.214968741909244,0.956993479560662,0.659299510078365,-0.751088268529735,-0.0345046212474943,0.726203990577093,0.624223399816894,0.28805018866674,50.4833005818868,11.1938765955569,4.69681996158233,0.474936278674596,787.287856521341,386.695302642031,432.884512241367,8.96955087466717,0.30023428392977,0.0508366043753256,0.587341716486187,0.661675581081815,29,4,28,2.511852,3.162278,2
411,391.676399026764,151.450121654501,2.94647201946472,9.22460403489074,13.0751325938716,8.76213685515437,5.40915819226035,-41.3212243306253,-7.16591370343504,-14.8420398220509,-0.745153447209381,0.655122528958919,-0.124742984421759,0.66224788060123,0.704864064281725,-0.254154275044562,0.078575344422761,0.271994711225639,0.959085393650704,10.6849432717077,4.79844014177841,1.82868702180608,0.88961038961039,301.774185094651,391.523406035531,151.694085700242,3.13523113052298,0.421211974328073,0,1,0.885856249243859,30,0,3,3.310036,3.605551,3.162278
2733,405.35492133187,397.34174899378,15.9824368825467,17.34657226855,46.7158039078704,23.6745751354985,11.0772319450351,-11.1356429661782,37.425733001622,89.6509801374059,-0.77919021426666,0.153374485707267,0.607732570400096,-0.597456016481693,0.111393837816264,-0.794127018345549,0.189496486407804,0.981869482177033,-0.00483752090455231,136.397895922413,35.0303442403977,7.66906672275657,0.335255152109912,1826.81705238499,405.497861987828,396.383867687889,15.9308680062863,0.444205367036421,0.116983372921615,1,0.517466399848605,31,10,70,2.439198,3.316625,2
1268,398.387223974763,765.177444794953,8.43217665615142,13.4288929067425,28.783916384412,11.7595543173863,6.77082165250208,36.6188031464861,12.7925856744826,-94.774466367052,-0.78269909976862,-0.58168228537179,0.221422307155455,0.127453729287114,0.198422742136126,0.971794197499649,0.609210691068533,-0.788843542337663,0.0811677251126813,51.7821151515514,8.6429448589725,2.86525161562444,0.656654583117556,762.319599035696,398.281903680362,765.078513116251,8.35788599341573,0.302118467576022,0.0637019230769231,0.565170666888921,0.74317862130852,32,1,18,2.918218,3.316625,2.44949
1020,412.224509803922,582.203921568627,7.87156862745098,12.489177840522,20.7658837770138,9.5525408087173,8.10779875711973,-75.7328989412508,41.2242596987873,-88.6107048193372,-0.185358313842559,0.728938114506665,0.659007982280117,-0.138862269860938,0.644469810340126,-0.751914844626191,0.972810138464085,0.230885012028995,0.0182358361985315,26.9513705650278,5.70318974388808,4.10852504287202,0.779220779220779,587.635866670696,412.169307443982,582.210950736856,7.71325076201799,0.382604291684074,0.124858543945681,0.713789550254134,0.833890981540145,33,0,8,3.505834,4,3.162278
1360,416.345588235294,520.6375,5.91470588235294,13.7461188759702,30.7459410895627,14.1618876589193,9.42889843874516,88.3049620731302,-6.16250442570336,-47.4647626170096,0.0294087492862399,0.9937863823136,0.107348739133102,0.673407904961598,-0.0990637112678653,0.732603695489634,-0.738685940708669,-0.0507445311130639,0.672136945541208,59.0820558426787,12.5349413789906,5.55650786051067,0.508982035928144,946.709908215207,416.054278290009,520.273765896061,5.34757247777261,0.375229555167129,0.0653206650831354,0.824788171361224,0.627036960525012,34,4,39,2.36502,3.162278,2
1285,422.519844357977,433.697276264591,5.9284046692607,13.488640141865,19.0513630112995,11.5084977104911,8.63029791700651,-32.8702853764579,24.5949153070813,63.2938332428454,-0.763699753102201,0.49349788571843,0.416200100796573,-0.556191410356072,-0.175673486217794,-0.812274547973904,0.327740449376884,0.851820792791257,-0.408641083116605,22.6846520367694,8.27784497202369,4.65512763351793,0.880740233036326,648.237819088978,422.206440178215,434.05874894232,5.33306462713654,0.536777085910712,0.119631698011427,1,0.881762946299407,35,3,9,4.305494,4.472136,4.123106
878,419.561503416857,557.502277904328,4.17881548974943,11.8804246590224,36.9192928163572,9.72319739346647,5.17165190903484,10.0376300225136,3.40048371608722,-82.6469784099021,-0.982959771041457,-0.173988053838232,0.0593148011520707,0.0802332786721099,-0.115770238628455,0.990030238347008,0.165386545727422,-0.97791891737991,-0.127757119264862,85.189636378745,5.90878547201957,1.67162396676398,0.587290969899666,690.900691804223,419.511346486585,556.975865286243,3.92497318056738,0.427715018197713,0.139589442815249,0.802574425100123,0.641797726338929,36,3,33,2.116728,2.828427,2
600,426.55,51.0466666666667,2.69333333333333,10.4644773592106,26.3140585080734,7.04999812683028,5.10897533984608,65.2958572013267,-1.82806304995006,-23.5669925163389,0.417720058336501,0.908015596411172,0.0319003062275734,0.827374246855747,-0.394661438663147,0.399617572777051,-0.375448809431108,0.140534783973214,0.916126719395502,43.2768546978945,3.1064045992694,1.63135181394721,0.834492350486787,479.911551641914,426.326444600789,50.9394340749199,2.70540220420983,0.387544931286951,0.0322535058072223,0.928781487670796,0.716842514232025,37,0,21,2.439911,3.162278,1
661,426.995461422088,631.14069591528,7.27987897125567,10.8077248363501,17.8540336104818,8.56134386423651,7.33757652029543,44.9595411399113,-59.9540198352961,83.6811848202536,0.354294625751194,0.353794615304711,0.865623872328631,0.686569132611424,0.530060635172358,-0.497653040969181,0.634900105771781,-0.770626429096529,0.0551068277885176,19.9229072602634,4.58103804760626,3.36500182444942,0.735261401557286,462.20110716227,426.825912823121,630.98458355371,6.77895239722503,0.429854090512781,0.148281294138857,0.955243404195165,0.79393957293053,38,0,15,2.712369,3.316625,2
535,450.132710280374,886.829906542056,3.54579439252336,10.0720619095798,21.5441617790329,7.89686460226211,5.0069198443404,69.1832625711091,-12.1951174209165,-24.4328611464919,0.347360489952676,0.913628872881692,0.211241503158744,0.819962986710698,-0.405225972782685,0.40429272984658,-0.454974054693572,-0.0327748931234884,0.889901351800544,29.0094316725714,3.89752940915377,1.56682789547811,0.793768545994065,420.158722524313,449.467354637903,886.469133201818,3.30615269666868,0.305990091536652,0.0506131937282565,0.719193373059486,0.758530873272356,39,0,15,2.344737,3.162278,2
1722,459.572590011614,396.166666666667,8.34901277584204,14.8711598405469,29.450577328157,18.4621078712236,9.79858735193318,44.9987453207209,-24.9556094324174,34.3725466515052,-0.641101755092182,-0.641073677649803,-0.421915962535527,0.752059689873104,-0.415217086718229,-0.511860326422353,-0.152953465098688,0.645460541568408,-0.74832207423844,54.2085315601098,21.3030891905436,6.00076963084155,0.43727780599289,1183.37021023433,459.165737561229,396.432329850261,7.93698425794398,0.440694394040167,0.0694235760480819,0.989904988123515,0.587109251073068,40,2,43,2.290598,3.316625,2
507,457.70808678501,474.187376725838,3.33333333333333,9.89319218310851,11.339871121903,9.86401031951965,6.62189238510902,-39.5467077354521,0.179709916459721,6.1455635155797,-0.771102000691351,0.636703908220487,0.00313652459794002,0.633306886187844,0.766460551643789,0.107054241770031,-0.0657578317529779,-0.0845361226379392,0.994248234362269,8.03704231633557,6.08116872397439,2.7405911724978,0.954802259887006,325.417960554392,457.8722010062,474.18144829476,3.20514523137498,0.39655891084575,0.171121118585812,0.698542224999764,0.944889983277983,41,0,1,4,4,4
834,461.561151079137,829.281774580336,7.51199040767386,11.6785558710556,16.6170120142901,12.9175551599137,7.01936780137254,-81.5250692517441,-71.7890654710274,-124.381913161945,0.0460575956871105,-0.309103669778867,0.949912427126185,0.4430034996655,0.858619057916646,0.257917065481232,-0.895336024721245,0.408935489669909,0.17647993689026,17.2578180176914,10.4289519568384,3.0794702706841,0.727748691099476,537.524163424892,461.746068113827,829.265182926453,7.25135426318004,0.31374917349391,0.089692644955694,0.637910224942217,0.797131857818556,42,0,13,2.757228,3.316625,2
878,462.99430523918,428.654897494305,9.50455580865604,11.8804246590224,20.4800855634688,14.398666912181,6.67798673643838,-17.0868051770062,-60.3991792196733,-60.0872020312875,0.472151526732845,-0.145133760194811,0.869487853541128,-0.866916028433779,-0.255229571443011,0.428152385845997,-0.159779646539996,0.955925759414785,0.246325814803933,26.2146190429376,12.957600552996,2.78721917825294,0.598908594815825,606.258685391189,463.018903901413,428.412494096132,9.276497956583,0.321642374626581,0.026782346284421,0.658444121635583,0.731401469060731,43,3,26,2.57457,3.162278,2
404,465.653465346535,445.324257425743,2.89851485148515,9.17193385896786,16.6833486088531,6.4780572378005,5.79616820690731,15.3920563615949,5.06311770506689,-13.8917191313884,-0.960370247395976,-0.264386793523561,0.088253109446192,-0.278087665383782,0.930308592737607,-0.239150941122904,0.0188742755619783,0.254215549659935,0.966963399531289,17.3958825502826,2.62282659851372,2.09972286767269,0.893805309734513,311.880886548023,465.681269152083,445.419133267132,2.74722650043152,0.350921903181361,0.129991729511734,0.662108169119856,0.847389232299152,44,0,10,3.015298,3.162278,2.828427
536,469.44776119403,289.253731343284,4.92723880597015,10.078333431692,21.004070633608,7.61448864362573,5.59482590905946,13.5090661609335,-20.9589210718119,105.257354122968,0.908000622436009,0.218143626570606,0.357698515292481,0.274070458819792,0.33648729700204,-0.900922684007107,0.316891548101444,-0.916072954050541,-0.245743951296843,27.5731864488497,3.62377733149407,1.95637980954269,0.731241473396999,421.81253680309,469.500483771843,289.378078088291,4.87195173330327,0.3981461997504,0.105421006318836,0.758385810763053,0.756498087179002,45,0,17,2.469728,3,2
1253,473.006384676776,719.842777334397,4.55945730247406,13.3757296704174,31.3206206240001,10.5938616788826,7.41168451236335,4.10199100934423,-6.65881792345075,54.1476880563176,-0.990709829989081,-0.0710495674411999,-0.115956852878244,-0.135641880678812,0.577474513506613,0.805061778037074,0.00976283611064443,0.813311222851818,-0.581746974048304,61.3113297670338,7.01436907945612,3.43331670692541,0.691501103752759,824.55829614338,472.964873116678,720.166279400647,4.3471142301644,0.407548471464183,0.104567307692308,0.769718754734869,0.681653192200987,46,0,23,2.370019,3.162278,2
1065,471.691079812207,691.200938967136,5.35305164319249,12.6702055872969,16.1970678753553,12.4078685672914,10.4017941130909,14.3851390329407,-1.64849898427007,-61.6185694848845,-0.968246730175889,-0.248335831423338,-0.02876776555416,0.0935761743037597,-0.466724056734475,0.879438545020621,-0.231822710506051,0.848821518163032,0.475142358874721,16.3965629849292,9.62220014894858,6.76233254819582,0.660260384376937,682.738642911023,471.887544497065,691.071070961188,4.90499892090312,0.423428548605552,0.141826923076923,0.896039131080184,0.738690836798327,47,2,20,2.576314,3.316625,2
904,471.442477876106,376.140486725664,8.20796460176991,11.9965564718005,23.8851421064382,9.78378379848686,7.76365698733428,-55.8510580241167,-44.3163115746011,87.1771702143122,0.401639707667597,-0.592129231364486,0.698619008178556,-0.350934705295855,0.60510739485783,0.71462568755068,0.845890287119789,0.532191707988835,-0.0352364598722433,35.6562508402968,5.98265158847087,3.76714811356153,0.576530612244898,625.518017413256,471.914423645605,375.936626999115,7.68207747131042,0.394023572618067,0.050394656952034,0.836913703225043,0.722808505708343,48,0,20,2.503036,3.162278,1
795,481.230188679245,672.695597484277,4.05660377358491,11.4936023825847,17.8214389848681,9.07549987117156,8.07135940432903,-6.48476596911305,-6.6441904110069,-150.253408513547,-0.986928712909198,0.112180516340284,-0.115703273026397,0.0410162727880584,0.869156930527691,0.492832522752159,-0.155850508507252,-0.481644850350659,0.862397157421522,19.850230468211,5.14779361947718,4.07167766461567,0.812883435582822,489.715773575437,481.152351083775,672.581906421834,3.87339547185583,0.452969971752257,0.190047580371787,0.781363330652054,0.847457870735913,49,0,13,3.249061,4.123106,2.828427
3055,485.063829787234,448.087725040917,6.05171849427169,18.002695289549,51.4746145293174,21.720206909237,10.9442086302554,-3.47747567427274,1.1041688943234,17.8922303622236,-0.997973375470192,0.0606448813580208,0.0192701898719616,0.0636320078681277,0.949524742244852,0.307170525017484,-0.000330797975182551,-0.307774206570203,0.951459367678295,165.602246308863,29.4854617612543,7.48598140890979,0.389072847682119,2199.50555681242,484.704757923503,447.707430103485,5.77351050732112,0.397374731118193,0.10332541567696,0.937259209160692,0.462913525950584,50,4,96,2.154316,3,1.732051
1203,483.054862842893,496.462177888612,6.14630091438072,13.1953931706199,46.3774941291864,13.4007463562674,5.06851096908493,-2.73854495695412,-8.34895310044732,85.8055692771959,0.988272152971013,-0.0472720781386349,0.145201591900689,-0.141152726318113,0.0799766478264612,0.98675206797625,0.0582585574401159,0.99567519123,-0.0723661112268701,134.42949760642,11.2237501815633,1.60561271523339,0.513663535439795,1003.61467994572,483.01766496159,496.524094303914,5.8260838318092,0.373918473714021,0.116842199459754,0.739635477360339,0.545038947853387,51,5,56,1.997971,2.236068,1.414214
3224,480.325372208437,565.126550868486,7.91656327543424,18.3287200085548,73.8567925232008,14.379988377396,12.7760280738813,41.486210333661,-8.26628945170814,-78.1758236339017,0.741332281483272,0.655557389943489,0.143773978595877,-0.0303220056144341,0.246721168280062,-0.968612017836883,0.670452850248491,-0.713703841668939,-0.202780181429727,340.926612613445,12.9240041083778,10.2016808340378,0.363185760955278,2101.48974758134,480.667191730804,565.687504917608,7.60056105901961,0.549385468111068,0.182110548219763,1,0.502211751766965,52,2,72,2.387611,3.464102,1.732051
542,493.206642066421,687.688191881919,4.41881918819188,10.1157996997715,11.9173093195432,9.24931103593005,7.40915264628042,28.1252542545217,-36.3414430549337,39.1931472973663,0.710385768034762,0.37971315688316,0.59259596612151,0.695608782419494,-0.506973492305898,-0.509024851967004,0.107147012998636,0.773818968873848,-0.624278560433148,8.87639133860446,5.34685966496109,3.43097143349276,0.906354515050167,348.060540134707,493.138975674196,687.630292844146,4.16796069702011,0.342574455649944,0.148973607038123,0.663926011847129,0.923624672777979,53,0,1,4,4,4
1506,499.519256308101,316.709163346614,5.72377158034529,14.2213922943826,33.7301277708761,12.7323271718696,6.20268498924937,25.0815790522449,-4.07859925202871,92.0460182386335,0.903411362980615,0.422834672696961,0.0711248817416338,0.049242659558012,0.0624668377875197,-0.996831507656375,0.425937870724313,-0.904051289331574,-0.0356117472297722,71.1075949649767,10.1320097007205,2.40458131724121,0.679602888086643,980.874822830157,499.643215567023,316.989309576744,5.46643212285555,0.433432946776037,0.0634677487021562,0.995504925034494,0.647769534313146,54,5,38,2.362023,2.828427,1.732051
1886,493.879639448568,618.95652173913,6.03923647932131,15.3290187474814,33.9440282260534,13.4448832892923,8.29049508437996,-7.00037777057382,10.0285299128226,85.9539393934738,-0.977380410888981,0.120013765946177,0.174138532191763,-0.181008979192481,-0.0488620214329283,-0.982266894643805,0.109376788498208,0.991569059039714,-0.0694803518479445,72.0123157631945,11.2978054164182,4.29576929650801,0.593641800440667,1120.30035301854,493.92584692081,618.544350216843,5.8386246957439,0.696874786818804,0.254401942926533,1,0.658937328149378,55,5,40,2.410804,4,1
486,497.816872427984,703.146090534979,2.67283950617284,9.7546692625072,12.0528752837877,11.1489464438611,5.35058125720346,-23.1455938569945,-2.119965818239,1.85347557235505,-0.918879653635758,0.392799921566948,-0.0369919417066687,0.391763152626702,0.919498208082096,0.0323214723953147,-0.0467098959345672,-0.0152074636548167,0.998792730585765,9.07948766290879,7.76868792550518,1.78929498687106,0.947368421052632,336.969261416949,497.839057166219,703.214446876693,2.54343792566558,0.728868234138869,0.3123778324319,1,0.887124727114045,56,0,3,3.247219,3.741657,3
555,515.331531531531,452.805405405405,4.51351351351351,10.1960381928719,15.7453399413527,9.73849624436303,5.88686099404994,6.17561120440736,15.3151876276595,-79.2758081731741,-0.958890368968915,-0.103755865512271,0.264128719889483,0.278027455833541,-0.157083937780005,0.94764200534498,0.0568330370593201,-0.982119828159134,-0.179473254373142,15.4947331167973,5.92739431884206,2.16594577270417,0.797413793103448,402.325534049227,515.328962907888,452.878851846749,4.27140775400212,0.475862343737774,0.102137767220903,0.799390736237463,0.811774086187274,57,0,8,2.633062,3,2
1649,533.55609460279,790.369921164342,7.24499696785931,14.6579761633131,45.6038815042676,11.7650238766076,7.02947346821061,43.6655929688425,-16.5976147199443,-71.7044967212419,0.693241809057799,0.661680243813339,0.285648471239372,-0.0205563930200588,0.414338287756455,-0.909890772568364,0.720411846710113,-0.624902422979916,-0.300838383311631,129.982125515955,8.65098667607168,3.08834357751731,0.483011130638547,1130.04813863565,532.655214009547,789.491685715399,6.74391227584792,0.345791762877951,0.0647159885436535,0.718655828113745,0.597311602281269,58,3,40,2.536339,3.316625,2
1859,528.983862291555,375.123722431415,8.16568047337278,15.2555167291328,41.4114887488887,12.5135775978759,9.14635284376798,7.52964802364086,-21.962057069699,78.6468390711845,0.919434656385357,0.121529914706937,0.373992503225485,0.38930845580777,-0.147109736431056,-0.909284142435001,0.0554872856978039,-0.981625796970775,0.182570413395436,107.181962524959,9.78685151862883,5.22848564641892,0.557254196642686,1100.73482528702,528.97454238433,375.26797248092,7.90152429959075,0.366268984975891,0.0767704779362778,0.724168694987105,0.664233860368076,59,1,29,2.968488,4.123106,2
657,526.403348554034,993.954337899543,5.94216133942161,10.7858799565082,22.7504969879719,7.94049715294258,6.85648342825297,65.852017902358,27.6354614484121,4.2104199995402,-0.362423871545584,-0.808391784850674,0.463844434611274,0.896097387669985,-0.439065825496626,-0.0650436214551039,0.256238968825858,0.392076425033319,0.88352570295841,32.3490695749825,3.94071843974307,2.93821031261922,0.680829015544041,472.808909648796,527.029296763084,994.283992220774,5.65166979511423,0.423763121556739,0.00300480769230769,1,0.772992687818238,60,0,9,2.476808,3.162278,2
1773,532.4179357022,553.331641285956,7.33276931754089,15.0165455491997,40.620662058423,13.0255906354406,6.51069615971884,-5.00895552808003,3.72052545385569,70.5291834576565,-0.994081548227007,0.087127435916773,0.0648897941525924,0.0900484352839556,0.326712117387703,0.940824357494509,0.0607713318720965,0.941099358337159,-0.3326241767519,103.127386629038,10.6041257126299,2.64932278026111,0.56232159847764,1131.45484098119,532.381645473057,553.138506063384,7.22232153227498,0.510586734248245,0.152612826603325,0.979105849767751,0.626113003100639,61,1,33,2.580653,3.162278,1.732051
508,535.165354330709,286.913385826772,2.33267716535433,9.89969231124869,31.5263095339002,5.76512155911699,4.3042873887249,22.7448964079316,0.885176385656396,-12.9617520610012,-0.922125357125916,-0.386582676336627,0.0154486278294211,-0.379973189869445,0.897397147546393,-0.224273793734437,-0.072836808866399,0.212678616536803,0.974403717840891,62.1192620517054,2.07728916196223,1.15793062029601,0.835526315789474,455.518753003142,535.111334631736,286.881945581648,2.36262301197628,0.33077876411377,0.0456615895367061,0.69765855362089,0.675907094753055,62,0,26,2.143699,2.828427,2
485,535.20412371134,597.035051546392,4.51546391752577,9.74797422316132,16.4138552496372,8.49771913580086,6.04053816422389,25.0285548229495,-21.0229662738677,19.2775070584171,-0.845784245865707,-0.394908964753163,-0.358742134412675,-0.506663602322237,0.805185840033054,0.308168390806258,-0.167155626669373,-0.442405552144014,0.881099497165286,16.8384152597527,4.51320190693475,2.28050633209034,0.740458015267176,366.994256093512,534.98699427247,596.634105195672,4.28637718278925,0.521558551424556,0.211939000083345,0.944084216096762,0.813428434744566,63,0,12,2.428259,3.162278,2
749,540.441922563418,496.958611481976,3.49532710280374,11.2675042822062,26.5222592501179,8.40243363824327,5.28714512323683,22.9504763498452,-0.276507952389666,55.7593697287865,-0.920831515100479,-0.389930802773781,-0.0048259554443246,0.223078547831976,-0.516574409609957,-0.826672148335301,-0.319851969346654,0.762302333975385,-0.562663193501004,43.9643897331539,4.41255569031762,1.74711897213544,0.819474835886214,548.730602996987,540.253801392876,496.71522796593,3.42506846473567,0.479185735619854,0.201472876622439,0.974937971338006,0.72685227582337,64,0,18,2.316549,2.44949,2
1553,542.087572440438,402.820347714102,8.17256922086285,14.3678221820035,27.550047364305,17.4385036205923,7.48860799657552,-85.3482953319594,-0.22182871249711,-109.302198027389,-0.0810977936378076,0.996698629644277,-0.00387163173614428,0.329165465020479,0.0304490899156016,0.943781197927339,0.940783314321067,0.0752641653679382,-0.330548121922567,47.4378193609656,19.0063380328381,3.50495310789842,0.549151343705799,1025.62726415283,541.155369549861,402.675884635459,7.57086384804533,0.403094071461859,0.0771098967820279,0.90733137829912,0.632327696206347,65,2,34,2.370506,3,1.732051
796,548.047738693467,457.964824120603,4.32412060301507,11.4984194838958,17.0956726771055,9.16992702533486,8.03908291138923,-20.3158359627006,-3.08894272739539,-128.049540207887,-0.936430478800523,0.346690417630584,-0.0538861085675547,0.174196547592281,0.59273468539539,0.786333997443936,0.304554627579936,0.726960347647903,-0.615447099081055,18.2663765176708,5.25547260312291,4.0391783785119,0.833507853403141,481.348246849899,548.069842500979,457.703742711431,3.99630563727315,0.456015831346531,0.149525713044063,0.951077432512294,0.862912530032727,66,0,6,3.207788,3.605551,3
1118,548.282647584973,324.731663685152,8.24239713774598,12.8769910471348,31.9519668698623,10.9455064682164,6.0838781916233,6.3708861695943,30.1713607134683,-92.0837862740792,-0.859187188364416,-0.0959312361275647,0.502587876182352,0.495119062512515,0.0918686234077596,0.863954437438625,0.129052273467684,-0.991139422063415,0.0314349605474759,63.8080116782985,7.48775699036047,2.31334836565685,0.654566744730679,781.134821553576,548.332977675342,324.940591999865,8.01647908925288,0.360861933244468,0.0743094765724322,0.860157168119045,0.666887630110196,67,2,31,2.326506,3,1.414214
2022,550.938674579624,372.722057368942,9.70079129574679,15.6889607430679,39.7910180032274,14.3789454568247,8.51293934283838,-4.66973837299107,0.799553863964826,-81.0138392755315,-0.996583480765075,0.0814041813346904,0.0139543945549975,0.00102112997857795,-0.156799517770092,0.987629924881093,0.0825852478335841,0.984269917496362,0.156180684951661,98.9578196083232,12.9221295281462,4.52938351592783,0.538625466169419,1194.83800874263,550.850205122791,374.32659350091,9.48894083450789,0.407806767026102,0.106294536817102,0.84671968644357,0.647186122079978,68,3,38,2.626272,4.358899,1.732051
864,555.540509259259,308.599537037037,3.47106481481481,11.8169402621124,38.8167775706308,7.16852245221476,5.50804481487042,14.6792159033605,-2.58781477180032,79.4720763399184,0.96637322142496,0.253148624765736,0.0451505336841347,0.0892427460399424,-0.165501989652029,-0.982163338605382,0.241160795304701,-0.953165707104718,0.182528369322601,94.1713888104891,3.21173213424421,1.89615985516381,0.687898089171974,672.62222085693,555.635130053416,308.953537104543,3.4343946523343,0.398766848845213,0.165315569052966,0.711065751103839,0.652211935532591,69,0,27,2.229415,3,1.732051
