Volume,Centroid_1,Centroid_2,Centroid_3,EquivDiameter,PrincipalAxisLength_1,PrincipalAxisLength_2,PrincipalAxisLength_3,Orientation_1,Orientation_2,Orientation_3,EigenVectors_1,EigenVectors_2,EigenVectors_3,EigenVectors_4,EigenVectors_5,EigenVectors_6,EigenVectors_7,EigenVectors_8,EigenVectors_9,EigenValues_1,EigenValues_2,EigenValues_3,Solidity,SurfaceArea,WeightedCentroid_1,WeightedCentroid_2,WeightedCentroid_3,MeanIntensity,MinIntensity,MaxIntensity,sphericity,id,nb_branch_pt,SkeletonSize,MeanWidth,MaxWidth,MinWidth,channel_2_MaxIntensity,channel_2_MeanIntensity,channel_2_MinIntensity,channel_2_WeightedCentroid_1,channel_2_WeightedCentroid_2,channel_2_WeightedCentroid_3,channel_2_Ratio_MaxIntensity,channel_2_Ratio_MeanIntensity,channel_2_Ratio_MinIntensity,channel_2_Ratio_WeightedCentroid_1,channel_2_Ratio_WeightedCentroid_2,channel_2_Ratio_WeightedCentroid_3
497,20.1730382293763,628.51509054326,4.7102615694165,9.82771579636238,13.8569349069501,9.62376208718293,5.68642434482564,79.7663854208371,-6.72300078591672,-63.3510804314017,0.17644047055009,0.977324669672618,0.117069425561804,0.422797683318463,-0.18265420911065,0.887625798901037,0.888881814040879,-0.107116431715544,-0.445438200791003,12.0009153134658,5.78854979441873,2.0209638643391,0.84957264957265,347.848953653047,19.9221676065257,628.389116733512,4.64155182292452,133.444668008048,0,867,0.872296940021845,1,0,4,2.680337,2.828427,2.236068,250,35.0845070422535,0,20.2918506623846,628.236164477834,4.13935883466193,131,4.83210469600621,0.00161812297734628,20.2240485812044,628.832235658243,4.97345678369124
1682,18.6914387633769,468.458382877527,11.6111771700357,14.7551101648161,39.6227658546252,9.53551076746638,6.6918876771415,-31.849841471542,-36.6051379593054,-94.1144468346947,0.681895019564901,-0.4236144845007,0.596296864668758,-0.467347834902819,0.374797839267471,0.800695061113832,0.56267680199581,0.824668023026019,-0.0575974677752987,98.1227233731532,5.68287284977922,2.79883504271739,0.817695673310647,947.526349498354,18.8691396729063,468.231824912255,11.5595081407819,390.27824019025,0,1375,0.721844230249467,2,0,16,3.281051,3.605551,2.828427,660,50.8941736028537,0,20.5547754777814,465.392458296341,9.12049670576141,154,0.570692105224722,0.000726744186046512,20.5119940514798,464.716329279811,7.90204612978496
856,45.7792056074766,661.838785046729,6.39719626168224,11.7803550735958,29.8074723117063,6.87101854928863,6.33669529144191,-14.197992443161,-23.141303884199,-80.3507083593479,0.891450155091322,-0.225538332804999,0.393000103591843,-0.416717232224757,-0.0674681651890037,0.906528981915618,0.177942039312232,0.971895316956292,0.15413021612855,55.530337850821,2.95068099404178,2.50960670103638,0.767713004484305,594.876526696752,45.8339461618775,661.560780270163,6.29540929813298,180.143691588785,0,878,0.732891697554982,3,0,28,2.643501,3.162278,2,474,91.3890186915888,0,46.3556865101177,659.463357578392,5.2053074946631,298,5.89044995344053,0.00177619893428064,46.2142697114636,659.209359230338,5.52264397924334
478,53.8577405857741,439.353556485356,2.99581589958159,9.70084930238511,26.1052676153206,6.08828027838113,5.51398782523992,12.5480029358732,-7.78208934949724,100.5384169566,0.967124527957766,0.21525659336024,0.135405858209356,0.0902069377606424,0.207447924710127,-0.974078059969174,0.237766389135041,-0.954269331765621,-0.181210338141285,42.5928123292191,2.31669729675778,1.90025385855589,0.755134281200632,403.194202789563,54.0485273965801,439.815711079777,2.78814569141858,210.682008368201,0,808,0.733255129518911,4,0,19,2.38424,3,2,237,18.3326359832636,0,53.7666324318156,438.332534520142,2.48670546616456,88,0.433919105341534,0.00128040973111396,53.8106386987431,437.632790884095,3.27496481852062
842,95.9477434679335,466.808788598575,4.80285035629454,11.7157786115746,24.1196709210846,8.96364862329396,6.05969628635184,-7.50271109367382,-1.78834415870766,-77.555025477307,-0.990955783714773,0.130509506490755,-0.0312074260037341,-0.0583520119267115,-0.209677817928744,0.976027794364866,0.120837400776183,0.96902140398661,0.21539693867248,36.3599078338383,5.02168729011748,2.29499494267664,0.809615384615385,555.520489656987,96.0724701922571,466.182730667228,4.87831228447142,158.079572446556,0,684,0.776233002790413,5,0,14,2.7413,3,2,304,45.0771971496437,0,96.108997497036,466.270188380977,4.16556448425767,196,3.40115183138316,0.002,96.1989385369243,467.229596004558,3.90905125706475
1016,113.010826771654,371.624015748031,4.90649606299213,12.4728307304247,48.6579619899309,7.32023914297934,5.21693335927896,85.0036770341171,-7.1817030780402,80.1273542419876,0.0864085468543923,0.988384774176349,0.125016403751187,0.181533943722664,0.107764426725496,-0.97746215047388,0.979581027943584,-0.107155804830595,0.170113618455721,147.974829063347,3.34911881940042,1.70102460469735,0.636990595611285,783.41331192123,113.201241481542,371.691225216693,5.05732844701571,95.6122047244095,0,729,0.623862646026851,6,0,34,2.194001,2.828427,2,649,150.630905511811,0,110.408668265367,371.409909762743,4.20491894328971,494,26.3786034358763,0.00340136054421769,111.205574793653,371.250441409517,4.11092722021135
1077,130.101207056639,906.621169916434,12.9758588672238,12.717615591539,30.0515927846165,7.5362202895419,7.06856296113728,78.2526264452673,72.1569331920701,-46.8388300559369,-0.0623842993363716,-0.29999305834258,0.951899345594152,0.811092013137064,0.540531961179138,0.223506029379744,0.581582277430782,-0.786021223562124,-0.209601265951153,56.4436393057758,3.54966351578144,3.12278639597261,0.838132295719844,652.332151067326,130.212212710216,906.65519933313,12.6486153194755,350.868152274837,0,1130,0.778919320257625,7,0,22,3.245929,3.605551,3,215,9.32497678737233,0,130.773673205218,906.457930897142,10.3824554416011,32,0.211812272921555,0.000884173297966401,129.872889490026,905.918747411379,12.1096004110698
805,151.960248447205,510.385093167702,4.90186335403727,11.5415929282674,23.2074555451373,8.20005202762749,6.52667048498306,-14.0179733485573,-21.4773046313411,-55.655292903837,0.90285031680224,-0.225406714864649,0.366132651294613,-0.429954804988311,-0.47414424153329,0.768326821013223,-0.000413663581666907,0.851104606446674,0.524995978810975,33.6616245549703,4.20255332848736,2.66233922622182,0.862808145766345,522.095136137517,152.165914031569,509.666281597547,4.53687211854528,236.573913043478,0,841,0.801552052890094,8,0,17,2.996235,3.605551,2.236068,792,244.839751552795,0,152.329824045135,509.095811178309,4.09732313187482,404,6.16458685477847,0.00377358490566038,151.893854048121,511.546528528734,4.47543619437903
1671,164.957510472771,535.174147217235,4.25194494314782,14.7228744689207,43.7989629169153,8.98481400695841,8.08126536819839,10.2209488330984,2.35093889317993,27.6421880084154,0.983302473161825,0.17729522471612,-0.0410201117343598,0.138462236932204,-0.87518126265107,-0.4635579429243,0.118086642841471,-0.450137935301324,0.885116593441277,119.896822037333,5.04543017122728,4.08167812195268,0.661258409180847,1031.94027590054,165.421618815933,535.979138087891,4.04490658483512,209.837821663674,0,1007,0.659903646340806,9,0,35,2.798991,3.741657,2,536,87.6128067025733,0,165.414983504211,536.371780247403,3.6539094678315,239,3.25661245880004,0.00162866449511401,164.131360154775,535.402389052745,4.23746388224875
1650,186.805454545455,230.438787878788,13.1957575757576,14.6609385676304,62.5828511489167,7.89834444070716,7.24635753574118,87.3522489500189,-25.6460476959326,61.5684617813082,0.0416445738389376,0.900522564577356,0.432810397468446,0.493182422978143,0.358207272671985,-0.792753837878005,0.868928551225693,-0.246468376251233,0.429204511128319,244.788328620467,3.89899030650309,3.28185609598706,0.530376084860174,1167.66085463127,186.681842367487,230.409405322782,13.2234997629804,125.293333333333,0,636,0.578304670452997,10,0,46,2.44038,3,2,282,28.8181818181818,0,181.294931650894,230.517181913775,10.3398107255521,135,3.51384624331617,0.00203252032520325,184.890015438035,230.216040645684,11.9641705268819
1128,163.996453900709,587.17109929078,2.91932624113475,12.9152700804139,55.3840767077656,6.17767245293926,5.69393264993323,-31.7596315105782,1.15198392949855,25.2250508271304,-0.850091902791928,0.526250476065614,0.0201045578989861,0.483449004630865,0.764673434377544,0.426088721604642,-0.208855971255372,-0.371934100611879,0.904457963684885,191.712247048229,2.38522730848777,2.02630431387347,0.703241895261845,869.816326723251,164.55152513774,586.100162792264,2.68307000067335,223.820035460993,0,873,0.602461504958333,11,0,38,2.406464,2.828427,2,425,55.1374113475177,0,164.267240131843,585.986928209663,2.44059811881984,142,1.40244576974659,0.00176678445229682,161.370613357771,591.209271494786,2.89381348469356
1379,165.337926033358,435.91515591008,4.43799854967368,13.8098368538051,48.3951060471563,7.64866577941511,6.22431807040187,-2.96265295595498,2.74751850566515,98.6027448868755,-0.997515436611869,0.0516255957897152,0.0479348681065119,-0.039601032190557,0.151832425311635,-0.98761261275534,0.0582641568245371,0.987057096870968,0.149410761145849,146.380393082219,3.65638051282478,2.42138346509568,0.697874493927126,935.916941853352,165.28391961263,435.155617967708,4.48333809193621,124.451776649746,0,670,0.640161659275453,12,0,44,2.630512,3,2,457,26.8121827411168,0,165.294828798615,437.103072429275,4.11402607237518,190,3.43490877238703,0.00186915887850467,165.319133440178,436.855142400221,3.99031502361837
1415,172.30035335689,492.946996466431,4.1547703180212,13.9289786437871,40.9847890386007,8.5775211237149,6.55793717502457,-3.13306743570405,2.99994992599007,97.2322773506222,-0.997136922088046,0.0545801946265212,0.0523350834843077,-0.0449604534260284,0.128541567344455,-0.990684421545205,0.0607989821995758,0.990201023943705,0.125719592523734,104.984558283663,4.59836678923592,2.6879087494731,0.766937669376694,877.001978401001,172.341649121157,492.77267382505,4.13945567879682,255.435335689046,0,866,0.69500486501309,13,0,30,2.994281,3,2.828427,716,81.7844522968198,0,172.947513501836,489.268343054655,3.41236552171095,585,2.43889818895961,0.00115340253748558,172.924921690472,485.623622424355,3.16895765371209
606,197.122112211221,714.184818481848,3.76072607260726,10.4992433201177,22.1726592532413,7.64015970029186,5.50754067465192,20.9365319664886,-3.14269303207447,99.909255931318,0.932572216788195,0.356796183449617,0.0548228415036782,-0.0110535165772273,0.180024216285505,-0.983600071839194,0.360814190749238,-0.916672114240734,-0.171829434985383,30.7266761475216,3.64825251537274,1.89581276768408,0.82225237449118,444.68327978482,197.220340002406,714.364169439878,3.82054648971573,164.627062706271,0,693,0.778780509232251,14,0,12,2.517072,3,2,362,65.7755775577558,0,196.956322127446,713.665679879579,3.9226041144004,280,5.77112547541892,0.00235849056603774,196.594066306389,712.726466973345,4.16820818455746
2370,199.217721518987,485.002953586498,7.46835443037975,16.5418181145345,62.0979130398644,15.5667687514215,11.016409214807,-12.719142725765,14.9927652366348,45.0350294707714,-0.942254880954062,0.212677132344674,0.258697075159137,0.334136678968388,0.649033361803749,0.683453272019163,0.0225481503947116,-0.73042736301659,0.682618083755776,241.00942524416,15.1452680850147,7.58507949925521,0.327982286188763,1575.89154319767,198.669505927951,486.767232151463,6.45566338773419,166.343459915612,0,652,0.545494065509688,15,6,74,2.565736,3.464102,2,703,170.054852320675,0,199.684115326402,482.049125375282,8.23972160881324,501,12.8873289364524,0.00204081632653061,201.804241277911,477.627095757313,11.3991032973034
722,197.292243767313,625.83379501385,3.05540166204986,11.1304534692154,31.6972566266875,7.1714066679493,6.23301183719235,4.51567792714972,-1.66259113550695,-9.08356764290864,0.996476150732702,0.078698735890108,0.0290136173242357,0.0731782117140889,-0.984754515289183,0.157808408989808,-0.0409906129652405,0.155129151312271,0.98704342156861,62.7947548536302,3.21431709981924,2.42815228516125,0.69825918762089,564.695292277497,197.254045163224,625.37645743362,2.87621841045544,170.940443213296,0,720,0.689225635312204,16,0,21,2.481637,3,2,1002,207.813019390582,0,197.678167967422,622.041761918409,2.58555328210289,407,8.95746047199608,0.00261780104712042,197.742766063466,623.048723168229,3.54526170506044
932,208.709227467811,736.396995708154,3.51824034334764,12.1191575120915,37.4707713135436,7.10016241718125,5.57749287756367,32.14509662264,1.27934781398822,-84.7341808534911,-0.846492338884239,-0.531932539277588,0.0223269762392595,0.0676556509160756,-0.0658782489745509,0.995531400414457,0.528084683653497,-0.84422024967999,-0.091753675244332,87.7536689269927,3.15076914689706,1.9442766749546,0.776666666666667,677.851795557937,208.303556295625,735.691321865569,3.47444284206301,144.336909871245,0,708,0.680706632090359,17,0,23,2.440137,2.828427,2,261,39.5858369098712,0,207.932482246436,735.089065972787,3.48745053396216,262,4.62924459815638,0.00193798449612403,208.514437385381,735.349375233558,3.44820735062456
1155,210.640692640693,480.617316017316,4.72467532467532,13.0175060235015,38.6042043703787,8.66046324248245,5.51763120690283,-18.2975500362974,4.16904057518188,-91.9199939707804,-0.946926597955517,0.313121112006554,0.0726992936703651,-0.0795034126377871,-0.0089986843420208,-0.996793976235339,0.311463040284616,0.949670570722233,-0.0334152905235252,93.1427871918731,4.68772647339934,1.90276588346174,0.739910313901345,803.214352042827,210.526685081977,480.696731192328,4.73453303133666,160.165367965368,0,1049,0.662787008901636,18,3,32,2.467791,3.162278,2,453,61.3454545454545,0,210.952691450024,479.197137776272,4.36936517345527,185,4.01414476975307,0.00161030595813205,211.168978147783,478.279844460843,4.58697824512993
1230,216.968292682927,639.260162601626,5.00406504065041,13.2933823524509,35.048714881919,8.83080378372369,7.04534553103349,10.0535049523093,3.87992947571953,-96.3343205443325,-0.982388400216754,-0.174167650556371,0.0676658009576511,0.046960045782727,0.120375739771797,0.991617081021942,0.180852938100686,-0.977330706963649,0.110076809575327,76.7757759296284,4.87394346666429,3.10230585322836,0.713457076566125,800.46479519975,217.138362727686,640.755648259056,4.83602907769196,196.837398373984,0,727,0.693551362477797,19,1,30,2.702699,3.162278,2,940,171.60325203252,0,217.633272058824,642.245702888114,3.64048760612492,712,5.1265072732533,0.00232558139534884,216.446510874132,638.457746894445,4.18416437953124
1885,239.544827586207,463.294960212202,7.01007957559682,15.326309003966,36.0414356084822,14.2333656979711,7.46051633168337,-0.0846367087102725,3.15939030614379,74.7501637961605,-0.9984789887734,0.00147494348645447,0.0551138233092196,0.0535616441877053,0.262949622574103,0.963321673305468,-0.013071314010373,0.964808437219456,-0.262628673644356,81.186567545023,12.6617936932612,3.47870649595714,0.625207296849088,1135.53180667478,239.469353951164,463.157907608847,6.88896886759417,190.884880636605,0,778,0.649868855235138,20,1,44,2.633471,3.316625,2,701,111.340053050398,0,239.023223236578,461.937053307667,5.13580876326974,389,3.95287024422976,0.00164473684210526,238.676795876637,462.074840627195,5.78759410787019
900,247.573333333333,781.715555555556,6.81333333333333,11.9788362739652,19.2979147083492,12.346649661144,7.3662422656319,78.6813883562018,35.3352547908863,-77.14349132764,-0.160109161140814,-0.799915695845417,0.578359694358906,0.328848416166008,0.509223007758861,0.795330527236398,0.930711435249344,-0.317532373009683,-0.181519741039222,23.2755945056699,9.52748486593925,3.39134531974887,0.653120464441219,625.294597235977,247.742408624916,781.704625863606,6.73662803655003,159.537777777778,0,671,0.720932251597436,21,3,18,2.306414,3,1,238,30.9366666666667,0,247.865531731494,782.277053478433,6.52153144416909,123,2.56006760067144,0.0015600624024961,248.298839416819,782.398838167072,5.69633031820102
1987,247.461499748364,506.209360845496,5.71716155007549,15.5979101724454,47.8791567114075,13.8904943744741,7.30770243607368,0.104159519017006,-1.14102994763689,-81.6856489184236,-0.999800056228715,-0.00181756507331398,-0.0199134131243943,-0.0194412032482565,-0.144639628248031,0.989293393062206,-0.0046783737899519,0.989482730722207,0.144575372803274,143.27585296222,12.0591146229561,3.33765718088732,0.504955527318933,1261.67899518085,247.593711668984,508.605602802083,5.37556445970871,221.562154001007,0,791,0.605806361797694,22,1,48,2.696157,3.162278,2,779,116.169099144439,0,247.574678981753,507.252131457189,4.14638605368499,335,3.40708639627321,0.00154798761609907,247.548465190001,499.821578530928,4.2799695523809
591,261.41116751269,716.519458544839,3.97969543147208,10.4118911583375,19.302579017911,8.71877322491733,5.70383297324493,44.9306365497353,-9.44509533522731,-71.4684230559396,0.698364674241217,0.696675808686893,0.16410240510859,-0.114311254474847,0.334897635628713,-0.93529487903585,0.706554823684862,-0.634418151727047,-0.313518563863277,23.2868472964185,4.75106290922095,2.03335691166726,0.811813186813187,425.861263490834,261.705810976289,716.728464878103,3.74533006790604,151.996615905245,0,584,0.799725554033039,23,1,13,2.365798,2.828427,2,384,86.3536379018612,0,261.101146272166,715.918781228569,3.14200058783188,184,5.9583125231607,0.00228310502283105,260.315100990131,715.010813603235,3.8745657331998
1444,266.540166204986,223.953601108033,6.95221606648199,14.0234926207399,35.3561959599083,10.6840374185018,6.02982419819973,21.4659530741108,-2.29792190063642,-79.7325089153826,0.929886819808377,0.3656540018276,0.0400955520491215,0.0285112716099969,-0.180318016333475,0.98319505713604,0.366739157628202,-0.913116949756723,-0.178100607323879,78.1287870472146,7.13429097249664,2.27242374132469,0.75012987012987,882.836983963685,266.424678577542,223.892752565523,7.0881332720671,153.727146814404,0,687,0.69981256339912,24,0,25,2.774326,3.162278,2.236068,586,143.899584487535,0,266.375227993513,223.479837914058,6.46555433103455,477,8.87838078930071,0.00268817204301075,266.432054992221,223.450945211215,6.71351116373442
721,265.284327323162,953.235783633842,7.50901525658807,11.1253123814313,25.8989303250885,7.20734340151967,6.35585453973486,-23.6103039001187,-42.5579444106888,-74.568389363562,0.674933989344273,-0.29501596665182,0.676335485870967,-0.703950160885133,0.0173021414645482,0.710038595352771,0.221174774822132,0.955335655841042,0.195998733825366,41.9221619989868,3.24661243171433,2.52480543314177,0.758947368421053,508.870262251719,265.656110268417,952.545017476753,6.83689903053485,210.305131761442,0,775,0.764129962028673,25,0,15,2.767869,3.162278,2,300,41.8446601941748,0,266.129002320186,950.764070268479,5.31484918793504,87,1.5556367774083,0.00170068027210884,264.401079346905,953.817653010157,9.02669212627217
1556,276.686375321337,362.56940874036,6.94537275064267,14.3770678873748,33.4908764715956,14.57638873384,7.63001947614509,-35.7342256239541,6.0897603754816,61.5515248585572,-0.807154118743033,0.580730498136481,0.106086366373407,0.353926924675217,0.332209073914209,0.874284200474312,0.472480645726469,0.743228914765309,-0.473680081564214,70.1024254272296,13.2794442825011,3.63857482539709,0.539715574054804,1034.6312833323,276.10796955872,363.637416251843,6.9967341929993,194.820694087404,0,806,0.627631762684112,26,2,35,2.272905,2.828427,2,310,27.3714652956298,0,275.40359239258,362.885818267199,5.15306409955389,191,1.70957218316171,0.00128369704749679,275.601857029654,362.381532986817,5.43686692683286
1537,263.258295380612,681.148991541965,4.40858815875081,14.3183095871204,48.1245699063406,8.47441906881012,6.88518478747189,67.9023885415797,-5.16267890778935,-74.0853420880325,0.37465953660613,0.922785530614382,0.0899838658805787,-0.221510132734633,0.183330488875556,-0.957769906054964,0.900312997088216,-0.338905291102667,-0.273092861379881,144.748389291891,4.48848615961328,2.96286059735216,0.68159645232816,1019.46681765349,261.763164589163,680.393151869753,4.08309336046807,191.818477553676,0,801,0.631771855573607,27,1,41,2.555496,3.162278,2,823,182.057254391672,0,256.560945887028,678.423469205423,3.34583413741593,808,7.06169687572832,0.00209643605870021,257.538903391153,679.604262497502,3.88807738481425
1300,281.963076923077,521.866923076923,5.51153846153846,13.5409222154214,42.1575929072497,9.094378944138,6.52138720354951,18.7603008375558,-10.6396581711035,83.5101389302073,0.930593495772502,0.316080520649386,0.184631660589204,0.210053029916534,-0.0480236861248377,-0.976509831078964,0.29978904290984,-0.947516137085272,0.111084201010793,111.078914983337,5.1692330237238,2.6580306911637,0.59333637608398,909.283549910573,281.201901201901,519.374626374626,5.06088606088606,219.78,0,811,0.633500592106391,28,0,35,2.425503,3.162278,2,727,148.413846153846,0,281.656039764069,521.2805201671,4.61360126050856,313,4.35721694651799,0.00201207243460765,284.234528962114,528.792406767029,6.39191903278302
1236,284.110841423948,604.636731391586,5.86893203883495,13.3149625564911,42.0006507637904,8.51610854906662,7.47618802350554,18.1416315046044,5.91195404066615,-77.1357077190357,-0.945235481733115,-0.309710946411417,0.103000066726729,0.164746688008454,-0.180309115705984,0.969714984716422,0.281759494716702,-0.933577930580126,-0.221458426506463,110.253416536368,4.53275655121784,3.49333671017549,0.563868613138686,880.714474821553,284.170513448842,604.810222850059,5.76016375010811,140.319579288026,0,717,0.632404042628005,29,1,37,2.448278,3,1.414214,233,19.0987055016181,0,284.629966957553,605.420994662374,5.21566550876896,184,2.05807630816428,0.00139275766016713,283.656138511636,604.056782070284,5.89887504924168
1041,294.603266090298,467.590778097983,5.62439961575408,12.574306315219,38.7484393252414,8.25098358425477,5.57239991593959,9.81719731387522,9.25836714166371,-68.3854168728349,-0.97252040702522,-0.168284069290209,0.160886699085501,0.210190870373123,-0.337464107473026,0.917571672502603,0.100119208602991,-0.926174091729283,-0.363562506150109,93.8400968838695,4.25492063172761,1.94072755144773,0.686675461741425,744.659565613719,294.639244639455,467.726065767531,5.64837092326042,177.991354466859,0,831,0.667052738580426,30,0,31,2.474216,3,2,390,67.4985590778098,0,294.756468277688,468.625039136994,5.1351009022856,246,4.20560773700692,0.00181488203266788,294.81505549459,468.862928251879,4.97771548500594
2087,299.620507906085,347.313847628174,8.61475802587446,15.8553052988121,38.902243644268,18.1954973122958,14.8431950187487,-29.8372240435353,3.64457311803829,-41.2157448767774,-0.865688061174118,0.496531397104146,0.0635669130161393,-0.337932701573792,-0.673358416911446,0.657563633104469,-0.369304305346735,-0.547763647994567,-0.750712538850957,94.5865350348744,20.6922576526102,13.7700273977878,0.353429297205758,1479.33855156846,300.284827697843,345.931839630565,8.91010906514283,156.885002395783,0,819,0.533865080907554,31,6,65,2.304446,2.828427,1,437,40.4499281264974,0,299.282578566436,347.890368282022,6.10175434440114,174,3.30124968440907,0.00121951219512195,298.815565954072,349.71349368101,6.38507146825594
1281,318.424668227947,695.204527712724,5.15378610460578,13.4746295993061,33.1031096314519,10.6979629693916,6.15158468026653,70.7463136669629,-3.30684941660471,-70.3260541584508,0.329202326191283,0.942495865713699,0.0576833731922329,0.299925790823904,-0.162294463879764,0.940055863761636,0.895360457262272,-0.292167845778015,-0.336106532909626,68.4884917044951,7.15290073090463,2.36512462990561,0.705785123966942,861.463026153044,318.773512406562,695.344207014827,5.16770748156564,215.75800156128,0,753,0.662135544264657,32,1,33,2.241447,3.162278,1,419,53.8594847775176,0,318.527538626547,695.06910745862,4.6967127576311,186,1.8039658264074,0.00170357751277683,316.277658823966,693.831424889835,4.73854611395672
2689,323.555596876162,672.690963183339,8.55894384529565,17.2529776599579,57.10579286069,12.3235132053183,9.0194497115503,40.420471898637,-10.2777821835797,84.3553349803376,0.749090984805783,0.63798805525269,0.178420676597736,0.198949194780259,0.0402444344093652,-0.979183130673398,0.631887580491173,-0.768993905602614,0.0967804668672826,203.816973640502,9.49181110760343,5.08440456869907,0.539851435454728,1544.33699794192,323.272123481736,672.616697521109,8.89359168284643,263.55671253254,0,1223,0.605530351600861,33,9,51,2.700561,3.162278,2,533,109.959464484939,0,321.90450857512,670.794717956176,7.96575701516161,253,2.35809402818863,0.00142450142450142,323.13934884347,671.835651098611,7.26982708254266
620,320.120967741935,527.308064516129,2.73225806451613,10.5794808243745,33.4639882415982,6.79934864810578,5.44163864417013,8.93882511407128,3.66885678961015,-6.72384483717195,-0.985830241656862,-0.15506137453461,0.0639898801546848,-0.161712317549085,0.979896210437216,-0.116844097513259,0.0445854347032454,0.125536396707176,0.991086652172302,69.9899068146137,2.88944637740613,1.85071444585786,0.689655172413793,514.03931686293,319.82509281134,526.461862976713,2.5053718078524,286.741935483871,0,1061,0.684041178271896,34,0,26,2.504933,3,2,358,48.4048387096774,0,319.962946919463,526.6422311819,2.57795474992503,117,1.22606559166848,0.00119617224880383,320.791851591544,525.860777196267,3.26507884478682
1551,337.375886524823,476.961315280464,9.15280464216634,14.361651761583,43.262459426071,9.42694938940644,8.22717447279312,-7.76426049752116,20.9302750324304,-52.5413816072374,-0.925453069934768,0.126183247800702,0.357231582202329,0.198803453759725,-0.640921910859095,0.741415059837559,-0.32251170850299,-0.757163715556413,-0.568057484523608,116.977524724528,5.55421092440191,4.23039998786118,0.53171066163867,996.357359609337,337.300466196171,478.077469027744,8.85985860558821,209.938104448743,0,811,0.650344577189878,35,1,31,2.826118,3.162278,2,512,115.023855577047,0,336.422119707178,481.266656203406,7.37841504019013,406,3.04932512724996,0.00178890876565295,337.139917626702,477.507046212996,8.7738819695946
1453,337.020646937371,593.240192704749,6.98072952512044,14.0525669803079,39.7347533824962,9.63761608815048,5.74655859726677,35.7706901844384,-14.9512686780079,96.7793563354932,0.783894750386107,0.56475335903478,0.257997410405679,0.138862888364031,0.245534359872985,-0.959390419150078,0.605166190853638,-0.787887378741845,-0.114049813094988,98.678164147987,5.80522774141104,2.06393348198878,0.795728368017525,902.568685343434,337.517808522413,593.972542888766,7.29028223574986,248.726772195458,0,993,0.687354751386458,36,0,24,2.72106,3,2.236068,809,260.344803854095,0,336.159339221372,591.999569103391,6.38295870001401,416,6.44930292022205,0.00248138957816377,334.890713990185,589.899063563701,5.56074368099754
1086,343.876611418048,665.914364640884,11.1104972375691,12.752942482987,29.140544050903,8.34010172844598,7.16245392259595,-54.3912003329825,56.4954294198445,60.7320781888542,-0.321402848926002,0.448785112448459,0.83384179047759,-0.821001316019852,0.306723775482188,-0.48153646242795,0.471865497568874,0.839352398220543,-0.269871272656987,53.0732067239138,4.34733105255172,3.20629663708188,0.749482401656315,657.718220511117,343.473488709784,666.297234465411,10.4522430091598,251.117863720074,0,859,0.77683860828356,37,0,16,3.193782,3.741657,2.828427,1105,258.297421731123,0,342.251672839924,666.701323655757,8.25122009475564,329,4.50379154632669,0.00183823529411765,343.928662012689,665.501767632621,10.6311823071493
501,340.211576846307,979.293413173653,6.42714570858283,9.85401081345117,10.6476723766369,8.79797266277077,7.65643360122841,-39.7662152122756,80.1918694086242,114.636808083979,-0.130940859935413,0.10896506884449,0.985383734882553,-0.421825945611461,0.893357023899342,-0.154842175968654,0.897171869157951,0.435935593432593,0.0710126437347762,7.08580794001235,4.83777018592886,3.66381096812621,0.929499072356215,309.585264048067,340.359530605212,979.184426555445,6.60411604089531,225.882235528942,0,763,0.985361662633963,38,0,2,4,4,4,1017,326.041916167665,0,340.016100693615,979.104121900004,5.87426154138123,874,16.0371477962306,0.0144927536231884,339.498042854617,979.193076807898,4.7715634101024
2068,358.939071566731,714.582205029013,8.68858800773694,15.8070430969021,48.7524887883345,14.0093787744536,7.77775350590616,75.255609436235,-8.72928075772525,-86.3718767050807,0.251559174137451,0.955868753273875,0.151765965953937,-0.022648490851952,0.162579606877918,-0.986435460275811,0.967576884681219,-0.244709619635334,-0.0625473763519906,148.550322691042,12.266418352882,3.78084059991473,0.470213733515234,1379.20772460032,357.562032280901,714.183722486399,8.29954387791057,149.58752417795,0,762,0.569143088884579,39,5,64,2.330957,3.464102,1,856,100.028046421663,0,352.63750495509,712.612956714268,5.25270958821994,484,5.51106158220068,0.00186219739292365,355.810065475311,713.692382276809,6.22054579390186
3852,353.790238836968,450.032191069574,12.101246105919,19.4489377095801,61.7763526702248,16.836803067029,11.0533913771277,-13.3564631309711,-11.5116604404786,-72.7522840596456,0.953379904805893,-0.226361716773814,0.199567357780571,-0.253932821110803,-0.244454913739296,0.935820451535134,0.163048702770111,0.942869115162823,0.290539071721962,238.519859327249,17.7173710948699,7.6360913084975,0.433588473660513,2193.26099020335,353.629038345574,450.220989202157,12.5635181272749,239.365524402908,0,868,0.541815380544671,40,3,69,2.777305,3.162278,2,542,96.5835929387331,0,353.9388694764,448.233837759381,11.1251075153209,451,2.28014528557485,0.0012853470437018,354.846209274526,446.358218425816,9.76224289831764
877,369.645381984036,623.556442417332,3.25313568985177,11.8759125337654,39.8124646787611,6.47630901958553,5.78073053481258,66.7385355467529,-4.83293558922139,-73.2679984830816,0.393523563269825,0.915445811326874,0.0842506479233315,-0.23262886338113,0.187822921893678,-0.954256968501318,0.889394747608408,-0.355923470054172,-0.286871864063337,99.06452148735,2.6214111573228,2.08855284475716,0.736974789915966,682.301819852563,369.454642877451,623.420153180619,2.9508089878794,260.683010262258,0,810,0.649392582560893,41,0,35,2.326467,2.828427,2,454,81.0741163055872,0,368.875784084836,623.04434474417,2.74983826052713,150,1.26564285768711,0.00145772594752187,372.391612695615,624.779047976666,4.45534139913712
1617,362.699443413729,407.051948051948,9.139146567718,14.5625400419691,41.8422907619803,14.9195548757512,6.71995555403795,0.517039944749006,-5.59780596799532,-80.2547865813627,0.995190613715936,0.00898089304386546,0.0975447893628029,-0.0946058689624943,-0.170127811773392,0.980870153088088,-0.025404171498994,0.985381079187809,0.168459956218437,109.423581013131,13.9120698556595,2.82236266551535,0.430855315747402,1087.9357509767,362.747789629249,408.436686371522,8.94096253935617,192.492269635127,0,802,0.612379846099076,42,1,42,2.63672,3.316625,2,528,57.3438466295609,0,362.640485306012,407.468104610407,8.15857643569695,174,1.92590902026052,0.00183150183150183,361.869937313835,402.635626762225,8.54653296667837
960,383.076041666667,720.959375,2.51354166666667,12.2393269677835,62.8459377238001,5.83990085850727,4.79879970480307,24.8765610473377,-1.88180234181781,-22.6037799420455,0.906726913233379,0.420437852125366,0.0328377422865519,0.376900970119772,-0.842837616646339,0.384148943365324,-0.18918764108959,0.33594160871516,0.922686984839836,246.850743023985,2.1315276273246,1.43927991292612,0.625814863102999,857.454096319037,383.060807407596,720.737121925161,2.22359644883112,204.744791666667,0,714,0.548850503647397,43,0,48,2.234237,3,2,830,42.9177083333333,0,382.646100822796,720.050484211548,2.09572583189728,167,1.37793837782644,0.00181818181818182,383.395640357807,722.321911936624,2.87969243480966
562,381.690391459075,864.898576512456,3.6779359430605,10.238725453409,23.6837912369739,7.07492915316853,5.47267729384739,-73.4379636255442,-7.01674667388674,-94.5663644512906,0.282918419404767,-0.951332874532816,0.12215944414836,0.0415992839608643,0.139413743533199,0.989360049571441,0.958241445323386,0.274826436041345,-0.0790174823527102,35.057622959785,3.12841390764713,1.87188729766205,0.789325842696629,434.863762966159,382.078932441277,864.809002981601,3.73638280852302,122.339857651246,0,581,0.757335733368487,44,0,19,2.242945,3,2,389,52.644128113879,0,382.707767187183,864.254478469546,3.34252687081728,262,6.99784021535688,0.00171821305841924,381.907864620683,864.249412318319,3.32117009717295
1578,387.698986058302,593.285171102662,5.79024081115336,14.4445092781244,41.5016953905656,11.4595553633726,8.62066508021422,-0.786325406964945,5.93282865004372,-55.075450552184,-0.994550089253458,0.0136500299392743,0.103362452798856,0.0768828953057092,-0.573606353291991,0.815515034731105,0.070421164257275,0.819017355216433,0.569430796040159,107.649420018206,8.2075880703876,4.64474165157654,0.487488415199259,1078.86762894914,387.430935390172,594.242406658212,5.89521726232196,194.391001267427,0,847,0.607557371639652,45,1,45,2.468262,3,2,753,75.2103929024081,0,387.819905293136,596.227726192683,4.2486476466524,206,1.96778472866501,0.00117924528301887,387.887517147921,592.849757441492,4.44848345518148
1367,396.856620336503,555.825896122897,4.57132406730066,13.7696625559681,42.3526845225305,8.47408512081068,6.55959019543639,13.6316364959869,-5.1573047247145,87.8847998569134,0.96789671283439,0.234724648252247,0.0898904488098788,0.0959974287127432,-0.0146983034608416,-0.995273054772365,0.232293880601544,-0.971950770038396,0.0367594022917097,112.109367891562,4.48813241467158,2.68926397075406,0.710868434737389,907.375788227165,396.66550779915,555.06569259914,4.54018977861974,173.381858083394,0,785,0.656461530356014,46,1,37,2.601364,3,2,365,49.3591806876372,0,396.475723982571,553.931232771141,4.03364258825622,216,2.74746009578913,0.00171232876712329,397.28337029884,557.502010276547,4.16505702523322
1907,392.37965390666,477.634504457263,6.57629785002622,15.3857034319069,42.1197375739036,11.0001472213955,7.46421006340888,28.2674613814105,6.69658624374444,-70.0836439117979,-0.874737643755414,-0.470357096350044,0.116611562507248,0.257889335741226,-0.248101637816977,0.933776562044413,0.410276912716492,-0.846882388071501,-0.338323921214766,110.879518330907,7.56270243077341,3.4821519919184,0.661693268563498,1089.3789849607,393.123929906354,478.919436517825,6.42419736125777,287.038280020975,0,1115,0.682661787233514,47,1,31,2.957608,3.605551,2,476,76.1914001048768,0,394.929936612594,482.793113415969,5.76053187608829,239,1.0237789731381,0.00121654501216545,392.970554079853,479.988824503315,6.11469561056531
1277,413.899765074393,806.696162881754,5.69537979639781,13.4605898604608,30.7975577454158,12.0080190498732,6.72851549861368,68.2919162303617,4.50583673245072,54.8580831115528,0.368734675251792,0.92620891990134,-0.0785606514875607,0.51102062622174,-0.27258837686051,-0.815201506608332,-0.776461627411746,0.260446949484434,-0.573824648879217,59.2805976926388,9.01203259388236,2.82955755094278,0.666840731070496,861.916981343806,414.500765251895,807.045383688798,5.55111244951463,221.033672670321,0,937,0.66040844594041,48,0,29,2.570394,3.162278,2,369,34.7039937353171,0,415.377530067468,808.15165737753,4.21127332626306,192,1.30786310624119,0.00118343195266272,413.972793800502,806.943676187739,5.53959285352732
1107,408.645889792231,681.396567299006,7.00722673893406,12.8346195467952,33.4241865583897,8.71728305925183,6.89843979200213,32.2967413731378,19.8910829273466,-109.327690361731,-0.794863009579972,-0.502428264449821,0.340233206908747,0.0945489209945556,0.451309457628343,0.887344507502006,0.599377424950452,-0.737486008367041,0.311225143461472,69.8235154431274,4.74943899594493,2.97427947274239,0.67623701893708,737.878330824632,408.51393196979,681.493714999501,7.02900809833467,172.116531165312,0,775,0.701344047034002,49,0,23,2.693737,3,2,421,86.286359530262,0,409.051351040107,682.535453679373,6.35924789832389,340,3.88613505847356,0.00143472022955524,409.842164948965,683.269502432482,5.24253620186556
2745,403.515482695811,276.750819672131,9.60109289617486,17.3719235245973,52.0802328730689,13.6276138274079,6.28120586478116,-67.3241534387779,-11.8493149630135,-89.328459933229,0.377302127296597,-0.903038873484761,0.205338495447972,-0.0899704096678135,0.184934575042308,0.978623793057438,0.92170951504347,0.387711227499662,0.0114705688192297,169.521916007068,11.60699116431,2.46584669473508,0.70620015436069,1548.63633593063,404.882698996783,276.096603868074,9.43976615190328,267.699817850638,0,1008,0.61220411632142,50,0,38,2.527179,3,2,342,22.5315118397086,0,407.101683131498,275.342786463807,8.14690617471584,138,0.469530037630776,0.000991080277502478,404.305213676102,276.96826184581,9.13982802597386
1568,420.820790816327,146.36862244898,7.10267857142857,14.4139323253827,38.9789758989933,11.5965463225275,6.78810725992871,-61.3334110518629,-17.1837270609698,87.9850655861956,0.458298690728513,-0.83825977627685,0.295436723432982,-0.110786597611837,0.275930264902142,0.954771605516538,0.881866565794465,0.470301006151719,-0.0335905306084516,94.9600351333936,8.40499291315792,2.87990001076855,0.634560906515581,992.968579461957,419.754821443164,146.766919996731,7.38263871864019,156.084183673469,0,804,0.657323749275565,51,0,35,2.439211,3,2,1360,268.3125,0,422.398170728809,145.758184895202,4.94323459642417,1243,24.8256957990743,0.00202429149797571,424.460159439828,144.957716349522,4.39127280194871
798,422.254385964912,473.245614035088,6.02005012531328,11.5080415967407,26.7044604506182,7.91758631122893,6.0516680873465,17.1720012388711,24.1234045540539,-65.4289367041449,-0.871983106742122,-0.269456988392506,0.408703306767633,0.477892249924512,-0.287546069852555,0.830021840179183,0.106134155757912,-0.919081165686029,-0.379506721762296,44.5705129974144,3.91801081223497,2.28891791496301,0.77027027027027,551.180862144922,422.314998885946,473.470031936227,5.8924813705345,202.471177944862,0,765,0.754846401351843,52,0,19,2.737017,3.162278,2,341,37.2731829573935,0,422.602306347499,474.40596422808,5.24246906939215,120,0.691450453500131,0.0015015015015015,422.771796665381,472.509715679851,6.31543606295143
4867,432.180193137456,523.290322580645,13.3326484487364,21.0258828977796,55.9843905840636,26.1684401390075,15.2558548564498,30.996980971611,0.739606951282404,-75.3315805490038,-0.857123021150987,-0.514950001962946,0.0129082179779223,0.141113178319029,-0.21063188108226,0.967326874213908,-0.495406093541153,0.830939652532066,0.253203665716324,195.890749316812,42.7992037068012,14.5463192125664,0.36334453154162,2787.72090356044,432.948543693186,523.704978319643,12.9171822304688,258.012122457366,0,1035,0.498206126371041,53,7,88,2.737135,3.605551,2,461,41.4362029997945,0,433.427376407002,522.179610254376,9.45548172757475,200,0.835591246917431,0.000992063492063492,433.638735982912,524.028151159431,10.4146690553048
1256,447.03821656051,527.890923566879,4.89888535031847,13.3863961260305,39.5661417907465,8.51630891367149,7.38980509326658,21.274681811298,-10.6223893755723,-61.9290883190716,0.915882875445666,0.356621655673961,0.184335436554508,-0.0191723128535248,0.497512133909161,-0.867245120501118,0.400987507143582,-0.790760818021173,-0.462500105726755,97.8424735128412,4.53296984456753,3.4130762072793,0.620553359683794,845.811347205743,446.712694652862,526.800857025724,4.57085591946431,244.699044585987,0,994,0.665585282439686,54,0,35,2.602221,3.162278,2,614,100.171178343949,0,445.113595358264,523.156920875889,3.58036800063585,310,2.17699840342404,0.00146842878120411,445.666361644506,524.353424047049,4.17422231889096
919,456.846572361262,847.533188248096,2.78237214363439,12.062545458578,50.7532180334749,5.52118536207898,5.44162978438013,63.1441697513289,2.09213296840201,-31.0944241413998,-0.451445953962814,-0.891551359415363,0.0365064949731229,0.772477279296966,-0.370018538131348,0.51610573956225,-0.446626693806541,0.26119428585587,0.855746540405323,160.99307129709,1.90521798765221,1.85070841939081,0.732270916334661,752.222722421257,457.321568970036,847.752142725411,2.50595983421178,224.206746463547,0,941,0.607688965877438,55,0,36,2.252209,2.828427,2,267,27.5310119695321,0,457.607367297735,847.722698707561,2.3574562270266,167,1.46473300022304,0.00106157112526539,459.248440298683,848.897109340599,2.66846481727168
