Volume,Centroid_1,Centroid_2,Centroid_3,EquivDiameter,PrincipalAxisLength_1,PrincipalAxisLength_2,PrincipalAxisLength_3,Orientation_1,Orientation_2,Orientation_3,EigenVectors_1,EigenVectors_2,EigenVectors_3,EigenVectors_4,EigenVectors_5,EigenVectors_6,EigenVectors_7,EigenVectors_8,EigenVectors_9,EigenValues_1,EigenValues_2,EigenValues_3,Solidity,SurfaceArea,WeightedCentroid_1,WeightedCentroid_2,WeightedCentroid_3,MeanIntensity,MinIntensity,MaxIntensity,sphericity,id,nb_branch_pt,SkeletonSize,MeanWidth,MaxWidth,MinWidth,channel_2_MaxIntensity,channel_2_MeanIntensity,channel_2_MinIntensity,channel_2_WeightedCentroid_1,channel_2_WeightedCentroid_2,channel_2_WeightedCentroid_3,channel_2_Ratio_MaxIntensity,channel_2_Ratio_MeanIntensity,channel_2_Ratio_MinIntensity,channel_2_Ratio_WeightedCentroid_1,channel_2_Ratio_WeightedCentroid_2,channel_2_Ratio_WeightedCentroid_3
583,26.5025728987993,940.082332761578,1.89365351629503,10.3646978026932,50.169443606589,5.43709478139302,3.44156420581118,-89.4143859021656,0.813733787718874,0.031330436113207,-0.0102196854230668,0.999846920935934,0.014201856385232,0.999947696990762,0.0102129492263706,0.000546764091498454,-0.00040163755518048,-0.0142067013424221,0.999898999061526,157.310816987169,1.84762497886568,0.740272761420046,0.846153846153846,596.700569204023,26.4006947634359,940.022479329352,1.57286403307304,59.746140651801,0,443,0.565596494207755,1,0,34,2.086983,2.828427,2,270,26.8250428816467,0,26.4894814246435,939.63348040156,1.60189270413709,244,7.52630011744764,0.00225225225225225,26.6758179422881,939.525150460437,1.92561435823083
504,60.1031746031746,944.480158730159,3.11309523809524,9.87364036894129,19.4686565237508,6.67073080907631,5.85508091334263,70.9535077297511,0.0913360022988422,-6.89924863004735,-0.326334867159616,-0.945252883242751,0.00159411329056376,-0.938471911551336,0.323791253410004,-0.120123667294835,-0.113031082915706,0.0406965715564105,0.992757655905235,23.6892866774865,2.78116559544749,2.14262328136182,0.848484848484849,370.330829631347,57.865969581749,943.672053231939,2.86882129277567,2.08730158730159,0,104,0.827017337269655,2,0,11,2.757556,3.162278,2,83,3.96031746031746,0,58.8271543086172,943.579158316633,3.05260521042084,73,4.30094107067953,0.00952380952380952,59.572136204299,943.989488295197,3.12408378257594
394,82.7918781725888,324.5,3.94670050761421,9.09562471688421,11.557032484729,7.51806585744473,6.56382715012592,37.2534538301036,3.57015762086831,-92.1869334149108,-0.794420781161722,-0.604167181743692,0.0622706910374614,0.0264294194903919,0.0680415887465581,0.997332355830415,0.606792475434394,-0.793947327412045,0.0380858641948934,8.34781249081759,3.53258213980476,2.69273917854563,0.935866983372922,272.040049547126,82.894985751531,324.550354695932,4.16115927969442,41.8604060913706,0,411,0.955393085369318,3,0,3,3.255943,3.605551,3,142,18.0812182741117,0,83.0703256597417,324.413812464907,4.13461538461539,119,7.21245266844988,0.0037037037037037,82.9448772848172,323.989507102221,4.20580031038276
1562,137.955185659411,1009.37131882202,3.15108834827145,14.3955237072358,65.2321304872821,6.29555849623343,6.01334828374121,-83.9283307426631,-0.950027997027567,111.589969625189,0.10575785346362,-0.994253673968797,0.0165803567608411,-0.367528349720168,-0.0235895879766441,0.929713097407508,0.92397953904983,0.104418212676915,0.367911196185467,265.951927994362,2.47712854871854,2.26002234884833,0.772120612951063,1096.60396167021,139.34381233927,1009.2626481121,2.7339870694835,26.6370038412292,0,391,0.593683529264088,4,0,53,2.840768,3,2,279,15.5076824583867,0,140.289022829542,1008.8176113611,2.72063741072534,280,7.88857646033461,0.00255102040816327,139.21862789171,1008.89201087345,2.98792320159824
425,164.745882352941,389.938823529412,3.96941176470588,9.32817680918531,14.2113967907894,7.5220173558461,5.89868216712871,43.6515169473476,-7.64003808334288,-81.9438231742976,0.717128449027948,0.684142782471787,0.132949015741114,-0.00149110816842252,0.192266471711146,-0.981341622704437,0.696939426486405,-0.703549754493247,-0.138899887549601,12.6227374215786,3.53629656885312,2.17465320680014,0.908119658119658,305.035928996789,164.752219531881,390.062146892655,4.11945117029863,2.91529411764706,0,117,0.896174154881067,5,0,2,2.828427,2.828427,2.828427,88,8.24941176470588,0,164.389903023388,389.175698802054,3.82686822589846,89,8.27385261013033,0.00847457627118644,164.554409774419,389.406761318915,3.87772875769798
752,208.586436170213,624.359042553191,3.75664893617021,11.2825276390428,23.7173267099221,7.32216078755097,6.43461805358367,25.9039217225907,-6.44989461608139,-75.7039304520428,0.89383429254885,0.4340982206588,0.112334288107244,-0.00995713528685133,0.269677723593563,-0.962899154041727,0.448286864541642,-0.859553756444737,-0.245369571995317,35.156974141574,3.35087741242182,2.58776934346905,0.873403019744483,497.396183484568,208.128014096106,623.536284067186,3.65960584528757,69.4321808510638,0,558,0.804007752308662,6,0,14,3.055398,3.316625,2.828427,265,17.6502659574468,0,209.255330369924,625.702026670685,4.22926241241618,232,5.13422007424961,0.00244498777506112,209.501864606945,625.963272319825,4.2524472185579
500,237.312,154.31,7.12,9.84745021842696,16.5603712504715,7.45164468051119,6.42165022419979,-87.0854846292543,66.656854937367,72.12900572679,-0.0201470487803903,0.395724472523051,0.918148265952615,-0.35090950869604,0.857113842690956,-0.37711851900198,0.936192615401416,0.329784782113874,-0.121595165833021,17.1403684970902,3.47043802778692,2.57734947512283,0.821018062397373,357.023756273557,237.761174551387,154.375203915171,8.20978792822186,6.13,0,194,0.853297249596893,7,0,6,2.822462,3,2.44949,124,4.198,0,236.672701286327,154.374464030491,7.15340638399238,125,4.45889341775912,0.00512820512820513,236.683108639421,154.347710542741,6.89517441459275
1016,279.972440944882,125.500984251969,7.51870078740157,12.4728307304247,32.3892285890192,7.71192107666397,6.64137026545559,9.47687666137766,-30.4925877950764,131.025108147167,0.849934514106999,0.141877662084399,0.507426892006291,-0.26951515293012,-0.710461529015278,0.650081531909903,-0.452739333469882,0.689285967353708,0.565607594661272,65.5663830369838,3.71710791829338,2.75673743767986,0.777352716143841,669.113047478533,280.224160356761,126.356087703814,7.96778464254192,84.751968503937,0,612,0.730433076368187,8,0,24,2.859205,3.464102,2,614,122.444881889764,0,279.983441046912,125.413587987525,7.55005466062184,570,27.7190364034861,0.00190114068441065,279.682910317653,124.719214398916,7.40013892419832
758,304.697889182058,623.795514511873,5.52770448548813,11.3124549082495,17.926528708773,9.77061964618853,7.80289421510412,79.1881491878804,22.1104186819481,-15.2610937692538,-0.173789557830528,-0.910014119120013,0.376392737165976,0.966195455545542,-0.0836549285212527,0.243861014959847,-0.19042985919286,0.406049450112089,0.893789859414089,20.085026971654,5.96656301690533,3.80532238325659,0.745329400196657,520.761467875795,303.74791039786,623.791039786025,5.93848211300568,3.94591029023747,0,113,0.772013246921214,9,0,10,2.431662,3.316625,2,237,12.4564643799472,0,303.314552001695,623.800360093201,5.95064604956577,238,11.8484108741731,0.00925925925925926,303.476342403124,623.814277427414,5.903045977585
561,320.869875222816,614.516934046346,3.55258467023173,10.2326490570539,14.6141924269925,8.8848359424384,6.63214026227327,26.507914814151,9.17389721092806,12.7380018715498,0.883426399695504,0.440612537778628,-0.159431451957623,0.403878849474272,-0.888538351177228,-0.217672858745852,0.237570350145757,-0.127906958526619,0.96291232139385,13.3484137683228,4.93376935775282,2.74908027865414,0.867078825347759,373.450839310935,321.010353364844,614.373621426964,3.33333333333333,7.91978609625668,0,250,0.880831002742708,10,0,5,3.216891,3.605551,3,260,21.0213903743315,0,320.948443992199,614.618417705418,3.54956330026287,261,18.0419150155683,0.00398406374501992,320.857597419025,614.764815653578,3.65953088757613
1198,325.578464106845,599.979131886477,6.98247078464107,13.1770865528145,20.1714864560049,14.9813724058816,9.21628230363484,53.2999496738675,19.1804630795022,-69.477680920009,-0.564450715968809,-0.757267342467608,0.328544610782682,0.46496583243075,0.0371901724532373,0.884547152923391,0.682057302515176,-0.652045292218987,-0.33111142079484,25.4305541152993,14.0275949477319,5.30874121876829,0.579023682938618,840.187823886507,324.285931664131,598.862913266012,7.56135011758196,6.03422370617696,0,259,0.649250490584644,11,4,24,2.349442,3.162278,1.732051,208,13.3380634390651,0,326.250954377621,600.195068527442,6.39996245071657,209,12.0178186465465,0.00384615384615385,326.503773920083,600.378409405695,6.38117798864895
918,352.543572984749,459.111111111111,4.58278867102397,12.0581686274759,20.5028215635839,10.7032596836229,7.95168804942986,10.9133094931678,2.62889236337158,-18.3349082034472,-0.980881361593945,-0.189124291267228,0.0458667301023069,-0.193879738324397,0.929335249424437,-0.314239783039135,-0.016804807195333,0.317124575884444,0.948234992934367,26.27285575426,7.15998549094165,3.95183392721535,0.690744920993228,610.623307541473,352.47178493582,459.034633083071,4.60196173407605,8.99564270152506,0,308,0.748064768443008,12,3,15,2.672831,3,2,288,24.2178649237473,0,352.459562792371,458.878418495862,4.53859301907161,289,20.2583964020886,0.00490196078431373,352.458841505726,458.967810415229,4.4553404871893
1442,349.079056865465,624.264909847434,6.43134535367545,14.0170152560213,31.9462587584438,17.2661603932478,8.07291512683998,57.5586045986234,12.9007382354868,-16.6322038406976,-0.522896106175389,-0.822638097769766,0.223262675439396,-0.842912003808577,0.46006214415067,-0.279002109947035,-0.126803059829117,0.334079906036308,0.933976231175476,63.7852155413406,18.632518420335,4.0732474153226,0.441518677281078,988.144469531778,348.242542742816,623.976627864678,6.7442706438705,7.625520110957,0,240,0.624655431244259,13,3,37,2.541849,3.605551,2,301,29.5187239944521,0,349.355988347507,625.435511910915,6.91963069116196,302,24.5340786359932,0.004149377593361,349.421885435199,625.218597588823,6.7796350213995
997,358.518555667001,419.218655967904,5.00100300902708,12.3945903804404,17.7239767655644,12.3864681455794,9.10556421570002,16.6325071314219,-23.4498697574094,-5.96499234303053,0.879024533547178,0.262591728803857,0.397946545890232,0.245057606324138,-0.964809550115315,0.0953378287405821,-0.408977553179694,-0.0137155375427279,0.912441365253168,19.6337095241418,9.58903707009079,5.18195623038979,0.677309782608696,668.180100763505,358.626701732673,419.37484529703,5.13381806930693,6.48345035105316,0,246,0.722305118391784,14,1,20,2.247354,3.162278,1.414214,194,17.0421263791374,0,358.274380554411,419.122123477135,4.56812430110058,180,15.496085553053,0.00404858299595142,358.172431523209,419.153123741956,4.60737376996248
718,369.020891364903,437.465181058496,4.38022284122563,11.1098605387943,15.7103173297173,10.4602574696549,7.38008558882643,-10.1428098786141,-4.10625832048292,-29.2198888867268,-0.981844961177179,0.175650211330571,-0.0716063926651049,0.188103004779252,0.852957433883673,-0.486909514772095,0.0244485542312899,0.491539031249916,0.870512291098692,15.4258794125259,6.83856164571696,3.40410395615022,0.761399787910923,477.865688534999,369.091597796143,437.228236914601,4.08484848484848,10.1114206128134,0,297,0.811449017341638,15,0,12,2.361868,3,2,194,24.5278551532033,0,368.848163079893,437.413207654307,4.47476009312362,179,19.307412001252,0.0078125,368.859769243992,437.289796759661,4.67898528193851
576,369.170138888889,408.663194444444,5.1875,10.3230481659372,12.4832858599586,10.7616517564409,8.56104782191876,-77.7225880309632,-33.1616306076996,83.3013996887415,0.178011835630692,-0.817985198888058,0.547002742932295,-0.00154474776540099,0.555648104836317,0.83141613969549,0.984027133838154,0.148846894464991,-0.0976483582985146,9.73952661634017,7.23832178293176,4.58072123807375,0.676056338028169,425.240537744018,369.383874849579,408.822202166065,5.15523465703971,5.77083333333333,0,166,0.7872834490589,16,0,11,2.128764,2.236068,2,207,20.5659722222222,0,369.170184028364,408.238055039676,4.74641229106872,208,17.3236924192289,0.00598802395209581,369.035958401574,408.23092683706,4.94690034029379
706,379.354107648725,614.150141643059,3.23512747875354,11.0476191177465,13.8870588929591,11.4829430081608,6.58828805762145,24.7315311248417,2.13047259447856,-3.1028570050475,-0.90765024366948,-0.418077791997475,0.037175193412407,-0.419581319667368,0.906104662563939,-0.0540911884328814,0.0110702914561598,0.0646938970723439,0.99784374945613,12.0531502935322,8.24112375804187,2.71284622063734,0.915693904020752,429.700303487008,379.287209453933,614.216032334918,3.21380397548805,119.5,0,537,0.892321994974875,17,0,3,4,4,4,1952,943.143059490085,227,379.184708774681,614.069588306233,3.12011551995242,1585,90.8243404525066,1.13825757575758,378.67966717897,613.744612272027,3.27425575645762
668,389.678143712575,414.860778443114,4.64221556886228,10.8457422719456,14.7080616820138,9.40927875307612,7.85248852832867,87.1348625047414,32.3079145537831,-0.939257090039027,-0.0422469294326309,-0.844131490486631,0.534469104553606,0.999053692142374,-0.0412282517459546,0.013854655342636,0.0103400759284131,0.534548648886882,0.845074449266456,13.5204424026201,5.53340791581811,3.85384850547084,0.811664641555286,426.690669742336,390.049439981898,414.94116981559,4.23418938793981,13.2320359281437,0,279,0.866074568992137,18,0,5,3.416891,4,3,291,27.935628742515,0,390.756872622046,414.645570976904,4.20641980601254,185,19.5442922143108,0.00357142857142857,390.455274974494,414.556717018515,4.35222289829968
607,403.751235584843,509.550247116969,3.56836902800659,10.5050153077125,12.6948906886954,10.4515831870268,6.89229833437794,2.29393610863066,5.31795895609634,3.81571660076732,-0.994897782537487,-0.0398537584581537,0.0926826857549521,-0.033774447265289,0.997230537721074,0.0662611601804713,0.0950667608258337,-0.0627927748494761,0.99348848932073,10.0725155998703,6.82722444470882,2.96898602062931,0.877167630057804,384.727344446949,403.427444491477,509.699849924963,3.38942548197176,42.8121911037891,0,318,0.901135703544215,19,0,2,3.702459,4.24264,3.162278,451,141.0823723229,0,403.666510970725,509.612550649836,3.46220675642538,415,55.1690837159434,0.02,403.940573836675,509.739652838599,3.55994725111946
450,414.735555555556,663.077777777778,3.10444444444444,9.50760865132362,13.0567881096155,10.3685950035128,6.21396900560504,52.7132173477699,6.58010551430152,-14.4387809474622,-0.601814209193748,-0.790372241813672,0.114592220429369,-0.787793190088911,0.563937203721435,-0.247702886354571,-0.131154669234611,0.23934608755791,0.962035292028666,10.6549822337123,6.71923514667938,2.41333817516375,0.76530612244898,353.933801999342,414.316796478158,663.048425330173,2.97189299017948,13.1244444444444,0,276,0.802362135611145,20,0,7,2.421577,3.316625,2,203,23.7622222222222,0,414.410361919012,663.049097540447,2.97203778172636,204,17.6631580482327,0.0036101083032491,414.563440381451,662.854401479051,3.06218025198635
534,422.728464419476,415.260299625468,3.93258426966292,10.0657825676096,12.0375744034844,11.270591623712,6.84526441289194,31.545224256516,-10.5799844354015,-5.03123684696584,-0.837739233813783,-0.514277252047496,-0.18360796321394,-0.507432897366325,0.857368094217488,-0.086207921261849,-0.201754382355161,-0.0209489628465989,0.979212086402195,9.05644984496392,7.93913972178045,2.9286028051503,0.753173483779972,390.938632130654,422.580769230769,414.757211538462,3.90144230769231,7.79026217228464,0,266,0.814209890196698,21,0,5,2.612899,3,2,195,21.4700374531835,0,422.927082424771,415.248582642826,3.50222416048844,196,18.5841835846641,0.00952380952380952,422.7775193376,415.476011293547,3.55042576012366
893,432.057110862262,473.533034714446,3.93505039193729,11.9476991658663,14.179765301544,11.9773727417385,8.29376057025261,1.98005517067374,-0.52946983162182,-13.0626168814201,-0.999360242918134,-0.0345501284367824,-0.00924086032849281,-0.0315702007932357,0.973614169796347,-0.226006129991298,-0.016805573375629,0.225569805153018,0.974082047728396,12.5666090004294,8.96609111215883,4.2991540247923,0.868677042801556,531.668054540201,431.943317310694,473.263041804524,3.66448176124186,53.8152295632699,0,499,0.843485971627263,22,0,21,2.851197,3.162278,2,1209,315.127659574468,0,431.990668386583,473.160318255635,3.67795628426952,752,102.903970051247,0.191489361702128,432.127001540045,472.986266495459,3.84834541737258
726,435.520661157025,506.154269972452,4.90771349862259,11.1509704805684,11.0924917150546,10.2146441473663,9.36408417823964,53.8734714600364,10.4133457812215,0.814428127486273,-0.579859821376543,-0.794413406698907,0.18074824151344,-0.806120699539142,0.591585988054477,0.0139798609482316,0.118033916005899,0.137598539216973,0.983430036493531,7.69021077803464,6.52118469108282,5.48037953107237,0.912060301507538,407.623913127179,435.619310314988,506.096205434406,4.84776306680512,63.6694214876033,0,456,0.958331031405921,23,0,2,4.35284,4.582576,4.123106,902,364.694214876033,36,435.574714467005,506.131889050036,4.80455342035291,788,97.010051275215,0.404605263157895,435.404459421298,506.171113777426,4.7777042577983
539,443.25974025974,439.701298701299,2.71243042671614,10.0971013212818,13.7376309210419,10.7097662829111,5.41613645221112,-49.9026774150974,-0.070628686447072,-1.13488895291441,-0.644087395139671,0.764950918599336,-0.00123270281266635,0.76481717009917,0.643942861776203,-0.0198062386376172,0.014357010262935,0.0136997409283743,0.999803077288125,11.7951564576729,7.16869336466117,1.83340837931063,0.940663176265271,365.866086511772,443.285696771557,439.610584389048,2.5130568042501,181.595547309833,0,598,0.875429437568927,24,0,3,3.20185,3.605551,3,1808,877.690166975881,161,443.271314273635,439.562824076521,2.52189610526872,1060,41.5193856419516,1.04779411764706,443.103225486045,440.729021704378,3.18118609071224
502,453.165338645418,667.754980079681,2.29880478087649,9.86056268427343,20.4117529089521,8.44402246231049,4.35721482946913,68.7217082425117,-1.47323393735826,1.48472800602426,-0.362778246993906,-0.931520768420134,-0.0257099496302736,-0.931757690965663,0.362155623301715,0.0259019272889699,0.0148171803783763,-0.0333520990780033,0.999333822430086,26.0399785510073,4.45634470900026,1.18658256688411,0.907775768535262,396.702586790181,452.899704786583,667.552796792616,2.0385840069098,154.52390438247,0,610,0.769995588241085,25,0,8,3,3,3,2057,883.139442231076,242,453.041866665464,667.728436219933,2.04166140354043,1840,59.1251834702556,1.20325203252033,453.430948577488,668.150958608388,2.40282790404875
438,457.472602739726,684.150684931507,2.97716894977169,9.42233402499634,12.6509204928666,10.1512716015161,5.64488407887293,18.8220616602629,9.54895245422095,7.39702532018437,-0.933410265936039,-0.318159887121508,0.165890209693161,-0.299729896462978,0.945538513804271,0.126960261810938,0.197249244894636,-0.0687837563647038,0.977937385648415,10.0028618323019,6.44051969548421,1.99154476649457,0.805147058823529,330.645205338616,457.419066868789,683.462186289372,2.93616304530908,13.5547945205479,0,267,0.843537968517243,26,0,10,2.423607,3,2,215,25.6598173515982,0,457.759409200107,683.656197170567,3.08443811727022,216,19.7709887993456,0.00373134328358209,457.8641434141,683.834641699582,3.13086405574693
849,457.736160188457,624.62308598351,6.93404004711425,11.7481555824605,13.3969129292561,10.8908042844774,8.68190143462105,68.7344681895185,-21.4942492313599,-71.389352778165,0.337467115702178,0.867099326105317,0.366407839009153,-0.171461732985515,0.439351230614287,-0.881800073871235,0.92558998478876,-0.234753604499306,-0.296940945700195,11.2173297521293,7.41310112267444,4.71096328252969,0.881619937694704,469.715260032611,457.502693830949,624.47225889321,6.88204231633782,33.0117785630153,0,310,0.923112393222078,27,0,3,4.121915,4.24264,4,1288,501.240282685512,46,457.430392924031,624.435955098425,6.7632750797198,1073,233.895370749723,0.534090909090909,457.604661343855,624.499671101352,6.82365264558474
1365,458.137728937729,437.331868131868,7.05934065934066,13.7629440076676,18.7357958461946,13.4240002088758,10.1950663558233,10.5342848864627,22.6722708166199,-17.3128022300734,-0.907172852811101,-0.168696097116568,0.385459520494961,-0.287315776041072,0.917632214243126,-0.274591995916077,0.307387475282394,0.359851005557711,0.880920083684451,21.9393778743928,11.2627363504936,6.49621112497746,0.695718654434251,790.751424609132,457.341084296967,437.088821853528,7.33140606670018,17.4857142857143,0,234,0.752545175258262,28,0,8,2.840656,3.605551,2.236068,687,199.587545787546,0,457.291597690475,436.91267338871,7.40373737781579,646,124.797270446914,0.00900900900900901,457.660936150418,436.961506113021,7.29811952137268
1006,467.062624254473,398.501988071571,3.68190854870775,12.4317743743527,15.253120817411,14.0281016416187,7.22584964993396,-1.21359157136487,-7.4727872471593,171.996136635289,-0.991284335817507,0.0209997012840447,-0.130055288661496,0.0390780876800441,0.989653016197516,-0.138057272877705,-0.125810447205767,0.14193632402292,0.98184816101918,14.5411059169086,12.2992272292241,3.26330644771567,0.856170212765957,571.621659935727,467.339133032147,397.821476309599,3.42756972706568,133.116302186879,0,674,0.849390569549798,29,0,3,3.260242,3.464102,3,1506,556.333001988072,45,466.998620618185,398.006564570971,3.40318508552346,1507,49.6136067516573,0.31266149870801,466.840829682316,399.026680737552,3.65348981623203
810,468.339506172839,502.569135802469,3.85061728395062,11.5654392624423,14.6643542715958,11.2324876880586,7.95770058538408,-69.2323087244513,-7.0305982542272,15.4189448905915,0.351913652605934,-0.92799524325693,0.122399385627794,-0.889832835886272,-0.372246038515076,-0.263875749148018,-0.290438126436845,0.016053513707111,0.956759102078214,13.4402053876794,7.88554872889922,3.95781241291388,0.813253012048193,490.560474712078,468.367161915268,503.050053431694,4.01775311110345,35.8135802469136,0,340,0.856606930181716,30,0,10,3.393875,4.582576,1.732051,446,128.545679012346,0,468.256574018939,502.743291523405,3.91970957146424,447,56.7055211907003,0.00613496932515337,468.368975459577,502.462656933867,3.78497143329066
351,475.672364672365,486.002849002849,2.39031339031339,8.75190976677816,11.8781617283952,9.63906129952532,4.72694770875123,-76.1535629518826,-0.471114329993965,2.27007834151024,0.239312373346217,-0.970907812329839,0.00822240355896884,-0.970100712672995,-0.239448873706549,-0.03960863734101,-0.0404251807014818,-0.00150227745464604,0.999181438942748,8.81817037786952,5.80696892100042,1.39650216507928,0.895408163265306,281.152945805011,475.522920328061,485.999926772115,2.05089338019918,38.9059829059829,0,331,0.855880037898685,31,0,1,3.162278,3.162278,3.162278,1189,524.310541310541,161,475.617231692142,486.043970374878,2.24622757874946,991,214.936608808688,1.46511627906977,475.594450468069,486.144745655098,2.53765949718146
658,475.759878419453,353.259878419453,5.91793313069909,10.7913494706081,10.8506754608314,10.3410484858658,8.32902940142931,2.38682778393151,28.3819152473996,-9.99590861540697,-0.879035368173166,-0.0366400558229772,0.475346534446139,-0.123451824916582,0.980529558354816,-0.152713562322653,0.460495894037537,0.192923019626478,0.86644344308949,7.35857237226801,6.68358023668925,4.33579567311711,0.918994413407821,371.203686383271,475.834429271638,353.18298807915,5.97997055086028,150.689969604863,0,733,0.985573701260278,32,0,2,4.182873,4.24264,4.123106,1886,774.489361702128,159,475.572305705887,353.308935782769,5.79978964471149,1155,49.3899543701265,0.834545454545455,475.548892122621,353.34629160147,5.7370737538558
561,485.197860962567,687.748663101604,2.67201426024955,10.2326490570539,12.8129420675396,12.1718884111772,5.37122946431176,2.54578941587698,0.763932969447403,0.0166738433198746,-0.998924245634764,-0.0444138407037503,0.0133327505398663,-0.0444139107206417,0.999013173016612,0.000290987594034433,0.0133325172985189,0.000301485029278283,0.999911072590589,10.2607177766329,9.25967921838433,1.80313162239317,0.949238578680203,379.642389097821,484.846599386886,687.829793006158,2.47670980168742,131.411764705882,0,488,0.866465617938673,33,0,3,3,3,3,2540,1292.61497326203,201,484.865578074817,687.538399270779,2.49378410468354,2295,119.686253046421,1.76377952755906,485.629427873326,687.455432796471,2.9749720902007
659,487.022761760243,265.36722306525,3.6236722306525,10.7968134459572,12.9940093530038,9.96125227775954,7.41412204360253,-71.4669517351817,-1.10686763602345,4.20413407453827,0.31779228778015,-0.947963556474453,0.0193172830326623,-0.945139083673246,-0.318339031496709,-0.0732964769892422,-0.0756318341755355,-0.0050355359240892,0.997123096230953,10.552767441622,6.2016591838231,3.43557535483956,0.93342776203966,387.800721801409,486.939008504284,265.423784459295,3.65022293297184,143.282245827011,0,686,0.944348847136313,34,0,1,5,5,5,1892,993.51593323217,136,486.846606295448,265.42383924903,3.53162615868904,1588,91.7244388163922,0.747252747252747,487.224901018163,265.560452308506,3.81358751704574
351,485.874643874644,583.472934472935,2.43589743589744,8.75190976677816,11.3994243519889,9.45730110092286,5.03083769576192,19.7815784600079,-0.868095174148827,2.0543068138241,-0.94088162712768,-0.33839654976251,-0.015150539343483,-0.338728930343643,0.940201052013351,0.0358426218521873,-0.00211553346008986,-0.0388555903547554,0.999242596978513,8.12167972229484,5.5900340070948,1.5818329950687,0.9140625,275.99499806735,485.99650855829,583.668199494734,2.27579550938148,100.367521367521,0,623,0.871875199173715,35,0,1,3.605551,3.605551,3.605551,1435,676.794871794872,131,485.758615899476,583.591340952622,2.34806676348635,1228,104.124056244284,0.957446808510638,485.654864368708,583.155973929948,2.5171852939083
636,489.643081761006,496.114779874214,3.63050314465409,10.6697152953981,15.9014353037342,9.91772001594624,6.79419002691197,-89.5322077167764,-10.8685350307018,-171.654544496996,0.00801797474276572,-0.982029678034143,0.188556154874833,-0.989154538418887,-0.035444324687264,-0.142537710704155,-0.146659507725691,0.185368312576938,0.971663304589628,15.8034777949277,6.14757314466879,2.88506363261188,0.785185185185185,437.875768322898,490.676084015205,495.958926615553,3.14374073835449,48.8081761006289,0,556,0.816779111653849,36,0,11,2.941888,3.605551,2,1749,545.789308176101,21,490.194597288561,495.806972764619,3.262815379031,1750,194.08509794387,0.993006993006993,489.330477417278,495.747257916329,3.61373945947866
456,494.923245614035,480.304824561404,2.33771929824561,9.54967826405785,13.3384459282687,11.7618536354554,4.37559820437403,2.06989492860312,0.670130903595934,-3.64330158517192,-0.999279156939771,-0.0361161535217646,0.0116957240277611,-0.0367883449158548,0.997300974035321,-0.0635404191562595,0.00936932143184968,0.0639248828156405,0.99791073006202,11.1196337363343,8.64632505886721,1.19661622788258,0.934426229508197,350.791682810865,495.174641063724,480.27215503218,2.11563759813282,124.026315789474,0,585,0.816729166552657,37,0,3,2.504662,2.828427,2.236068,1060,489.188596491228,16,495.1298202358,480.522100685883,2.09764647868382,924,62.7357224302345,0.114093959731544,494.021972955263,479.960414861576,2.44398107232838
911,495.517014270033,425.081229418222,4.5609220636663,12.0274414537372,15.6058268797345,10.0215881650044,9.01816289006512,26.0312066238344,8.34499953194373,16.2283628163153,0.889041345586859,0.434214008580535,-0.145133320052735,0.384929118029267,-0.880552773801314,-0.276507480267755,0.247860968952994,-0.189960541437518,0.94998943823942,15.2213645375152,6.27701433430975,5.08295386948422,0.838086476540938,524.206600949026,495.438028498014,425.072506423733,4.40233590282644,23.4961580680571,0,237,0.86694967954518,38,0,7,3.652538,4,3.162278,610,205.61800219539,0,495.364001323952,425.317102467462,4.46268911690281,611,109.227577116042,0.00598802395209581,495.445901371368,425.329339644256,4.56432330816081
519,499.156069364162,800.757225433526,3.27167630057803,9.97063715195645,10.8173919608579,10.3265197622739,6.88461223229488,75.4704987403299,1.46799989583026,1.30276201680411,0.250796123312333,0.967700878581411,-0.0256186284619258,0.967622249155176,-0.25137744127921,-0.0227280653773311,0.0284339141059407,0.0190890442055756,0.999413388403384,7.31349805217703,6.66481315003956,2.96236784931651,0.931777378815081,332.072672615499,499.397110144373,800.833761592887,3.16571851993498,322.435452793834,0,1071,0.940508140442519,39,0,1,4.123106,4.123106,4.123106,2159,1069.63583815029,178,499.165545329925,800.669471359529,3.06239315777433,1032,16.4089219872843,0.874680306905371,498.403230343535,800.828430922938,3.86352188046887
936,508.425213675214,588.225427350427,5.41132478632479,12.1364706177901,12.2891072979172,11.5814447856061,9.53934406687732,47.8515850906003,6.03608492816967,26.0249383024786,-0.66733293913405,-0.737298594747288,0.105154793187879,-0.635271495252863,0.637217760061239,0.436329753262059,0.388711815701429,-0.224375373974535,0.893621181423026,9.43888488623259,8.38311645762768,5.68744282664172,0.887203791469194,490.851847358378,508.157783541815,588.547002468309,5.31600635903443,51.0747863247863,0,571,0.942723342117619,40,0,1,4.472136,4.472136,4.472136,769,255.762820512821,0,508.247157405783,588.222549437329,5.28797296507014,680,88.8912104491346,0.0956521739130435,508.43304022347,587.893402512649,5.31400434848455
728,513.218406593407,341.836538461538,4.68543956043956,11.1612007344534,19.2323086766467,11.6550695650445,7.13206727443118,88.3389045788285,-14.607703734801,-37.8645636378194,0.0280505092935169,0.967268626778874,0.252199469820386,0.784644856051875,-0.177618841421297,0.593956224854566,-0.619310599618403,-0.181226242088351,0.763944651384397,23.1176060646137,8.49004041037661,3.17914897543826,0.635807860262009,544.505856974447,514.54305484367,341.709892362891,4.49397744746284,10.7197802197802,0,584,0.718735597480444,41,0,16,2.373552,3.162278,2,296,47.5865384615385,0,513.087636752013,341.649626187108,4.52457928008544,297,34.9094208699428,0.00170940170940171,512.930547744613,341.611358629534,4.58835467800607
557,525.773788150808,482.122082585278,2.52244165170557,10.2082710038753,20.4961267039404,11.026838382402,5.07918625536557,-27.3682184432898,2.58072863853613,-6.40835505431115,-0.887169811235004,0.459241000810484,0.0450269831082567,0.452371721136088,0.884831866755321,-0.111500643454055,0.0910469766088923,0.078551070959468,0.992743762156933,26.2557006164988,7.59944779447592,1.61238331354341,0.685116851168512,479.319002358024,526.724144909937,481.168126752826,2.31922398589065,62.0951526032316,0,827,0.683014003479877,42,1,20,2.226138,3,2,989,332.662477558348,0,526.617092928497,481.195533560361,2.37896196834203,799,93.8421318592294,0.0112359550561798,525.699003078654,481.657718597612,2.72420086116001
1008,533.618055555556,330.306547619048,6.72619047619048,12.4400073399209,18.2892827717783,11.1130697762715,8.45789866962528,-30.7378636034336,-13.3383283443055,-119.413698014809,0.836329080859341,-0.497323693223383,0.230700699321924,0.0782825074685578,0.52483218142059,0.847598389787133,-0.54260991285951,-0.69081135305086,0.477864161621935,20.9061165191291,7.71876999076745,4.47100311910307,0.741721854304636,612.068675468013,533.814271423808,329.929643214405,6.47293542291875,8.92559523809524,0,276,0.794311759565134,43,1,19,2.636998,3.605551,2,193,15.7787698412698,0,533.35944671487,330.431248035209,6.79943414020748,148,13.6381206409762,0.00523560209424084,533.274047827564,330.534363968063,6.7582102960867
514,540.474708171206,689.52140077821,2.73540856031128,9.93851503129119,15.7399181302162,9.48026246565068,5.35406616994887,-45.5247026683447,-4.8600289704481,-13.1761229834763,-0.698082772988345,0.710987098521446,-0.0847218259538699,0.7082975442029,0.66837755641302,-0.227125584114825,0.104857193043892,0.218560718838986,0.970173273826661,15.4840639216193,5.61721102610157,1.79162653451194,0.868243243243243,375.251920401395,540.715051539832,689.582797785696,2.46672181216595,122.303501945525,0,532,0.826932283219793,44,0,6,3.126422,3.605551,2.828427,2141,951.480544747082,194,540.589905962651,689.294595152752,2.46331848174359,1580,101.304133491554,0.993265993265993,540.25616555636,689.4004933998,3.02529947510434
405,540.730864197531,653.22962962963,2.6716049382716,9.17949522583761,12.1603771506191,9.76419410424536,5.18886240897874,29.8074475495114,5.09045459107745,-5.7839475732417,-0.864278514730111,-0.49512617356712,0.0887283563732313,-0.502314906389644,0.858838503176118,-0.100380079104211,0.0265025243076304,0.131325921702405,0.990984923444518,9.24217327783123,5.95871790658624,1.68276831870704,0.918367346938776,301.493856778975,541.101854171887,653.377536958156,2.35912052117264,39.4172839506173,0,344,0.878029294448882,45,0,3,3.20185,3.605551,3,1078,402.293827160494,0,540.850769353522,652.964941784458,2.44692473408663,981,147.87353700115,1,540.532770198713,653.01753418345,2.67658854860582
1196,550.784280936455,427.58110367893,4.62541806020067,13.1697496434175,15.1410495185565,12.598195657501,9.86613587139357,-22.831933992487,-9.97471135378089,10.7843734805823,-0.907715685568415,0.382163994857791,-0.173213496031334,0.351304977086296,0.917945440568874,0.184285054231786,-0.229427651444761,-0.106427671087693,0.9674895883571,14.3282112827113,9.91965836404223,6.08378981454994,0.871720116618076,622.693651782126,550.739256419401,427.580955777461,4.53009094151213,18.7558528428094,0,318,0.875045171499717,47,0,3,3.686094,4,3.316625,567,149.654682274248,0,550.39829149603,427.702458837793,4.43672445484868,568,92.7708272643155,0.00469483568075117,550.487728919718,427.750806546674,4.41416923541754
479,562.954070981211,385.286012526096,2.79123173277662,9.70760947830282,12.6303459952194,10.261826582026,5.46252122028131,-27.1991371693802,1.70100909085378,-1.83307020711031,-0.889031321245291,0.456883113056008,0.0296838482866341,0.456006104326063,0.889402116286174,-0.0319735572472516,0.0410090558562489,0.0148894778258422,0.999047827077289,9.97035249743471,6.58156779997343,1.86494613012648,0.93921568627451,332.300322499653,562.596149419274,385.563503191378,2.49915245369886,99.7599164926931,0,424,0.890930248139775,48,0,4,3.435414,4,3,1286,490.33611691023,81,562.9193599891,385.376538610556,2.6076612268011,816,63.4871147441332,0.48876404494382,564.118149867331,385.138542829603,3.09215617082918
948,565.915611814346,670.759493670886,3.7542194092827,12.1881157957451,17.1054745653063,10.633135398617,8.06067972055603,-61.9175232622321,0.632979898712034,1.96354345731582,-0.470713344199957,0.882217038749464,0.0110473586082408,0.88193102240619,0.470131706393844,0.0342614996867391,-0.0250323652431137,-0.0258703533671043,0.999351842699555,18.2873287565213,7.06647302533263,4.06090984733645,0.885981308411215,534.666602258965,566.076464437651,670.967674219991,3.67617550104959,132.159282700422,0,543,0.872850689134089,49,0,10,3.218613,4,2.236068,2404,1009.86814345992,176,565.585197758407,670.855019297962,3.57257130322608,1581,110.449883973749,0.996007984031936,565.070703510239,670.644765307254,3.67497197145288
588,568.367346938776,405.863945578231,3.18877551020408,10.3942438513616,13.4452586906706,10.4173199110422,6.26664575262018,60.0825009586666,3.43302820223139,-5.72062201222899,-0.497857456674944,-0.865189067702761,0.0598817999126878,-0.865404864678573,0.491095069160972,-0.0994990112334879,-0.0566778000968431,0.101358325624525,0.993234170174776,11.2984363286908,6.78253463306224,2.45442806180203,0.904615384615385,381.159446530634,568.647866516034,406.049726253585,2.99600243330147,97.8486394557823,0,477,0.89048987852183,50,0,2,3.158312,3.316625,3,1959,975.426870748299,255,568.390697601434,405.924092190581,3.05051512419994,1595,142.387324785025,1.46234309623431,567.645708251815,405.614929363184,3.1941659541757
608,572.113486842105,486.210526315789,2.97532894736842,10.5107809594231,14.2861871628886,12.0182422903862,6.03626518450385,50.3064869228934,-2.70873668827908,11.9817371104017,-0.637967092930687,-0.768612124209182,-0.0472587648613181,-0.758974061346555,0.617217069237646,0.207367942664256,0.130216598560568,-0.168162100249549,0.977120844879985,12.7559464783177,9.02738423440167,2.27728108610333,0.830601092896175,437.15991983102,571.588898026316,486.222615131579,2.59897203947368,40,0,388,0.793925052365834,51,0,3,2.466115,3.162278,2,2065,968.909539473684,113,571.728436912766,486.308363478341,2.62698163460347,1850,388.825748498273,1.61538461538462,571.894864205335,486.094625163065,2.91103420784335
538,584.972118959108,341.596654275093,4.44423791821561,10.0908531134231,12.1613453758102,8.93739465696163,7.33365605595191,60.58613853709,-14.3973945391116,65.1287419832694,-0.475690798435495,-0.843737820473906,-0.248645841681985,-0.477153966843483,0.0100471547525339,0.878762281056092,-0.738946788482993,0.536661480808265,-0.407372187081237,9.2436450843587,4.99231395339289,3.36140694668751,0.86634460547504,346.117703974055,585.63508549715,341.706016466118,4.50373654211526,14.6747211895911,0,301,0.924233758547937,52,0,5,3.281421,3.464102,3,236,25.3048327137546,0,585.522550315851,341.967313060085,4.03562509181725,237,17.8993057518202,0.0033112582781457,585.078631772917,341.866055766477,3.98223001715249
810,593.106172839506,356.179012345679,7.00493827160494,11.5654392624423,20.1868177586826,10.3861210611481,8.42491841386431,-45.2277905182579,58.0038554341293,-65.5521054192595,-0.373176625981776,0.376155758353354,0.848083752514144,-0.249933761164383,0.839564183721858,-0.482353704704002,0.893460866994791,0.391967890099513,0.219291705907572,25.4692257013916,6.7419694185515,4.43620314251687,0.623076923076923,575.370554563423,593.522950819672,356.246658259773,6.89482976040353,9.79012345679012,0,204,0.730342383666903,53,0,18,2.530543,3,2,258,21.6592592592593,0,593.102428180575,356.822617419061,5.01772685818513,259,17.398315464145,0.0048780487804878,593.058278217872,356.793057671262,4.97023720835271
571,594.005253940455,383.038528896673,2.95446584938704,10.2930913864679,14.3448842320759,9.85676381045183,6.04671814150963,3.20049966521778,-1.21306557296729,-1.14163100492861,-0.998216508725746,-0.0558176996313541,-0.0211704065914654,-0.0553979906558204,0.998265635336721,-0.0199194361634883,-0.0222455464909654,0.0187111120363687,0.999577425689316,12.8609814769787,6.07223705093956,2.28517501767886,0.939144736842105,372.92628419135,594.15468620761,382.835388234078,2.75509201819686,135.509632224168,0,700,0.892521190523959,54,0,3,3.868517,4,3.605551,1829,712.418563922942,122,594.018068246348,382.796517130418,2.74631198822,1113,69.6447484269034,0.724719101123595,593.53879684582,383.078444478318,3.13068882167083
458,606.873362445415,360.807860262009,3.5174672489083,9.56361942000268,14.7331862413537,8.20825694263215,5.65205786868015,3.33286494090885,-3.43432018150454,-27.4726785591145,-0.996515795368537,-0.0580322615212119,-0.0599043087243741,-0.0239920000030273,0.887336913667847,-0.460497107024869,-0.0798789929635208,0.457455416696702,0.885637560302171,13.5666735514008,4.21096762726681,1.99660988443182,0.859287054409006,334.420439182075,606.825195030338,360.921698930945,3.57613406529905,7.55676855895196,0,181,0.859214564800857,55,0,7,2.588528,3.162278,2,405,55.7161572052402,0,606.73986989576,362.351320636414,3.47840739869896,406,45.5450717807438,0.00943396226415094,606.768332508115,362.23507444484,3.4044545895608
512,609.73828125,524.41015625,4.37109375,9.9256078543904,12.0041574227863,9.57885948399374,6.76144871739732,69.813387878378,-17.843772380063,10.4127370807642,-0.328479075919722,-0.89342413056251,-0.306422616024908,-0.942227817793248,0.287415677921433,0.172043504560727,0.0656371545658363,-0.345232604215745,0.936219105192217,9.00623721443964,5.73465931338105,2.85732429737462,0.8192,345.59075639476,610.205384281372,524.637863656101,4.39470256187581,4.498046875,0,157,0.895575039100945,56,0,5,3.092335,3.316625,2.828427,155,16.34375,0,609.635396749522,524.467853728489,4.45948852772467,156,15.7221206308792,0.00892857142857143,609.650050473779,524.495832774628,4.50143044343958
