Volume,Centroid_1,Centroid_2,Centroid_3,EquivDiameter,PrincipalAxisLength_1,PrincipalAxisLength_2,PrincipalAxisLength_3,Orientation_1,Orientation_2,Orientation_3,EigenVectors_1,EigenVectors_2,EigenVectors_3,EigenVectors_4,EigenVectors_5,EigenVectors_6,EigenVectors_7,EigenVectors_8,EigenVectors_9,EigenValues_1,EigenValues_2,EigenValues_3,Solidity,SurfaceArea,WeightedCentroid_1,WeightedCentroid_2,WeightedCentroid_3,MeanIntensity,MinIntensity,MaxIntensity,sphericity,id,nb_branch_pt,SkeletonSize,MeanWidth,MaxWidth,MinWidth
606,15.7788778877888,108.438943894389,5.21947194719472,10.4992433201177,18.1097696533736,9.50911055352887,5.89123737895805,8.83609069413639,21.9275882599782,-20.6987855247816,-0.916646955027995,-0.142495738633065,0.373434498017152,-0.274118898925771,0.904074304226884,-0.327884860413528,0.290890338597947,0.402920112315199,0.867777733064336,20.4977348061408,5.65144896995212,2.16916736595203,0.768060836501901,419.445780009407,15.740061501263,108.534082180993,5.25196108062544,595.120462046205,0,2864,0.825638706080494,1,0,11,2.882069,3.162278,2.236068
443,17.2618510158014,511.142212189616,4.88487584650113,9.45805208458879,13.8866921936833,7.76075356828678,6.37909213894406,33.7912666745968,38.2883827282529,-64.6223113741124,-0.65230793602538,-0.43653812949315,0.61961989808021,0.703620559214986,-0.0448234980651582,0.709160745297702,0.281802173959496,-0.898568481263295,-0.336395926300955,12.0525137551316,3.76433099672975,2.54330103232111,0.848659003831418,316.616730052173,17.2893454082074,511.116950599414,4.96764156429004,364.916478555305,0,1264,0.887604337832805,2,0,7,3.015952,3.464102,2.828427
1266,14.5157977883096,275.605055292259,14.4691943127962,13.4218287850252,40.8462107118832,7.22497753103207,6.64798816894554,60.6562186115594,46.543838876627,-101.100576360977,-0.33705517345902,-0.599551314493173,0.725900841254519,0.18124230906812,0.715275597775941,0.674931140658013,0.923875010728272,-0.359052977310841,0.132423276035805,104.275808094973,3.26251877024491,2.76223416840249,0.764031382015691,809.253039885971,13.8999190612946,275.253751256539,15.2156136729801,516.256714060032,0,1956,0.699340890399637,3,0,22,3.072073,3.162278,2.828427
1200,102.098333333333,106.688333333333,5.81333333333333,13.1844153010177,45.096260240008,6.89625335776096,6.34948307536717,8.20215629336972,7.97452748132564,-74.5801032700577,-0.980199624160448,-0.141286579060939,0.138732834516467,0.17030449236423,-0.244091045524442,0.954681067883587,0.101020179549822,-0.959404848889165,-0.26331969020884,127.104542977158,2.97239439840184,2.51974595777341,0.688468158347676,845.277819155149,102.17927897184,106.926431605311,5.91237911260885,273.498333333333,0,1095,0.646058952622609,4,0,38,2.579307,3,2
1349,119.281690140845,534.458117123795,5.91252779836916,13.7089578916151,33.3153670265258,13.9475667908877,10.5180686881084,-82.8499067430353,3.72476769161414,46.1949115805984,-0.124206092806057,0.990127550837658,0.0649636789450453,0.692659948102089,0.0396387478549429,0.720174260831157,-0.710489298163642,-0.134447769563924,0.690745071972447,69.3696050070077,12.1584137116422,6.91436055798541,0.46309646412633,984.077800499093,118.951743220808,534.72730246572,6.20473713337023,301.389918458117,0,1015,0.599969706683804,5,2,41,2.363314,3,2
701,154.529243937233,648.998573466477,4.71611982881598,11.0214769965755,26.0615451671381,7.25057772308027,5.74198268991854,65.9836331841672,15.5536024609106,-69.0086264503164,-0.392093341515791,-0.879979473352848,0.268139773283684,0.429104977032375,0.0828743120190685,0.899444699296967,0.81371477203319,-0.467726388912375,-0.345109105776656,42.4502585311739,3.28567983240173,2.06064782570776,0.81892523364486,501.524738032236,154.718518910381,649.075290107806,4.56335516148169,377.522111269615,0,1361,0.760916690011384,6,0,19,2.504103,3.162278,2
1568,180.848214285714,980.014668367347,4.17474489795918,14.4139323253827,48.8442979528521,8.78848916318002,6.55616633425321,70.2458477849904,5.28505277424019,24.4560106694413,0.336548069549809,0.937150464693408,-0.09211082133619,0.84382232733954,-0.343549991040094,-0.412234500666348,0.417970425706866,-0.0610115577680282,0.90640957246332,149.110340156687,4.8273463607083,2.6864573126497,0.6779074794639,1053.28291711884,182.733390130055,980.8048493548,3.80289282754655,603.357142857143,0,2135,0.619683295870946,7,3,45,2.640735,3.316625,2
660,191.790909090909,738.530303030303,5.59242424242424,10.8022718965564,23.8400276699261,7.45061987968055,5.96907578148405,-14.0644632014361,25.5402723013574,-64.2717347494141,-0.875234674780283,0.219266744384058,0.431145403395963,-0.271266761382832,0.515477522588384,-0.812832865892498,0.400472980650532,0.828374926294464,0.391684022211169,35.5216824564276,3.4694835369682,2.22686660531871,0.749148694665153,482.435830212906,191.979349147183,738.172118762722,5.83396935989745,410.137878787879,0,1471,0.759872148046272,8,0,13,2.819453,3.162278,2.44949
2186,214.633577310156,667.359103385178,13.4734675205855,16.1021491507353,59.9323524806174,10.7706357254767,7.16865972980105,81.1485699146228,-33.0456162524533,67.7436907760502,0.12898185302985,0.82825383967377,0.545306573089526,0.451896493882386,0.440390750521029,-0.775787049178014,0.882696573237822,-0.346484579629716,0.317482591133792,224.492929616311,7.25041212068214,3.21185514510445,0.514958775029446,1330.71724052341,214.742933629357,667.412232245804,13.4120188126886,778.026989935956,0,2466,0.612113248397957,9,0,49,2.985199,3.741657,2
2326,212.663800515907,330.647463456578,8.1268271711092,16.438809499808,74.1197499436208,9.47229951147359,6.37996667830369,-2.52946979131253,-14.9011328131242,-93.7373824190067,0.96542941558792,-0.0426490800860862,0.257151899634008,-0.253478239553338,0.076444679584283,0.964315816025122,0.0607850770379462,0.996161265524346,-0.0629913285970696,343.358583231555,5.6077786271915,2.54399842601658,0.654105736782902,1502.92550228037,212.689337614215,330.093543967964,7.8489844599572,465.720550300946,0,1808,0.564876027449128,10,0,71,2.731239,3.162278,2
825,224.681212121212,311.570909090909,7.28969696969697,11.6363946525489,30.7747237623228,8.39270573037939,6.23318922042411,-58.7153509646632,-33.1248456517355,-125.003244097473,0.434896074035078,-0.715710287378602,0.546465176684951,0.25777207832133,0.680412110800567,0.685997751537001,0.862797172240833,0.15747426461602,-0.480398683966625,59.1927264154547,4.40234434229644,2.4282904911007,0.685785536159601,591.346780844176,224.449376979642,311.553835796113,7.2840323998493,347.476363636364,0,1464,0.719357075956113,11,0,23,2.450028,3.162278,2
2090,235.043540669856,530.211004784689,6.67416267942584,15.8628988369935,67.2370336761847,10.8336416316599,6.33814571678694,20.646157430385,11.9994587105182,-69.0978356582375,-0.915328680548014,-0.344891255126076,0.207902449970632,0.307543632439498,-0.265378473012448,0.91377851813637,0.259981385318545,-0.900346759975923,-0.348977636946422,282.551168598274,7.33548693770219,2.51075569545159,0.540191263892479,1364.92451254425,234.85796497352,529.546309817316,6.72495536674285,382.704306220096,0,1626,0.57917038745451,12,0,54,2.640405,3,2
648,240.62962962963,375.476851851852,3.41358024691358,10.7364027472758,28.2535650177491,6.48323516489773,5.69584052021863,19.049887803463,-3.60173043973477,89.6071819368643,0.94336774512588,0.325746622254562,0.0628206617750574,0.0616165874872833,0.0140231866634602,-0.998001375942049,0.325976523084921,-0.945353102457249,0.00684237326664747,49.8914960132612,2.62702113771041,2.02766245198528,0.768683274021352,497.410944004802,240.325910330922,374.411834725588,3.16067404307234,364.302469135802,0,1532,0.728034777079549,13,0,18,2.441308,3,2
909,240.501650165017,419.59295929593,4.88448844884488,12.0186333645716,40.6460037434658,7.85240367660248,6.08252034125675,-46.6227406857682,-11.6170369202883,8.58897417691599,0.672730285687431,-0.71195815348936,0.201369189298976,0.698041378123385,0.700955562334445,0.146285795824499,-0.245300218398827,0.042153141192818,0.96853028633134,103.256101269615,3.85376521877001,2.31231585636263,0.570979899497487,705.159105196318,241.255761998194,418.619855002557,4.52590768471942,303.332233223322,0,1127,0.643536121324997,14,0,34,2.372297,2.828427,2
1978,246.592517694641,452.646612740142,17.7234580384226,15.5743245868109,77.9466190525178,29.2611620563099,10.825112155899,-29.0162589220679,-18.8152410768482,-15.9301211420206,-0.827752835595358,0.459138003130918,-0.322517499129578,0.543839080933048,0.797962326486065,-0.25979834402637,-0.138073521044919,0.390446436262261,0.910212768091263,379.729713857396,53.5134753053518,7.32394082423707,0.179867236519051,1496.9670515762,248.104764349769,450.537333365371,16.6854388429888,399.760869565217,0,1309,0.509044880905386,15,0,76,2.32104,3.162278,1
1750,263.226285714286,441.296571428571,4.236,14.951329367185,53.8783187101189,10.1539025811039,7.36694735865014,-82.4848892829315,-0.887821699712264,-46.3614899949217,-0.130771961926984,0.991291382693606,-0.0154947917432332,0.685645004071648,0.0791399807650564,-0.723621304161297,-0.716093305628085,-0.105253304185214,-0.690023274674657,181.429576689322,6.44385860165923,3.39199458657014,0.448833034111311,1321.21543204973,263.816772430216,441.216953739159,4.20238407728632,422.325714285714,0,1303,0.531539878242084,16,7,74,1.930394,3,1
778,246.942159383033,626.808483290488,3.44730077120823,11.4110863443185,32.998328313141,6.60119420032348,5.78193031782536,17.4256265419037,-0.707999908765551,71.1552193980672,-0.954033639735643,-0.299444699932114,-0.0123566150432836,-0.107887234144055,0.304679558132615,0.946324844630458,-0.27960715112727,0.904158856915465,-0.322980808253079,68.0556044663653,2.72348530439902,2.08941988751173,0.755339805825243,585.077302987457,247.318952103336,627.947727473483,3.24292829429711,378.331619537275,0,1438,0.699182589088528,20,0,25,2.452314,2.828427,2
1248,254.529647435897,699.046474358974,5.68509615384615,13.3579143460968,38.0798023803519,8.18137415175564,5.8801755143163,40.6787270837631,10.1291651156865,74.7834532155884,-0.746556179792885,-0.641657519587407,0.175867842341886,-0.0423829556773381,0.30966408728275,0.949900962266801,0.663971050182993,-0.701700634604442,0.258376980233564,90.6294593329157,4.18343018818843,2.16102900494781,0.83758389261745,798.734551707641,255.364420907172,699.995599839994,5.52334917441974,418.654647435897,0,1400,0.701818334742161,21,0,21,2.852937,3,2.828427
735,264.244897959184,384.444897959184,6.06394557823129,11.1968597650121,29.092914016525,6.82477436916009,6.16177984442133,-8.41894093298103,-21.7521557244598,-34.3676264538602,0.918786896183369,-0.135985017158104,0.370592383232899,-0.327796953860589,-0.785908780288729,0.524305775387608,0.219954078028684,-0.603204330367076,-0.766658163319846,52.8998528733071,2.91109657437154,2.3729706781948,0.705374280230326,543.405350338369,264.407342436761,383.555794786219,5.54789881763976,334.278911564626,0,1287,0.724800426795869,22,0,25,2.592464,3.162278,2
2741,251.219627873039,472.064939802992,8.25209777453484,17.3634813298407,61.3857024017453,19.837868323346,10.8122521088004,85.2197683662459,9.68991927942846,20.5215475143151,0.0821451069643805,0.982304393857761,-0.168315950549995,0.928365717384622,-0.136845219852201,-0.345558215918157,0.3624765870877,0.127872841570603,0.923178888516149,235.512778709728,24.5963137259009,7.30654972901622,0.293343321917808,1833.69396513169,249.459936912287,472.372413662632,8.45858474822665,366.404961692813,0,1496,0.516531279118572,23,3,77,2.466959,3.162278,2
737,270.145183175034,715.862957937585,4.98236092265943,11.2070064491011,24.7880045129753,8.44068086239193,5.92130608178977,-73.8105403860422,-17.343139534333,-122.853372242256,0.266138596578011,-0.916684471542881,0.298093654819481,0.451158610467691,0.391741070943069,0.801869591353382,0.851836930176398,0.0789209285837792,-0.517827511261351,38.4028229834554,4.45281833879684,2.19136660714003,0.748223350253807,532.829398809095,269.624197858897,715.819347164507,4.89276566820632,439.165535956581,0,1280,0.740527067635811,24,0,16,2.54102,3.162278,2
2037,276.920471281296,316.068728522337,7.71919489445263,15.7276608523573,51.7308203917281,11.0920720230308,6.6889354240923,-15.8623607936355,-5.08287033096796,88.1822749395023,0.958138412727684,-0.272252531552967,0.0885965073729004,-0.0765100283398702,0.0547157677042528,0.995566371633739,0.275893090923111,0.960668904372123,-0.0315952299146105,167.254861150077,7.6896288602564,2.79636606922979,0.670286278381046,1221.73062567908,276.548107884959,317.163843860373,8.03533324159442,535.125184094256,0,2241,0.636066734559381,25,0,37,2.912651,3.162278,2.236068
532,289.321428571429,614.988721804511,2.92105263157895,10.0532003262854,29.2607549853617,5.64527766876573,5.21889547019637,80.4162066348642,5.15254141543979,-71.3062086204802,-0.165817078035897,-0.982058696158032,0.089807649629765,0.330200305245971,0.0305208256553425,0.94341731890865,0.929232185757201,-0.186089216511064,-0.31921520711143,53.5119863945857,1.99182249734157,1.70230437055226,0.806060606060606,451.100107843791,289.627136544123,615.018077656041,2.72065183402069,318.592105263158,0,1405,0.703858914003455,26,0,22,2.20455,3,2
1215,318.158024691358,399.079835390947,3.89958847736626,13.2391230451032,44.5565356652412,8.80910233370607,8.40307496709465,-7.41525595760407,-9.41469292683491,-59.1174169120312,0.978279728918979,-0.127321239374564,0.163578953384391,-0.205456592759816,-0.490869460700803,0.846660948103094,0.027502008612732,0.861879617206154,0.506366630976842,124.080304405494,4.85001774535664,4.41322930641332,0.511363636363636,899.60896998681,317.801788564627,401.184864093077,4.17523965935617,713.6329218107,45,2342,0.612088940651195,27,3,43,2.465536,3.605551,2
3648,316.029057017544,727.851973684211,8.08799342105263,19.0993565281157,49.0154759882865,25.1971471428754,14.3364262264685,69.1321003501728,7.72465930903028,-19.2928713057129,-0.352982059413127,-0.92592488767253,0.134412678423876,-0.897749308710633,0.294713814951686,-0.327398756848897,-0.263533383923266,0.236234776578801,0.93527711716513,150.157305397393,39.6810140087321,12.8458198091859,0.335417432879735,2135.00548062174,317.6446622481,727.661177545842,7.11222093684688,428.895285087719,0,1575,0.536770141971325,28,6,79,2.899813,3.605551,2
971,324.196704428424,558.192584963955,3.92584963954686,12.2858969759528,29.8845061278868,10.2631060730832,6.18361507212397,27.7732001736063,0.287267691662704,52.718833957248,-0.884787907603369,-0.465966974054402,0.00501374604824868,-0.27872254152123,0.537805464028322,0.795662634355307,-0.373448930118695,0.702595233368307,-0.605719270488678,55.8177316567314,6.58320914170979,2.38981846001242,0.609541745134966,716.575273155267,324.255474709319,558.502263484169,3.82513671552618,380.600411946447,0,1383,0.661761951100726,29,0,24,2.372543,2.828427,2
921,333.437567861021,473.529858849077,2.93051031487514,12.0712896047779,47.9642495082135,5.96002893703931,5.24019110288547,-79.7380421069293,1.2286935846259,-117.117631541088,-0.178107953676752,0.983777286832789,0.0214431049290166,0.451927477033152,0.0624230175840931,0.889867924120285,0.874093308714539,0.168183283317971,-0.455714023125093,143.785576930385,2.22012155814661,1.71622517467246,0.742143432715552,735.655249738873,333.970412407473,473.385044060627,2.7640253789214,308.034744842562,0,845,0.622275744071013,30,0,36,2.255645,3,2
1521,339.913872452334,258.839579224195,3.09598948060487,14.2684521750569,41.8353183770967,20.790056018541,6.22732293219239,-31.738683894327,1.59094709491566,-0.500195405407045,0.850128298688703,-0.52584318280145,-0.0277636969780962,-0.525819790347808,-0.850551230009223,0.00872658056660874,0.0282032595144419,-0.00717998823384164,0.999576422251807,109.387116482065,27.0141518283796,2.42372193136308,0.495762711864407,1144.67576452492,339.939235153047,259.489915933882,2.81029681012919,509.91452991453,0,1618,0.558754601434949,31,0,53,2.454602,3,2
1085,335.865437788018,546.127188940092,4.67281105990783,12.7490269339282,31.2011137503592,8.50975416644468,6.18972843087879,-19.360380564707,-3.36539609128668,88.3056128167099,0.941825101318901,-0.330937124994219,0.0587034737149579,-0.0455575400314586,0.0473485093430289,0.997838979600053,0.333001485089668,0.942464183915524,-0.0295173332894771,60.8443437039284,4.52599474833266,2.39454612800183,0.809701492537313,694.342643052747,335.946140333572,545.93003469198,4.67815580539751,439.151152073733,0,1285,0.735410983199345,32,0,20,2.989562,3.162278,2.828427
1866,326.443193997856,375.198285101822,7.0085744908896,15.2746407851698,45.2660739091399,10.3902879720629,7.86172272617414,-77.9024191654347,-7.30274898968004,105.133518827754,0.207877259787568,-0.969860574443946,0.127112198480204,-0.280987436109922,0.065264768156098,0.957489723592846,0.936927481511555,0.234757270764485,0.25895157503214,128.063590446732,6.74738025889967,3.86291776395269,0.595785440613027,1111.82057141564,326.181084400438,375.139354500881,7.1026991002999,562.888531618435,0,1609,0.659260687169631,33,1,31,2.726327,3.162278,1.414214
1886,329.290031813362,632.796924708378,8.90296924708377,15.3290187474814,42.3102006020341,11.4754053898874,8.02100288073417,72.7074837403206,19.2948269782356,-24.5142534477649,-0.280553857271681,-0.901169290846732,0.330429179106173,0.909485616979299,-0.139550960963151,0.391613893780655,-0.306798705469508,0.410389374288686,0.858752068872719,111.884567186523,8.23030805389099,4.0210304507966,0.584806201550388,1207.60546976522,329.302051647671,632.824633459242,9.01753593907364,519.09756097561,0,1709,0.611298755947472,34,2,44,2.403349,3,1
1701,365.774838330394,445.579659024103,4.07818930041152,14.8104605534119,52.8558825788573,8.43253851922033,6.00018715406249,-78.5640902938135,-0.0346056591051523,-91.7277656917605,0.198271643065054,-0.980146923048395,0.00060398265448601,0.0294323544306102,0.00656973875484985,0.999545184093928,-0.979705104645757,-0.198163689336509,0.0301506245306646,174.609020199372,4.44423161738341,2.25014036773602,0.763122476446837,1090.21110121493,365.571509196231,445.583723149086,3.80646720861005,595.833627278072,0,1788,0.632086333234784,35,0,39,2.676389,3,2
1207,347.096106048053,543.108533554267,3.74565037282519,13.2100019765397,43.632764641506,8.74331882741996,7.7817367285734,11.2865382692355,-0.999248597228823,14.2948898759166,-0.980511534323714,-0.195685978249864,-0.017439293980812,-0.193878649963596,0.949454467100053,0.246875037199081,0.0317521675866206,-0.245444928283613,0.968890389586667,118.988634391316,4.77785150736979,3.78471415705177,0.575309818875119,842.888973700219,346.763435120654,541.436035128711,3.55003021391451,411.317315658658,0,1057,0.65040708769649,36,0,34,2.590095,3.162278,2
1250,363.8144,277.0512,4.0456,13.3650461757198,43.3309540852697,7.86300689944306,5.98778506624638,-72.1596961134771,-4.75460976950764,-102.080670530337,0.305310739004323,-0.948638428496139,0.0828883865750223,0.174393133260722,0.141273965569893,0.974488943869383,0.936147631370257,0.283066774158559,-0.208568486707184,117.348223871234,3.86417984379307,2.24084812497271,0.746714456391876,843.543408499092,363.910139408621,277.039549066368,4.01722483528292,424.364,0,1469,0.665247672341145,37,0,31,2.592428,3,2
1773,362.834179357022,292.517202481669,4.73829667230682,15.0165455491997,54.699114149609,8.72005593777326,5.93512302892068,-58.3931004868688,-1.34322917159071,-95.7488242696066,0.523944450817271,-0.851429799050766,0.0234416242218733,0.0730854637807473,0.0723606812564152,0.994697163357803,0.848611057812553,0.519452817006972,-0.10014011914203,186.999568046997,4.75246097236841,2.20160533552653,0.727533853098071,1132.78876776008,363.908595824789,291.900267253841,4.73584899317578,335.555555555556,0,1183,0.625375717451966,38,0,37,2.608201,3.162278,2.236068
1253,362.517158818835,203.118116520351,4.7342378292099,13.3757296704174,39.0170480419178,8.10007063162641,6.1224610598758,-73.0705188842504,-7.93003515007878,90.9863310335116,0.28840986427523,-0.947515567112115,0.137963764333068,-0.0566362247879159,0.126952808774487,0.990290524233187,0.955830575065747,0.293423302456494,0.0170492623010025,95.1456273690826,4.10069651483354,2.34278308935598,0.781659388646288,820.148089550134,362.813779176347,203.068837063396,4.64879765510886,407.059058260176,0,1440,0.685318666084125,39,0,27,2.564252,3.162278,2
1121,358.239072256913,591.755575379126,4.17127564674398,12.888498641326,38.4763411924553,7.9149223187323,5.72287933030728,42.3475578780324,3.4570693730135,-92.4444395739222,-0.737727293168182,-0.672400382080789,0.0603006392367033,0.0157954267408994,0.0721049853087301,0.997271966711038,0.674914028161231,-0.736667222883736,0.0425729646600312,92.5268019723896,3.91537470697291,2.04695923932864,0.814088598402324,750.699535491479,358.555721116332,592.20279788488,4.09192842793817,429.851917930419,0,1295,0.695165780342432,40,0,20,2.698152,2.828427,2
1703,380.497944803288,902.223722842043,9.59659424544921,14.8162628891881,51.8520499040239,8.07549237716646,6.7380120201196,-57.2920456018603,22.2334731074966,-108.480667774312,-0.500181419471356,0.778874758350649,0.378381630658567,-0.460639522496893,0.130680069072889,-0.877914545876157,0.733232417402186,0.613414077399046,-0.293416754326034,168.039692453086,4.07584857085457,2.83755037395476,0.691152597402597,1072.10826951649,380.427044555419,902.296778001167,9.53913094234386,452.701115678215,0,1633,0.643263008029382,41,0,34,2.836292,3.316625,2.236068
1614,388.244733581165,709.509293680297,3.40334572490706,14.5535285668696,63.1877813081941,9.5516712549827,6.83540666052964,34.6955625116872,1.23470438084744,-15.6584467059695,-0.821997228929005,-0.569083684363311,0.0215479888740392,-0.552872685737641,0.788364398605654,-0.269839523377123,-0.13657360286045,0.233720634952554,0.962664176023545,249.54348166576,5.7021514852039,2.92017401342581,0.544167228590695,1152.33060373565,388.081852026472,709.28773804324,3.23554158828473,392.925030978934,0,1224,0.577443346995769,42,0,47,2.462316,3,2
664,383.007530120482,759.975903614458,4.18373493975904,10.8240507294995,18.8347532650274,8.82495750087332,6.20941224648298,43.6198244429338,-10.4696918176206,-59.3336902448459,0.711880566484053,0.678384536713362,0.181715380225618,-0.238706554461047,0.477061586377086,-0.845831793952387,-0.660488637237371,0.558754564322812,0.501545707716401,22.1717456596537,4.86749218076376,2.4098000279233,0.837326607818411,448.319685382702,382.946848362568,759.78462989373,4.08485531582095,458.310240963855,0,1372,0.820997249028129,43,0,7,2.841846,3,2.236068
896,383.909598214286,392.188616071429,4.67745535714286,11.961063493748,20.0865090396478,10.8312516257763,8.12699418975663,-44.8256964038433,6.99429076717087,-27.4634392260731,0.703976578879328,-0.699706321379685,-0.121770440627707,-0.58567736955554,-0.668914400092693,0.457750526093783,0.401744937964202,0.25092745798326,0.88070222870741,25.2167403374908,7.33225073630507,4.12800216002113,0.683969465648855,612.226238940606,384.187168701039,391.854552621206,4.45852745487011,518.159598214286,2,1411,0.734137697696587,44,0,9,2.429021,3.162278,2
1487,383.197713517149,605.131136516476,4.33355749831876,14.1613323536772,43.4962918707107,8.54342310145089,7.41440270772822,10.1352113293887,-0.680794008361227,44.1164582295202,-0.984325732088724,-0.175959300872977,-0.0118818173816112,0.134476829562271,-0.705267795095393,-0.696069909931584,-0.114100111563823,0.686757352809256,-0.717875687639265,118.245462906378,4.56187989315031,3.43583546952298,0.646521739130435,990.225899785556,383.287209221829,605.710569890602,4.33272338443059,359.429051782112,0,1117,0.636244179288367,45,0,36,2.519117,3.605551,2
1615,377.539318885449,654.751083591331,7.46130030959752,14.5565336317015,54.6055418349,8.24247525035916,5.94281376706627,32.0028648573479,7.00176156055052,84.296921424913,-0.841697396270369,-0.526009427136231,0.12189985921032,0.0501980427782952,0.14855311922984,0.987629549612766,0.537611057933996,-0.837404354736049,0.0986321299384271,186.360324942689,4.24614989079893,2.20731471687699,0.697624190064795,1042.19631908229,377.236753739741,654.200553646716,7.61992978139207,412.687306501548,0,1320,0.638728469425383,46,0,34,2.746718,3,2.236068
1404,450.155270655271,459.633903133903,10.1004273504274,13.8927907705144,126.033452138403,9.26065209758291,7.17194592924098,-85.054809664262,1.87785352789504,27.7991648574928,-0.0861564394983814,0.995742572041216,0.0327688595728489,0.882612394382163,0.061028236247204,0.466123283760359,-0.462138971756275,-0.0690817241048513,0.884112711241477,992.776941120195,5.35997982952906,3.21480052574724,0.22068531908205,281.223545733833,442.826118500605,460.600944181769,9.894082210428,491.841168091168,0,2014,2.15614112623947,47,0,52,1.858409,3.316625,1
3563,435.938534942464,464.518102722425,6.18860510805501,18.9498481125636,91.6305416544484,12.909616557144,10.3231873347388,87.7043875799515,-5.67305687625743,-32.3808779996446,0.0398590922424376,0.994303560745472,0.0988518176589776,0.841708450358561,-0.0867240581479855,0.532921966457881,0.538459039631242,0.0619626244377991,-0.84037045153443,524.759760242975,10.4161374782804,6.66051229675697,0.35127674258109,2181.69678691536,433.658248431397,464.560555326355,6.05322890315263,789.820095425203,62,2374,0.517090962428751,48,1,78,2.729337,4.123106,1
438,392.406392694064,468.194063926941,4.94748858447489,9.42233402499634,19.7721978518301,10.29963831876,6.10253894487545,23.8212935992822,32.8845707577294,18.1155273408449,-0.76822612058819,-0.339169191758715,0.542948328119499,0.229426150029233,-0.937648253213283,-0.261111843716141,0.597655644438153,-0.0760263941524157,0.798140161916063,24.4337379932447,6.63015934357931,2.3275613483576,0.460567823343849,432.371848869681,392.864674727836,468.710600158997,4.41597665140828,628.942922374429,7,1797,0.64507387689657,49,4,30,1.696608,3,1
1080,431.151851851852,456.675,14.4046296296296,12.7294130153647,40.3893779774456,8.41413149436947,6.80357689041572,74.5777089903555,-1.47139627231071,27.1880130705604,-0.265843494320922,-0.963674157924194,-0.0256778869134306,-0.860602496571559,0.225238905831787,0.456761182889372,0.434385289140921,-0.143525442513849,0.889218683974399,101.95636583781,4.42485055028374,2.89304115648742,0.576923076923077,776.237698387221,432.315564173934,457.115720803982,14.4523136467381,469.376851851852,0,1581,0.655800732606679,55,0,32,2.578304,3,2
1766,392.512457531144,642.02718006795,5.21177802944507,14.9967571567646,39.3271483044374,14.3221864546509,12.4013122291658,41.4934748210057,-4.98910627180536,-5.64463646776587,0.746193287952182,0.660024570675287,0.086966333256121,0.652915065415507,-0.751066407981392,0.0979855507480203,-0.129990362598831,0.0163345311176036,0.991380698180367,96.664037109951,12.8203140526116,9.61203406282854,0.381178502050507,1271.34560836049,392.163151673236,641.600927288543,5.26201251575169,449.806908267271,0,1484,0.555751909373724,56,7,59,2.372694,3.162278,2
773,394.816300129366,772.561448900388,5.11642949547219,11.3865884451253,19.0958373846388,10.5843130369521,5.82536370131125,50.4755726716433,-5.15480457485359,64.0048942340561,-0.633833237426837,-0.768233653002373,-0.0898469895302315,-0.389474345418673,0.216641249227861,0.89519623736569,-0.668255311534231,0.602398226696943,-0.436521723489984,22.7906878387855,7.00173015401207,2.12092889078467,0.855088495575221,502.126260247135,394.759698130589,772.539084617804,4.96772907023772,460.605433376455,0,1507,0.811192983800548,57,3,11,2.768069,3,2.236068
1795,412.341504178273,528.91922005571,4.76768802228412,15.0784005822079,49.7875487481883,11.0609028356749,9.13703786913954,54.75644196168,5.11421138495591,4.64418892914817,0.574756110934247,0.813455120511318,-0.0891413476320411,0.809860051137999,-0.581053378889422,-0.0806453250470362,0.117397233845165,0.0258406229627322,0.992748785791452,154.925000647077,7.64647322126512,5.21784131388063,0.484480431848853,1194.92702283837,412.687226740839,529.376871344644,4.56984449219385,507.135376044568,0,1388,0.597749255371804,58,0,40,2.535439,3.162278,2
841,421.857312722949,383.168846611177,4.14625445897741,11.7111386987679,33.1524210579684,8.02531102067949,5.76395032815021,-86.8891618851569,11.0038905111556,-109.711926518021,-0.0532699423425207,0.980167740556959,0.19087564961066,-0.346545584417255,0.161121599111391,-0.924091980389772,0.936519338382144,0.115373440059898,-0.331089864183453,68.6926888753016,4.02535106116498,2.07644521158644,0.727508650519031,608.450512427527,421.570089643647,383.169769901759,3.97156374069029,492.370986920333,0,1574,0.708146088264305,59,0,25,2.697182,3,2
1064,418.322368421053,471.843045112782,4.20582706766917,12.666238709897,35.9741044815693,9.44553723290765,7.89410614900153,87.7307298772269,6.00672439206565,-96.9435390051922,-0.0393784849214213,-0.993729702044274,0.104645182403639,-0.116683264869997,0.108583020045028,0.987215651951072,0.992388205605332,-0.0266647151287735,0.12022746085038,80.8835120781791,5.57613585114028,3.89480699323148,0.53873417721519,761.105576335279,417.7207861694,471.722072030821,3.95872322115186,749.183270676692,84,1910,0.662216970182772,60,0,22,2.294681,3.162278,2
2680,435.588805970149,677.616044776119,4.59440298507463,17.233707750781,69.6189649143642,10.0829033250238,7.06345091380188,70.7788213700368,0.899444314062649,-75.9175580113512,-0.32917513615863,-0.944138397938878,0.0156976199583542,0.234766565590994,-0.0657269515752016,0.969827112178887,-0.914619259263414,0.322928248027392,0.243287807360752,302.925017234217,6.35405871636102,3.11827117573051,0.604693140794224,1690.51347336157,433.387276546788,676.862364218532,4.51487839925335,484.55,0,1444,0.551935952018065,61,3,66,2.417021,3.316625,2
1889,422.158284806776,351.962413975648,5.9777660137639,15.3371422353546,50.172835564028,9.62706909759729,6.36088963824797,-38.7779182260379,-7.66460980839127,104.02703479034,0.772614458775094,-0.620707869947536,0.133374053986755,-0.252678494837422,-0.107912415859711,0.961513644598981,0.582426369885811,0.776580099338448,0.240214223086649,157.332089283437,5.79252871311953,2.52880731187313,0.715530303030303,1155.22713069503,422.050787148137,352.096284729573,5.99662980878249,492.594494441503,0,1609,0.639692683187568,62,0,29,2.854579,3.162278,2.44949
2411,432.631688096226,398.351306511821,6.60846121941103,16.6366621033383,55.558570797756,19.9893742804355,7.46052775021157,-77.9657141227582,-10.1568954205731,45.518509504414,0.205229529203527,-0.962695975438513,0.176344263352649,0.65904742171856,0.269141872199199,0.702295627606515,0.723558799455178,0.0279125689179585,-0.689698160231983,192.922174318079,24.9734427577085,3.47871714447981,0.382273664182654,1590.52117794363,432.593451582222,397.873479964797,6.08557577286125,467.043965159685,0,1459,0.546692113141661,63,1,59,2.472199,3.605551,2
1622,435.157829839704,779.316276202219,4.11590628853268,14.5775344306937,55.7692968797922,8.29507930257836,5.48205691552521,-88.0330158662986,-2.50375353710926,-119.219843058163,0.0342908397713949,-0.998456695789914,0.0436848365003302,0.486565682737805,0.0548590885197396,0.871919902736872,-0.872970775392662,-0.00864332338116769,0.487695928085588,194.38840465415,4.30052128975399,1.8783092515661,0.795878312070658,1069.49734494475,433.907193484121,779.352112844922,4.123977148064,308.53205918619,0,1173,0.624220911694201,64,0,43,2.635849,3,2.236068
756,435.376984126984,665.506613756614,3.66534391534392,11.3024967561766,20.7968149412038,8.83837669472164,6.55599388919278,79.287783002028,1.88001458180624,-38.9956112564613,-0.185776077188532,-0.982044285648764,0.0328065567996614,0.767487349983043,-0.124177718817622,0.628922142848586,0.613555553116786,-0.142017305895656,-0.776775815834719,27.0317194811673,4.88230641236241,2.68631599219582,0.826229508196721,497.121387758024,435.034618928931,665.390570787128,3.5168162336337,427.748677248677,0,1182,0.807302331135569,65,0,10,3.255494,4,2.828427
1577,463.126188966392,233.179454660748,4.59797083069119,14.4414574062233,46.0091714474355,9.70389873157508,7.02696436357318,-68.1210258800356,6.96975340449134,125.158180486181,-0.36989353517259,0.921115669482089,0.121345358675508,-0.497390552328471,-0.306645751907869,0.811523888305967,-0.78471740842924,-0.239821404948393,-0.571580512820964,132.30274107997,5.88535316204152,3.08613926043296,0.610058027079304,1044.00427733942,463.693359608397,233.115779200949,4.41294043187884,573.09575142676,0,1679,0.627580790732751,66,1,38,2.587898,3.316625,2
1218,443.519704433498,828.304597701149,2.69047619047619,13.2500104867246,66.7984255735692,5.84175682311304,5.43294332957423,-28.2679700750271,1.23080495553617,37.699589191076,-0.880539038889007,0.473486655437325,0.0214799468155645,0.386291259147242,0.69064695801274,0.611380276500794,-0.274645342394263,-0.546641716767505,0.791045364938455,278.876853694229,2.13288267377419,1.84480457639779,0.723277909738717,1010.9072290383,442.923150796894,829.348532897425,2.5694830404577,401.806239737274,0,1461,0.545595794990855,67,0,56,2.317751,3,2
655,451.006106870229,585.24427480916,3.14198473282443,10.7749242557676,28.6133797353155,6.57543468796006,5.80996595382291,55.3342849548346,3.34451816486389,-77.6624168708432,-0.567818697345693,-0.821083677355898,0.0583397096698036,0.208157843396808,-0.0746581579875091,0.975241750376952,0.796399547449037,-0.565904368445437,-0.21330730554142,51.1703437423354,2.70227133347678,2.10973152403633,0.780691299165673,504.566243581802,450.974409986939,585.310545819032,2.86981441545424,502.641221374046,12,1256,0.722869885272921,68,0,19,2.440689,2.828427,2
989,464.160768452983,377.657229524773,3.11526794742164,12.3613496163989,41.2627934554571,6.51477710942562,6.46783983193322,-78.8905856336202,0.188504057072045,-24.2737141197797,0.192682158962003,-0.981255706454011,-0.00329001051397383,-0.894249060806772,-0.176975626229225,0.411093961238766,0.403970547025334,0.0762683831755617,0.911587039653284,106.413632734232,2.6526450490935,2.61455950572137,0.725073313782991,729.06244404039,464.459175885742,377.564332323832,2.79476932363379,582.934277047523,36,1669,0.658441089837659,69,0,31,2.616146,3,2
1601,474.888194878201,753.121174266084,3.79325421611493,14.5143492778434,60.9974240969328,8.96832245500816,5.74195993818779,-80.1055665326624,6.16123552485862,-26.4351871318269,-0.170840848713402,0.979435745447096,0.107326720584284,0.873909551772542,0.200935822220211,-0.442613703662011,-0.455077465638103,0.018177345493228,-0.890266299698703,232.542859153818,5.02692547856271,2.06063149573458,0.614351496546431,1150.74377743429,474.585010772852,753.317835305031,3.42483067669473,500.946908182386,0,1509,0.575130470609396,70,0,54,2.638189,3.162278,2
2039,442.026974006866,358.996566944581,7.94016674840608,15.7328064967134,55.1526917012205,9.17557862652895,7.52173175442437,-46.5932763784696,-14.2722193439362,-134.295229707893,0.66596344163815,-0.704071073174119,0.246529142944429,0.386097242459318,0.608083397510986,0.693659499348785,0.638295866951041,0.36676764523461,-0.676801212057335,190.113712618117,5.26195269572595,3.53602803659474,0.591185850971296,1238.40715056648,440.875721912733,360.016136903852,8.35267393630197,465.274644433546,0,1617,0.627912059453435,71,1,35,2.694153,3.162278,2
1442,464.80721220527,251.995839112344,6.83009708737864,14.0170152560213,39.6828251131826,12.2964199284205,6.20584759663714,-14.3658426741381,20.5119534647233,82.0626924797229,-0.907312820321771,0.232381865711294,0.350402789041829,-0.370455868148148,-0.0476652079037473,-0.92762625971352,0.198861499125286,0.971455967321232,-0.129334480018337,98.4204130602149,9.45012144100351,2.40703402454294,0.612054329371817,968.659880085267,464.712931712549,252.08973006793,6.47394351090454,387.933425797503,0,1422,0.637220372637574,72,7,38,2.502645,3,2
1303,479.257866462011,599.780506523408,4.3937068303914,13.5513303073097,24.5989865032732,17.0753483360229,6.92215092592437,50.9688671808657,-5.45804118949412,-20.5415167540125,-0.626887399536447,-0.773281958062951,-0.0951167789444111,-0.706395537997615,0.615628341855922,-0.349295131086577,-0.328660207812707,0.151778648162569,0.932172575096721,37.8193835617636,18.2229700497825,2.99476084007973,0.555176821474222,881.677476941954,479.974036302573,599.627721964792,4.12845457619349,606.017651573292,16,1511,0.654340781539466,73,0,29,2.461541,3.605551,2
610,483.862295081967,331.829508196721,3.99344262295082,10.5222933245503,22.3649705723011,7.45316110840038,5.82933225103436,-65.9782360241346,2.91159473291603,-101.880279267721,-0.406558121847622,0.912211793854247,0.0507950461457605,-0.208272298809145,-0.0384033077707567,-0.977316650580055,0.889569077198892,0.40791522293913,-0.205601623986853,31.2619942937433,3.47185065673575,2.12381965580933,0.772151898734177,437.2721330131,483.918639824255,331.767551401141,3.97150956906336,336.552459016393,0,1205,0.795460978604206,74,0,11,2.518861,3,2
1473,480.06517311609,893.349626612356,13.9361846571623,14.1167494966933,50.5594995501126,8.76368921795662,6.18024626757127,38.5735451465477,29.8699942303775,-95.4641222201926,-0.677951207355212,-0.54068901965804,0.498033678044806,0.328224697276371,0.383567947455628,0.863217340988068,0.657761893502082,-0.748686191742511,0.0825728632823858,159.766437172365,4.80014054430805,2.38721524548929,0.647188049209139,962.285392101625,480.722483504831,894.031877569188,13.5577805487917,414.859470468432,0,1767,0.650602002960372,75,0,29,2.728078,3.162278,2.236068
5089,485.491845156219,356.027510316369,10.3886814698369,21.3408285227092,93.4486430789833,14.7363957244247,8.24434754845662,-68.8932032866892,0.33505253703303,100.924456893241,0.360101320049307,-0.932894872574231,-0.0058477366096507,-0.174732549198442,-0.0736021698170317,0.981861118921021,-0.916403609524407,-0.352547695103704,-0.189511337728658,545.79055583145,13.5725849341776,4.24807915623383,0.454862352520558,2844.38719789806,486.966018495317,355.381664778476,10.2127861265753,628.923953625467,0,1989,0.503018212712366,76,3,85,2.612645,3.316625,2
1236,496.343851132686,351.005663430421,2.84304207119741,13.3149625564911,75.2138290283744,8.41413908150158,5.90838654279686,-62.517301491984,1.75564862632182,1.60245951597207,-0.46126411282805,0.886733775789825,0.0306370542068456,0.887198649639979,0.460540198159521,0.0279514213625497,-0.0106758743880614,-0.0400741406983397,0.999139674396598,353.570004819346,4.42485853017825,2.18181447119394,0.372625866747061,1112.34698463003,496.952676369781,350.632012033876,2.85200255513809,588.952265372168,43,1573,0.500713717908264,77,0,57,2.325271,3,1
1298,467.905238828968,353.277349768875,13.0939907550077,13.5339745886422,38.5511354943433,9.6377474843585,7.47587625300116,-69.1015548098459,5.11963049789082,-128.399247170136,-0.355289560922892,0.930487154208252,0.0892355520666925,-0.605221787532414,-0.156234220166559,-0.780575080530385,-0.712373438440323,-0.331337477962237,0.618659486229975,92.8868779939511,5.80538603576616,3.49304535938666,0.602879702740362,862.414407882633,468.21486736307,353.170035765492,13.0188884862426,586.770416024653,0,1579,0.66724385481041,78,0,30,2.601899,3,1
1703,486.465061655901,650.543159130945,4.53728714034058,14.8162628891881,49.9371485202412,8.95725468173292,6.07369030367955,85.3777746819012,-2.73448555328156,89.1081928292711,0.0804938143094971,0.99561273846566,0.0477076604206972,0.0193578064305433,0.0462924788827629,-0.998740347502336,0.996567118255517,-0.0813159357309335,0.0155466204718859,155.857425145789,5.01452571458914,2.30560711906318,0.754875886524823,1077.30714186354,486.299371915927,650.416469626575,4.4772705690021,488.48796241926,0,1628,0.640158747290384,82,0,37,2.616235,3,2
781,501.381562099872,643.371318822023,5.04097311139565,11.4257347382497,28.7103392690474,10.5282474303949,5.62896505227376,87.5536878608845,-18.3312874948453,-78.1195372250431,0.0405172216889395,0.948388777145167,0.31451086170704,-0.192546113786833,0.316280531093089,-0.928920136350301,0.980451094554031,0.0229205810696135,-0.195423381792543,51.5177238089877,6.92774962222603,1.98032797248246,0.582401193139448,608.971372205144,501.296070909134,643.35441072205,4.89053895139991,597.760563380282,0,1551,0.673474676244143,83,0,27,2.144507,2.828427,2
