Volume,Centroid_1,Centroid_2,Centroid_3,EquivDiameter,PrincipalAxisLength_1,PrincipalAxisLength_2,PrincipalAxisLength_3,Orientation_1,Orientation_2,Orientation_3,EigenVectors_1,EigenVectors_2,EigenVectors_3,EigenVectors_4,EigenVectors_5,EigenVectors_6,EigenVectors_7,EigenVectors_8,EigenVectors_9,EigenValues_1,EigenValues_2,EigenValues_3,Solidity,SurfaceArea,WeightedCentroid_1,WeightedCentroid_2,WeightedCentroid_3,MeanIntensity,MinIntensity,MaxIntensity,sphericity,id,nb_branch_pt,SkeletonSize,MeanWidth,MaxWidth,MinWidth,channel_2_MaxIntensity,channel_2_MeanIntensity,channel_2_MinIntensity,channel_2_WeightedCentroid_1,channel_2_WeightedCentroid_2,channel_2_WeightedCentroid_3,channel_2_Ratio_MaxIntensity,channel_2_Ratio_MeanIntensity,channel_2_Ratio_MinIntensity,channel_2_Ratio_WeightedCentroid_1,channel_2_Ratio_WeightedCentroid_2,channel_2_Ratio_WeightedCentroid_3
693,204.376623376623,846.562770562771,5.88311688311688,10.9793898009834,13.3551111879028,11.0619875346126,7.26935330506956,-45.2158807905215,-51.2970588901495,-156.207129747971,-0.440472599744285,0.443804421518662,-0.780398311322492,0.427659771158442,0.868028032765453,0.252258705431639,0.78936113978788,-0.22263191544301,-0.572139861588892,11.147437177578,7.64797301349533,3.30271859212037,0.84,429.515590586014,204.412490362375,846.671164225135,6.03970701619121,3.74314574314574,0,172,0.881713211756347,1,0,4,3.081139,3.162278,3,256,1.96681096681097,0,204.839325018342,846.520176082172,4.5487894350697,257,2.80297738141683,0.00578034682080925,204.729727533969,846.524050198776,4.96949463805508
2137,233.789892372485,188.803462798315,7.70753392606458,15.980926961078,49.0699591009315,11.1161901253448,6.62287374932708,87.5687738284632,-8.27152214924572,-85.9293984276487,0.041978889583933,0.98870663982207,0.143864356951441,-0.0648343965197094,0.146383487407572,-0.987100995664741,0.997012674872905,-0.0321100449415577,-0.0702472145826871,150.491305385443,7.72310518142578,2.74140354372036,0.686917389906782,1243.67899445443,237.148223851142,188.99698689033,8.18409923879335,26.556855404773,0,468,0.645127428171604,2,0,33,2.731447,3,2,591,116.199812821713,0,233.810989090646,188.891949468224,7.45973928696556,499,64.031365007685,0.00518134715025907,231.830671251241,188.826313507206,7.12567213922062
4930,226.859432048682,221.958823529412,8.32778904665314,21.1162161552605,135.333306355653,11.9495984707055,7.31235213075025,-60.9681375350991,-6.45807355073448,-6.15830108132294,0.482216444676764,-0.868801715031372,0.112476132765344,0.875159920977204,0.4719455507689,-0.106595074110451,0.0395273727747601,0.149836501120338,0.987920345844512,1144.69398807206,8.9245564756931,3.34190585525556,0.462216388524283,2828.99666458216,233.418859158662,218.607841663205,7.52741030031142,107.927180527383,0,1019,0.49516465295132,3,0,99,3.09623,4.24264,2,566,53.6991886409736,0,235.824992350899,217.156532709821,7.15740527391336,254,7.22555471120961,0.00141643059490085,228.392618247452,221.285867727534,8.43355956622619
3831,261.279300443748,453.478987209606,10.4808144087706,19.4135299423338,98.3859938218128,14.1893822024153,8.1004593011593,8.67781782291781,-11.1403119252269,-13.8492568320138,0.969925048979466,0.148035110325056,0.193212332611636,0.100772454735601,-0.966791970876373,0.234857823832931,0.221563335705036,-0.208324005241901,-0.952633611159731,604.987736269112,12.5836604553888,4.10109005560876,0.429676985195155,2245.94385934536,259.921218987513,448.960423566536,9.56889906758368,75.1101540067867,0,715,0.527181299431363,4,0,86,3.008148,3.741657,2,417,57.6609240407204,0,260.093010833005,445.804919895518,8.82533646598672,318,12.4363893298006,0.00265957446808511,261.356998808027,450.455137548171,9.8942815408966
410,293.256097560976,419.770731707317,5.57560975609756,9.21711652832563,11.6386970749948,8.18615554297909,6.37329511466518,-19.7932895268551,63.8619629143978,63.3363086322812,-0.414508617910381,0.149177447731529,0.897735314425323,-0.906829074763115,-0.150570978262142,-0.393686943737604,-0.0764436710414899,0.977279115500525,-0.19769141499876,8.46620435021825,4.18832141086545,2.53868066366344,0.879828326180258,287.521796961309,293.420027434842,419.272427983539,6.24096936442615,26.6707317073171,0,351,0.928259184408868,5,0,3,3,3,3,87,2.98536585365854,0,293.68954248366,419.177287581699,5.80964052287582,88,2.57857347687853,0.00284090909090909,293.612863678555,419.379246476788,5.7627228657951
999,298.385385385385,389.958958958959,4.47347347347347,12.4028727687256,13.60222158523,11.5122202798058,9.29430706524357,-37.0989202454783,-3.90573544578714,4.8038187081326,0.795742853583392,-0.601792020404642,0.0681151609280869,-0.596524423110253,-0.798234332964166,-0.0835497594863825,-0.10465143861381,-0.025851766952211,0.994172903745374,11.563777003356,8.28320098567326,5.39900898893979,0.925857275254866,509.589826933209,298.314284503427,390.082719831448,4.16585740924612,165.337337337337,0,836,0.948361031784331,6,0,2,5.192582,5.385165,5,4095,2496.99399399399,747,298.284078914507,389.928310998169,3.94552929909316,3666,161.590056245487,2.15690376569038,298.309312188485,389.802143080509,4.82755367808976
1141,315.806310254163,505.819456617003,7.59947414548642,12.9646960878373,17.035518490603,12.3472375148766,8.51027766201236,22.6753978459563,10.6383459992722,-109.752873106502,-0.906844292424547,-0.37888374218304,0.184609152553165,0.0300281845928256,0.378821578127311,0.924982443117269,-0.420394740008817,0.844358526844201,-0.332154995022519,18.1380556402298,9.52839214054853,4.52655161778416,0.817921146953405,616.037595143474,315.627709313616,505.949809545149,7.66575547090896,58.6722173531989,0,504,0.857170739101084,9,0,10,3.41146,4.472136,3,1342,577.510955302366,11,315.583311075363,505.673373903542,7.23855889762346,1178,175.629549953362,0.144578313253012,315.691151393814,505.578321572566,7.12058496840998
399,316.81954887218,577.774436090226,3.16791979949875,9.13393866837998,10.5244927478753,8.92566211366036,6.38701179153483,-47.7282037903829,-14.8926429338294,-2.97828343633187,0.650053478142479,-0.71510628712549,0.257008703487765,-0.747945048241818,-0.661858704681287,0.050212148412053,-0.134196424562691,0.224868968848985,0.965103759439048,6.92280922500497,4.979215260452,2.54961997657531,0.921478060046189,279.423533373183,317.202581624905,577.503134830242,2.78767762230177,115.526315789474,0,559,0.938000510720492,10,0,2,3.605551,3.605551,3.605551,2589,1270.46616541353,288,317.023558143756,577.519425309124,2.84622501558444,2032,171.344448269854,2.31174089068826,316.009474082243,578.28276886646,3.63052592793842
737,326.477611940299,602.352781546811,5.92944369063772,11.2070064491011,11.5155707073001,10.2809649758685,9.10394104275693,41.0371770092199,41.8211628450815,-73.3138057563202,-0.562114681297294,-0.489279548482265,0.666807774779983,0.670297986833774,0.202779770082224,0.713849405471483,0.484487042052345,-0.848225140090997,-0.213977610513292,8.28802304467671,6.60614005218968,5.18010890687464,0.884753901560624,414.030168677504,326.446357833119,602.504705674564,5.94688769459794,107.55223880597,0,530,0.953009278310812,11,0,4,4.092329,4.123106,4,2872,1445.10583446404,439,326.412090403862,602.387690450057,5.62471186609367,2253,201.582970528371,1.74358974358974,326.37151042083,602.09942603493,5.22081114073765
990,341.671717171717,502.954545454545,3.82727272727273,12.3655144919218,16.9421548654392,10.5814337086061,8.19153929713921,47.1817359605042,-0.239108064899303,-4.59713862247975,-0.679669240531692,-0.73350685599111,-0.0041732108872463,-0.730926107701873,0.677733909119628,-0.0801484467049551,-0.0616177616833167,0.0514241251113177,0.996774202516133,17.9397882177828,6.9979212081016,4.193832253536,0.919220055710306,535.357948782245,341.872063995245,503.178022685621,3.36841844568825,203.929292929293,0,742,0.897284155510273,12,0,3,5.160099,5.385165,4.89898,1898,748.247474747475,114,341.707773720411,502.93844336598,3.30833665197465,1048,23.4631633523917,0.523474178403756,341.265785356672,502.4831168438,4.5074072043544
487,341.905544147844,713.917864476386,3.39835728952772,9.76135512427311,13.7765213780107,9.40676675333312,5.89210817028621,51.7076229747342,-6.44972740500028,30.0429508560272,-0.615752570515329,-0.779891294431463,-0.112331388194846,-0.714262944848414,0.492282178745465,0.497480353487541,0.332681856313559,-0.386558954571789,0.860171469603666,11.862033829924,5.53045379697583,2.16980866814709,0.836769759450172,351.507510455101,341.72730964467,714.109035532995,3.20243654822335,10.1129363449692,0,316,0.851599680559009,13,3,8,2.485638,3,2.236068,311,52.7946611909651,0,341.867916455992,713.585469254405,3.59001983586792,312,41.6343457282787,0.0196078431372549,342.063925636283,713.703007432363,3.65002346546062
423,345.787234042553,344.491725768321,3.60756501182033,9.31352136194052,10.0074100082942,8.5500531417417,7.22704935850377,25.5526119059165,-2.48706510695466,-18.4008987883027,-0.901339763282475,-0.43093341176109,-0.0433938446538025,-0.396927695867493,0.861970025252119,-0.315366580062291,-0.173306189673695,0.267028219847283,0.947977264719981,6.25926594213166,4.56896304541294,3.26439015189061,0.933774834437086,281.735732792895,345.681228815161,344.271266743111,3.38423154950164,187.614657210402,0,652,0.967243389566363,14,0,2,4.061553,4.123106,4,2957,1507.54846335697,404,345.885576601907,344.341995286133,3.19272596688375,1893,69.7532358851403,1.10655737704918,346.22545177129,345.120061450189,4.01981554186361
436,346.538990825688,428.048165137615,3.63073394495413,9.40797068866549,12.2190278233693,8.02125003349668,7.06209696136422,48.5814345310847,-14.3632048657257,-51.1034210823695,0.640876447968103,0.726456975582712,0.248067815459819,0.343148599953632,-0.560181137493849,0.753953666710335,-0.686677811487781,0.398067024285254,0.608289591713547,9.33154005926715,4.02127825624191,3.11707584323186,0.866799204771372,309.933052163144,346.881519196367,428.13471859089,3.40112838860603,16.6674311926606,0,226,0.897168239632835,15,1,7,3.176972,3.605551,3,354,33.7752293577982,0,346.923536601929,426.793562406628,2.82194757571642,223,20.6041494901104,0.00540540540540541,346.819700887796,426.963274872774,3.07179510261297
1140,349.381578947368,631.443859649123,6.37543859649123,12.960907456386,18.9778257703153,11.9891484731341,8.8955197637086,22.0459218838474,-1.25114271474326,75.6538272415062,-0.92666233749845,-0.375260113394045,-0.0218348244187382,-0.112611289654838,0.221722868756084,0.968585394744752,-0.358630185154823,0.900010453698212,-0.247720757163699,22.5098669355277,8.9837300694284,4.94564199165815,0.731237973059654,691.657619184455,349.321080683698,631.40268333027,6.22477485756295,4.77280701754386,0,171,0.763008764512754,16,3,20,2.765944,3.605551,2,279,12.7710526315789,0,349.467614533965,631.29081667697,6.13194587540353,280,12.0953635606003,0.00581395348837209,349.491958962982,631.359947904268,6.20426641356472
715,356.569230769231,531.523076923077,3.24335664335664,11.0943655946435,20.2290527553291,8.53351033740203,6.56354411102513,25.5640148582283,1.22822967270193,-2.52548554636615,-0.901896460009394,-0.431420115164841,0.0214350099994948,-0.43195217714026,0.900819956068205,-0.0440536424494785,0.000303457267081734,0.0489907234120093,0.998799187491287,25.575910961118,4.55129991740921,2.69250695608579,0.822784810126582,465.773255633101,356.365921827139,531.187739085019,2.84032296768912,99.0811188811189,0,695,0.830195301175243,17,0,10,3.124673,3.605551,3,2457,994.251748251748,33,356.446180140387,531.262774831549,2.82641055578219,1651,147.448854020083,0.641509433962264,356.758379110411,531.688610199963,3.3855723072274
635,361.555905511811,175.648818897638,4.9259842519685,10.664120267998,10.2715537048938,9.66490266927292,9.24389099082863,-19.3277025104696,-69.8939326897444,-70.7387862418853,0.324385229286962,-0.113774196164774,0.939057855143923,-0.945710830802724,-0.0178805859984118,0.324517039840399,0.0201307606132279,0.993345718736137,0.11339768756778,6.59405096953235,5.83814647540743,5.34059504064517,0.917630057803468,367.515650236033,361.584010755767,175.658927659998,4.73088174880803,126.502362204724,0,557,0.972129458086264,18,0,3,4.202796,4.24264,4.123106,2318,1063.99842519685,175,361.554435134739,175.574602709435,4.5719652062714,1956,116.26039186328,1.42984409799555,361.638676212865,175.358358469422,4.65350598553787
1379,373.007976794779,408.02102973169,9.30529369108049,13.8098368538051,19.7836926746081,14.3169896771206,7.84536922939756,85.5952925455306,-20.0559710829611,-68.9551817651416,0.0721435879178617,0.93658361479007,0.342937946615862,0.33345628255345,-0.346697671054692,0.876702704747103,-0.940001175716271,-0.0511063341672892,0.337321704401021,24.4621559902089,12.8110120884236,3.84686364659863,0.815493790656416,715.839386554114,373.982271762208,407.986279193206,9.71283174097664,54.64829586657,0,409,0.836972865274936,19,0,13,3.298682,4,3,1277,430.225525743292,0,373.945883990891,408.072422679978,9.73468390189472,1120,133.565167652265,0.226027397260274,372.98081268708,408.15582668038,9.53893780897685
970,361.485567010309,719.889690721649,5.37938144329897,12.2816779175936,23.0939301937141,10.8856599341885,9.45296177404647,84.2178744334237,0.422535938384148,-63.2420048200816,-0.100743182069376,-0.99488513250936,0.00737457648754493,0.448595793756148,-0.038806759945074,0.892891846309987,-0.888038639413189,0.0932609698341144,0.450210802196896,33.3331007370088,7.40609951267484,5.58490539384898,0.60136391816491,707.730826305077,363.161128284389,719.684054611025,4.88755795981453,8.00412371134021,0,260,0.669571821372865,20,1,27,2.345852,3.316625,1,238,23.5371134020619,0,360.044938898866,719.527396960273,5.59901011782226,239,20.7846755794238,0.00531914893617021,359.783841524522,719.604934320345,5.63127353073664
647,378.472952086553,490.355486862442,3.88562596599691,10.7308770629507,15.0442093490255,10.298811542157,7.30459586858123,-57.1657189317194,5.27495116070013,4.44708903628047,-0.539914767689072,0.836683901510319,0.0919352630100509,0.841577835600766,0.534588956967598,0.0772100622576233,-0.0154528397644779,-0.119057532486469,0.992767099425362,14.1455146835816,6.62909494880417,3.33482005020587,0.782345828295042,459.406220876323,378.543419874664,490.199418084154,3.81333930170098,6.90571870170015,0,278,0.787450820518535,21,1,16,2.552565,3.162278,2,180,16.2859350850077,0,378.897124418715,490.290500142355,3.60690898737781,181,14.6456519302051,0.003584229390681,378.705940664551,490.257580813,3.61338219452534
4647,382.627501613945,266.879707338068,11.4596513879923,20.7041791421913,93.2524131216258,25.1087432535694,12.5375232909571,-20.9485369572614,-17.8312149749987,-15.3620665017014,0.889039815239625,-0.340354525741188,0.306213983557552,0.420514652183599,0.871531242275179,-0.252191833803535,-0.181040421501942,0.352976048119096,0.917950039619056,543.500784562898,39.403061735854,9.82434314195579,0.257594235033259,2693.17775691694,383.187165601626,267.511775028147,11.2426382179948,225.152141166344,0,1289,0.500035556461228,22,0,97,2.858666,3.605551,2,669,83.4004734237142,0,384.23791548191,262.834122024347,9.87257006620876,351,4.87620235243158,0.00100603621730382,383.707956709219,262.552399635772,10.9930952257282
539,386.749536178108,421.684601113173,5.68645640074211,10.0971013212818,14.0245867725396,11.2428657149845,6.00852949481061,-80.7003262325308,5.21872506513769,86.2608385385914,-0.160928333193003,0.98276584481903,0.090958044354861,-0.0790245958748193,0.0790329460458424,-0.993734827147633,0.983797329139769,0.167108012065412,-0.0649440334519092,12.2930646337807,7.90012684282336,2.25640166812557,0.767806267806268,395.85419031157,387.402039451688,421.550819124039,5.86492811768639,11.0983302411874,0,139,0.809110905428209,23,0,12,2.441714,3,2,175,18.012987012987,0,386.669893912864,421.457101658255,5.66124214646205,176,14.8327998581395,0.00714285714285714,386.661202082921,421.436891509056,5.59659467272519
857,397.224037339557,489.401400233372,4.62193698949825,11.7849406540798,12.5736548247566,10.7063246198518,9.20146995918776,58.9841723439998,-4.08003616254799,-28.7789123408753,-0.513968948439769,-0.854852976945795,-0.0711498970247308,-0.733518524094481,0.480986460174332,-0.480210995229409,-0.444731935945657,0.19462377279222,0.874262599116621,9.88104972825788,7.16408667910275,5.29169058811467,0.933551198257081,453.110896473462,397.18354635297,489.298145264489,4.58724040640755,75.683780630105,0,445,0.962942081385098,24,0,2,5.192582,5.385165,5,2154,913.360560093349,136,397.159703609071,489.370084956883,4.18796422868093,1636,221.115619049727,0.670403587443946,397.022339686894,489.425994506513,4.28275150524689
434,402.730414746544,357.232718894009,3.3294930875576,9.39356336032121,10.0130007769376,9.61336744103519,6.9254683626798,35.9730007314684,-13.7694876427748,-5.56868785381545,-0.786035725813739,-0.570522655259607,-0.238016254865073,-0.565939605610536,0.819041672567428,-0.0942502063623182,-0.24871710947552,-0.0606187960411366,0.966677382077736,6.26626153493454,5.77605209727221,2.99763200265493,0.911764705882353,297.411913708793,402.591579413066,357.128275082338,3.02937128250504,93.7465437788018,0,599,0.932077982797904,25,0,1,3.741657,3.741657,3.741657,2185,932.188940092166,274,402.757312702375,357.015347158712,2.9996391230195,2005,177.137553561373,1.57994579945799,403.364445462225,357.214981515015,3.13199933955096
563,408.614564831261,529.484902309059,4.93250444049734,10.2447946459704,14.3642396503259,9.13505979662152,8.02395895099686,-16.4305090251828,-15.9184816487162,-16.6810305098522,-0.922382348131007,0.272005669256834,-0.274269429117558,0.346461410600344,0.89653140514719,-0.276036103706787,-0.170807771547869,0.349634602802621,0.92118421051487,12.8957112957497,5.21558234299067,4.02399482795517,0.702871410736579,411.894222745039,409.023363619507,529.186352679399,4.71407379936955,9.57904085257549,0,181,0.800517235962784,26,0,7,2.644855,3,2,248,26.5683836589698,0,409.349578820698,528.888153496457,4.46831127156037,249,21.1609318652834,0.00840336134453781,409.292946241947,529.10031749979,4.52189628677294
715,406.402797202797,653.861538461538,7.94405594405594,11.0943655946435,14.6629306421451,11.7624330494818,8.83373867274766,-24.5654232492805,28.892679069434,81.9021696726413,-0.796279901512708,0.363984298503109,0.483170517405721,-0.493617315025799,0.0707528163902314,-0.866796392055003,0.349685951610346,0.928713879198567,-0.123329906471693,13.4375959385224,8.64717695272139,4.87718368364985,0.634427684117125,509.534735194333,406.58858434586,652.866063859847,8.39474427804465,4.94965034965035,0,227,0.758893833002802,27,1,13,2.453245,2.828427,2,505,79.0517482517483,0,406.873624429426,652.126375570574,8.58428576483493,506,66.4138822613252,0.0163934426229508,406.885634625937,652.24062726823,8.52815051430402
695,417.271942446043,447.952517985612,5.66330935251799,10.9899418399634,14.4663314389883,11.2414269648792,8.63180750233598,-64.7763922937256,-26.7880000772595,88.3256340016173,0.380417530736164,-0.80756454544077,0.450690589269003,-0.165547674676929,0.4199956084265,0.892299084562747,0.909877172874263,0.414056993479758,-0.0260832596283916,13.0796715814163,7.89810501291951,4.65675629733648,0.676728334956183,499.26786450385,416.980513216284,447.761721010998,5.36716187536176,7.45755395683453,0,168,0.759988546766725,28,1,15,2.406164,3,2,260,26.3107913669065,0,417.813354478836,447.973039483758,4.98796893798534,193,21.8140929852947,0.00641025641025641,417.766710373674,448.097429245927,4.94346446901549
466,417.075107296137,379.6330472103,4.20171673819743,9.61898169183121,12.1104055603064,8.86618699692894,7.44683565849474,72.2193885279032,-26.6816479565444,-2.62018859160164,0.272855518823921,0.850834524133125,0.449032825515561,0.94496869256076,-0.32460081644293,0.0408470322617428,-0.180510487028697,-0.413176623864109,0.892581112036839,9.16637017719381,4.91307949153199,3.4659600827893,0.779264214046823,341.181873531415,416.73653744957,379.693387125066,4.0901596211191,12.2339055793991,0,867,0.85196571715214,29,0,7,2.62358,3,2.236068,266,17.5858369098712,0,417.496278218426,379.734228187919,3.83746186699207,267,13.8779174105544,0.00337837837837838,417.431924965621,379.756057339543,4.03224789198929
468,417.292735042735,391.583333333333,6.47649572649573,9.6327231129306,12.4380830741791,9.27005262669848,6.14267127496711,-75.3420831787591,-76.3380707139255,109.983850429476,0.0597679144252051,-0.228505386967329,0.971706274823916,-0.561715076488255,0.796997479820692,0.221971146785479,0.825169054952411,0.559088816992772,0.0807200437473043,9.66911941001134,5.37086723135996,2.35827564951913,0.866666666666667,322.553756374239,417.125934671389,391.56906729634,6.84671389216844,10.8589743589744,0,202,0.903745031297824,30,0,7,2.759101,3,2,187,12.4358974358974,0,417.412714776632,391.49089347079,6.33213058419244,188,9.7814037478799,0.00492610837438424,417.416317303773,391.547579200034,6.28912874550052
838,427.816229116945,599.087112171838,5.52147971360382,11.6971968538032,11.4681833934684,11.0797208413615,9.41949186823638,-16.4065509656884,-23.1489560755399,51.5971875657959,-0.882046014813362,0.259709848607559,-0.393122909899824,-0.120076772783022,0.68290897090769,0.720567072583681,0.455605527172225,0.682778245106008,-0.571172015788659,8.21995189663909,7.67251337015628,5.54542669098571,0.940516273849607,438.290461024828,427.779250267913,599.296104915806,5.51695014164907,112.466587112172,0,575,0.980734496462503,31,0,2,4.89898,4.89898,4.89898,2098,989.502386634845,192,427.689032721782,599.101696448276,5.21069026523059,1711,134.686279693051,1.49305555555556,427.569472094789,598.649218015709,5.0820211763668
711,424.835443037975,679.445850914205,7.08860759493671,11.0736381001355,17.6626522879832,10.157018887338,7.51115219652093,11.2066914388594,-71.4666615983661,13.1536025209617,0.311795660712007,0.0617750457191517,0.948138866246691,0.400896609967435,-0.913263360663505,-0.0723321656403256,0.861432164524741,0.402658512633221,-0.309516959351537,19.4980803653873,6.44781454235879,3.52608795745633,0.673933649289099,503.885962236787,424.73668261563,679.537799043062,7.71977671451356,8.81856540084388,0,223,0.764536572911659,32,1,17,2.616321,3,2,202,16.6835443037975,0,424.085820266397,679.567610858203,5.79371100994773,169,13.736924843206,0.00671140939597315,424.231247338701,679.563782435252,5.6777549613832
726,430.479338842975,568.921487603306,4.03030303030303,11.1509704805684,11.696297380921,11.2156268082347,8.59157254752985,35.6294553268788,7.325657704218,-18.9233890184611,-0.80616685024547,-0.577785878353947,0.127508777502008,-0.584666945841622,0.744782981829913,-0.321656450917391,-0.0908821875040852,0.333858935407307,0.938231655425872,8.55021077643368,7.86189279384949,4.61344492746678,0.906367041198502,422.511787527571,430.287526696631,568.697618819929,3.71307895827356,86.4214876033058,0,870,0.924562714282607,33,0,2,4.94949,5,4.89898,2347,897.280991735537,219,430.378007632486,568.684142174245,3.57669175009901,1852,164.405752825169,1.25028702640643,430.530429429547,568.809632626565,3.92625951076901
2192,446.46897810219,819.932937956204,7.71806569343066,16.1168677596164,47.2362656000407,10.6844118648795,6.84449752903555,-75.9442463064171,13.2954784454598,-98.3626611864083,-0.236356431182959,0.944059365533701,0.229972937074257,-0.196342595576667,0.18539348338545,-0.962849334776956,0.951622415982659,0.272729115912317,-0.141540124109786,139.454049239849,7.13479105614866,2.92794665156086,0.753782668500688,1220.41908777389,443.781556371218,820.737866776709,7.04894555089807,105.025091240876,0,798,0.66865510728098,34,0,33,2.904039,3.162278,2,709,80.7819343065693,0,442.846617798209,820.682787986943,6.60792098218824,300,13.6346051487505,0.0025,446.433697066382,819.568538017937,7.58635148942581
1083,431.478301015697,619.650969529086,5.11080332409972,12.741188612288,14.689492659027,11.431002196,9.89211841272957,-55.6771119274751,-1.23525413079731,34.0986895593841,-0.563724971853017,0.825681189555159,-0.0215575815919336,0.677068812895412,0.476895206605808,0.560489772003737,-0.473066569008752,-0.301366114769364,0.827880719762881,13.4863246612255,8.16673820030986,6.11587541821646,0.8664,568.746411424951,431.694787286948,619.319318233193,4.91633889416339,40.8476454293629,0,424,0.896708100044746,35,0,1,3,3,3,1379,592.706371191136,76,431.437430382567,619.399137873286,4.81871659336876,1378,242.048083928665,1.2843137254902,431.186096341511,619.642893509525,5.02274522446458
795,433.80251572327,635.328301886792,6.53836477987421,11.4936023825847,13.6143043708298,10.5527672965466,9.00465392022383,-88.077014299904,4.44306755506549,94.5662136755763,-0.0334552885159547,0.996433329991711,0.0774684616598503,0.0769750020936241,0.0798505288788604,-0.993830338684855,0.996471571457511,0.027285745718154,0.0793718801440626,11.5843302188498,6.96005610094147,5.06773701393765,0.828988529718457,475.495257246989,433.915548838088,635.303986397128,6.61590780275836,6.65786163522013,0,229,0.87280257881617,36,0,1,3.605551,3.605551,3.605551,179,26.159748427673,0,434.261720440448,634.879309515796,6.39039284512189,180,22.7215315652912,0.00961538461538462,434.254075629622,634.84306240071,6.32558777507221
744,441.032258064516,274.510752688172,4.67069892473118,11.2423759555247,11.7765452223032,10.4319595577122,8.80385537946035,-73.4298642903969,-16.623494363934,-133.764280303136,0.273269453886333,-0.91841237531769,0.286081307386525,0.604046414936953,0.395288599631591,0.692007840709273,0.748633244101864,0.0162982166083765,-0.6627840024932,8.66793858580946,6.80161126335898,4.84424184640331,0.908424908424908,415.500059420284,441.100043861398,274.429905498624,4.580086925316,168.541666666667,0,567,0.955641477969389,37,0,4,4.519199,4.89898,4.123106,2218,1128.89650537634,277,440.901726278993,274.405377313225,4.34442593692813,1694,72.2065752305977,1.30676328502415,441.07003777461,274.703396717418,4.51317409991266
374,442.57486631016,297.534759358289,3.74331550802139,8.93904231874461,10.3006731632517,8.25685081249137,6.75159857508672,-70.4273563193903,-27.2905292829235,-145.529055552829,0.297713711351665,-0.837342136240051,0.458502664060053,0.689841326459213,0.520692041500717,0.502989803303019,0.65991324458766,-0.166547124846884,-0.732650370110481,6.63149172600833,4.26097408373371,2.84900520744457,0.91219512195122,268.264260491121,443.071392659628,297.370286576169,3.60080442433384,10.6363636363636,0,310,0.935769835565826,38,0,3,3.307392,3.605551,3,95,5.18449197860963,0,441.790613718412,297.893759669933,3.97679216090768,96,4.66138443059695,0.00321543408360129,441.747440322345,297.715463219335,3.89467408095702
528,442.464015151515,534.698863636364,7.23863636363636,10.0279409225411,14.2191339376418,8.68620059408899,6.55154469694426,8.92389438334796,-69.9291842779081,-62.1554296781849,0.339027190834776,0.0532351043029264,0.939269177363197,0.748011684083342,0.590252828843593,-0.30344706048492,0.570560324899553,-0.805461123650293,-0.160291278423139,12.6364856210373,4.715630047547,2.68267111975365,0.835443037974684,362.181704011218,442.460625674218,534.626393383675,6.88745055735347,5.26704545454545,0,181,0.872261890719757,39,0,7,2.863433,3.316625,2.44949,200,17.2613636363636,0,442.445029624753,534.550032916392,6.74698266403336,142,15.7467630082782,0.00549450549450549,442.530850518359,534.602496154021,6.87266064812367
731,447.387140902873,446.311901504788,6.79343365253078,11.1765110427197,19.7983935351311,10.0684612036392,7.19772321835935,50.0335415751806,-31.1814833203312,110.106394855038,0.54954137336589,0.655697070870956,0.517750548247301,0.048834925770664,0.593444536981393,-0.803392016111633,0.834038026101991,-0.466781461476555,-0.294101408085214,24.498524160745,6.33586943807428,3.23795122050683,0.635099913119027,530.500088104724,446.719840995506,445.464742481853,5.5755271344625,7.91518467852257,0,228,0.739736273945885,40,3,19,2.398867,3,2,227,27.5704514363885,0,446.586136747048,445.489133670735,5.82142502728987,228,22.0493865113451,0.00574712643678161,446.721720513949,445.577995083313,6.11769093217121
895,455.31061452514,745.461452513966,9.57765363128492,11.9566120368822,19.87208181135,11.3952096498126,7.79966444645282,17.1005877709361,-54.161131942895,148.495087864596,0.559622447786973,0.172168629044451,0.810666811400264,-0.15419697522066,-0.939471021989837,0.305969756142939,0.814276371243643,-0.296229914111193,-0.49920119112434,24.6812272198117,8.11567518519887,3.80217284232875,0.630281690140845,609.68719984938,455.066944092636,745.163560702008,9.65695675773476,6.17541899441341,0,252,0.736646399950356,41,0,18,2.54905,3.162278,2,246,21.3664804469274,0,454.667311614286,744.615384615385,8.30617580923495,247,19.0760107587272,0.00418410041841004,454.679709749799,744.748730496255,8.31459887067112
975,461.449230769231,590.933333333333,4.72820512820513,12.3027443017902,14.3529144893949,10.2459156661425,9.68846676533063,66.4779127094897,3.75303742647253,87.4859072760925,-0.398246668667233,-0.914939942946471,0.0654560287258461,-0.0141216773500457,0.077465956146976,0.99689498136316,0.917169651222865,-0.39608575642068,0.0437710456396144,12.8753846462427,6.56117423985648,5.86664926643226,0.939306358381503,500.095433508189,461.596085316567,591.100777972858,4.28816249490595,334.729230769231,0,1036,0.950825847884884,42,0,3,4.684904,5,4.472136,1705,687.967179487179,58,461.197118824989,590.815295303294,4.12682626481883,950,6.7719604712614,0.271889400921659,460.578068667033,589.811505690244,4.57344191095369
377,460.814323607427,356.962864721485,4.3368700265252,8.96287987778561,9.79734788654354,9.22558358337808,6.34229699119802,26.7152440997452,-66.8815622160861,119.104577422586,-0.350720223062457,-0.176510827787655,-0.919695195599464,0.499122213229148,0.795731839841477,-0.343056635737796,0.792383960839856,-0.579357201332835,-0.190978773342819,5.99925160062245,5.31946202836844,2.51404569528497,0.910628019323672,268.953769767237,460.929137229715,357.133590237636,4.30593020766431,12.3899204244032,0,163,0.938355467231906,43,0,3,3.310036,3.605551,3.162278,253,22.4694960212202,0,460.807224648802,357.175776177547,4.49226773698501,254,16.9056142692308,0.00625,460.806133299255,357.260567712776,4.46283263048948
589,469.439728353141,658.723259762309,4.05942275042445,10.4001329426223,11.435087672409,11.0625500836398,7.27142434324332,63.1464273221418,-23.5461731916796,-0.11949361501689,-0.41410168662928,-0.817880890723305,-0.399487974437828,-0.891785562981151,0.452454256541794,-0.00191190889010343,-0.182313748217674,-0.355465883492165,0.916736441341762,8.17257687972998,7.64875089706492,3.30460074871947,0.842632331902718,387.046145185602,469.491639273975,658.294983564385,4.16421323424325,11.8794567062818,0,211,0.877940144468856,44,0,4,3.593727,4,3.316625,207,13.3735144312394,0,469.30481147645,658.525199949219,4.18306461850958,155,11.085893900105,0.00694444444444444,469.342019032668,658.775457284116,4.12683758340871
1969,476.751142712037,709.078720162519,9.91924834941595,15.5506673484893,29.6283642192361,13.5219561139565,8.6964192007622,52.7315899067142,-44.4227817747708,-58.0051738377304,0.432480238140658,0.568361258809196,0.699947371666346,0.0621848066133645,-0.793255333095463,0.605705395668608,-0.899496466610213,0.218429521815237,0.378410690329051,54.864997894232,11.4277060717354,4.7267316822116,0.693065821893699,993.61149810823,476.106811022999,708.584959716353,8.91902643894666,96.2574911122397,0,716,0.764594776499031,45,0,14,3.528748,4.123106,2.828427,1912,713.263077704418,50,475.4355856353,708.125418056629,8.17962496840321,1654,120.145888863676,0.328859060402685,475.942544177457,708.63276897389,9.26118933395898
615,471.126829268293,613.982113821138,3.99024390243902,10.5509645652481,14.4966538040633,10.613677632446,6.53765963620644,-81.2240194693461,-11.1776423982503,-15.0566925390259,-0.149677390102822,0.969545385121861,-0.193851554239089,0.96204677365316,0.0975654872530339,-0.254846975655242,0.228172487814709,0.22463909251504,0.947351357162941,13.1345607196789,7.04063455534277,2.67131209493018,0.80078125,417.433667649834,470.911513583441,613.946701164295,3.90685640362225,6.28455284552845,0,156,0.837812292281602,46,0,6,2.320271,3,2,180,19.0406504065041,0,471.915798462852,613.778650725875,3.76251067463706,181,16.6037162827478,0.0072992700729927,471.883638385916,613.868699828964,3.71724592869055
2088,481.114463601533,689.280172413793,5.18486590038314,15.8578372862871,29.3875119308585,11.8056362106391,8.9878705623499,83.0070211107379,3.26702634830167,-46.7463789401771,-0.121549847492893,-0.990947947445792,0.0569894729527005,0.685185040071872,-0.0422268248334035,0.727143972075816,0.718155342134389,-0.127432573219963,-0.684115373198394,53.9766160928968,8.71081539612213,5.04886357784725,0.838891120932101,981.767500869471,481.55969026894,689.308060385497,4.69759011357751,135.020114942529,0,692,0.804690984543164,47,0,19,4.092982,5.09902,3,2821,885.616379310345,71,481.25418688523,689.089917243818,4.56627876227512,1851,89.1499612644198,0.626086956521739,480.480626022378,688.953199129047,5.39436338530937
516,473.573643410853,722.90503875969,4.56976744186047,9.95138876981622,14.6484526501229,8.3093478875192,7.44845551731321,-75.4139100654302,-31.6734060243286,115.613587453354,0.214324916086701,-0.823625704800367,0.525076688433726,-0.537604641095006,0.349349486000676,0.76742177875284,0.815503574619718,0.446761272967076,0.367910702153796,13.4110728151808,4.31532889473874,3.4674680995871,0.767857142857143,372.531863751144,473.529342550375,722.703485806736,4.54493307839388,13.1763565891473,0,798,0.83512951697501,48,0,7,2.462852,3.605551,2,178,29.8914728682171,0,474.066649377593,722.817686721992,4.27671161825726,179,22.9944854219411,0.00952380952380952,474.247367938468,722.840665418103,4.17960987647649
470,478.089361702128,663.059574468085,5.4,9.64642544023908,12.2896485768142,8.6208084009479,7.14854154885304,4.3494871589467,-71.5485974522335,102.003908450848,0.315588667850542,0.024003368358499,0.948592447277421,0.909404684834628,0.277747561945369,-0.309579409900328,0.270900188123139,-0.960354169117232,-0.0658252074360447,9.43971638384945,4.64489609286586,3.19385289222989,0.824561403508772,336.453379015919,478.119339045288,663.070379436964,5.39167686658507,10.4297872340426,0,200,0.86887600158564,49,0,7,2.777171,3.162278,2,165,12.8106382978723,0,478.114764989204,663.022587610032,5.93439627968776,166,10.7573606664685,0.00689655172413793,478.097845588894,662.935195391402,6.06760820205498
762,479.245406824147,373.173228346457,6.43175853018373,11.3323187855821,14.7898949507629,12.3791098894259,7.46222258553356,68.5104691844912,32.7088435424887,-51.0750427675193,0.308241115189137,0.782935157914067,-0.540370200334022,-0.738627824822871,-0.161001206780587,-0.65460487915431,0.599513428794044,-0.600908603630593,-0.528670501142573,13.6713120409125,9.57764760340508,3.48029786975294,0.713483146067416,518.878166465701,479.627473806752,373.200620876989,5.99980597594102,6.76377952755906,0,171,0.777538749938548,50,1,20,2.300542,3.464102,1,292,40.4383202099738,0,478.606315311222,372.831472707211,7.18543519179594,293,35.0263549786882,0.00862068965517241,478.569319585761,372.847932182465,7.21176244538662
701,481.609129814551,764.982881597718,5.99144079885877,11.0214769965755,15.4341097733423,10.0502302114264,7.69143581013976,-48.2016681825774,-55.4194841343314,95.7273560662688,0.378287379040999,-0.423116201271327,0.823329423183705,-0.620415132162971,0.544209963961866,0.56473053654626,0.687010715084921,0.724436467432683,0.0566399330169141,14.8882340309737,6.31294545641676,3.69738655134377,0.792986425339366,459.20439669067,481.367264799598,765.091229247023,6.59382860976019,8.50641940085592,0,314,0.831042878449141,51,1,10,2.893245,3.316625,2.236068,167,5.51355206847361,0,481.878913324709,765.108150064683,5.37438551099612,158,5.14188192824252,0.00317460317460317,481.721678674765,765.232490519146,5.21593634625513
600,485.903333333333,396.353333333333,3.69666666666667,10.4644773592106,13.4684336074275,10.9552732205389,7.83011822977962,-40.8981085833258,24.7692853949668,4.49876308818885,0.686336241173948,-0.594483445391561,-0.418965389031833,-0.677538742054956,-0.732030567910464,-0.0712214901505926,0.264355474817156,-0.332747172489958,0.905204674167193,11.3374189898552,7.50112570854107,3.83192196827045,0.746268656716418,436.463019870965,485.486626746507,396.88502994012,3.14790419161677,8.35,0,191,0.788201949823121,52,0,8,2.548489,3.464102,2,213,18.0116666666667,0,485.611085407606,396.019894512816,3.53733691126122,214,15.0349975160625,0.00632911392405063,485.783775226308,395.977099726777,3.70947781028005
373,485.812332439678,462.107238605898,2.28150134048257,8.93106814652056,15.373220650067,8.5440302359382,4.27405443776973,39.4778897826839,0.810965027495687,-5.48257817930994,-0.77179267064656,-0.635716722227186,0.0141535372601194,-0.633915677427884,0.767479160921412,-0.0955335096314957,-0.0498697047053274,0.0827042116949803,0.995325587895999,14.770994572228,4.56252829203914,1.14172133356369,0.909756097560976,307.5750097833,485.662191686311,461.916604381073,2.00793422641292,93.260053619303,0,436,0.814714850304318,53,0,2,2.236068,2.236068,2.236068,1652,800.064343163539,113,485.797884888615,461.978681339302,2.06127523255502,1653,120.29532798476,1.09615384615385,485.976087033374,462.154086111128,2.54310791503497
827,492.742442563482,786.596130592503,6.13905683192261,11.6457902114572,16.685511905714,12.4953474934363,7.07153873575378,79.6606729243041,-42.7069161213912,-77.6476320191399,0.131885940373894,0.722900573701282,0.678248375799051,-0.0915373199262326,0.690183267316129,-0.717821688567262,0.987029390541344,-0.0325855498525044,-0.157197850330066,17.4003942222327,9.75835681135785,3.12541625570413,0.714779602420052,556.452367642207,492.244162436548,786.640862944162,5.70532994923858,9.52841596130592,0,238,0.765702037784165,54,0,15,2.536394,3.162278,1,119,7.53567110036276,0,492.875320924262,786.712933247754,6.15067394094994,120,6.45035631652598,0.00418410041841004,493.235256524062,786.637460201005,6.30194837227115
851,487.403055229142,449.229142185664,7.39952996474736,11.7573734407597,14.6142415534452,10.9069438882511,7.93764401347857,81.3073011523075,40.6152981692575,-78.2822489371709,-0.114726094641785,-0.750377884865815,0.650976922104424,0.297092739364498,0.599394607404296,0.743277881301164,0.94793134109235,-0.278673885606376,-0.154165618916482,13.3485035114027,7.43508906134115,3.93788703029451,0.862208713272543,474.966451572887,487.903409613087,449.336182336182,6.92652329749104,25.572267920094,0,228,0.914339670225347,55,0,3,3.316625,3.316625,3.316625,1925,833.609870740305,152,487.527977084925,449.321807663356,6.87143819724218,1616,438.789733591106,2.57458563535912,487.338572062519,449.321357618765,7.15504552289469
1108,496.595667870036,485.129963898917,4.80234657039711,12.8384830688669,13.4994583358409,11.8249570304487,10.2825484992528,-83.5132586537873,-3.36315040902066,-162.706130367198,0.112778724444248,-0.991886814983187,0.0586643467127902,-0.946709877143044,-0.125193727408969,-0.296760743928931,-0.301697477338695,0.0220698183037114,0.953148233638141,11.3897109600689,8.73935054824743,6.60817522746792,0.900081234768481,553.875648309219,497.14178450568,485.186193195552,4.6032753202804,119.480144404332,0,588,0.934899713523503,56,0,2,5.421791,5.744563,5.09902,1449,604.22833935018,111,496.641419897384,485.11646265413,4.43505530370359,1121,72.6031550305535,0.7,495.55378191386,484.642072104971,4.87761771267453
917,498.370774263904,723.252998909487,7.04689203925845,12.0537886166919,19.5643108763313,12.2183419699105,7.37865229870651,-53.4583023504945,45.0053122776396,-24.8790454574837,-0.420977746290057,0.56805371259546,0.707172338779635,0.551724486819594,0.779179407741515,-0.297455107865435,-0.719984602454941,0.26494231477455,-0.64142633409434,23.9226412541084,9.33049253085478,3.40278185907543,0.658764367816092,618.798238012459,497.805890092096,723.166379921061,6.93168707620686,10.7753544165758,0,261,0.737645923233428,57,0,12,2.489841,3.316625,2,244,14.3598691384951,0,498.64322600243,722.982685297691,7.35631834750911,245,11.8229703072452,0.00381679389312977,498.860565445289,723.015579578281,7.4042006536266
