Volume,Centroid_1,Centroid_2,Centroid_3,EquivDiameter,PrincipalAxisLength_1,PrincipalAxisLength_2,PrincipalAxisLength_3,Orientation_1,Orientation_2,Orientation_3,EigenVectors_1,EigenVectors_2,EigenVectors_3,EigenVectors_4,EigenVectors_5,EigenVectors_6,EigenVectors_7,EigenVectors_8,EigenVectors_9,EigenValues_1,EigenValues_2,EigenValues_3,Solidity,SurfaceArea,WeightedCentroid_1,WeightedCentroid_2,WeightedCentroid_3,MeanIntensity,MinIntensity,MaxIntensity,sphericity,id,nb_branch_pt,SkeletonSize,MeanWidth,MaxWidth,MinWidth
2431,147.114356232003,582.75771287536,3.32538050185109,16.6825375929879,75.4772023698981,8.99812266579032,6.66494717562278,54.0455047931854,0.511999648990818,12.843382072239,0.587119096292679,0.809451243358468,-0.00893596071485169,0.78806509056093,-0.574060926104585,-0.222277902993392,0.185052910832716,-0.123461482841313,0.974942399553411,356.050504849159,5.06038821928805,2.77634505336513,0.651742627345845,1595.65022591338,149.751471303171,585.202486171282,2.52554651638805,953.592348827643,0,4095,0.547944281672835,1,3,58,2.699955,3.741657,2
975,214.955897435897,1007.68102564103,8.06974358974359,12.3027443017902,17.8623825853775,14.1201163310708,7.76826041255693,-34.4917244282234,17.7636039850376,79.9509883929996,-0.784912544568671,0.539288542293337,0.305090421891382,-0.346412063841986,0.0263018374249732,-0.937713653186731,0.513722667792136,0.841710212305398,-0.166171414802104,19.9415444766499,12.4611053251858,3.7716168648312,0.673342541436464,623.261143884871,214.941463949156,1007.38402366864,7.17681349989042,46.8,0,469,0.76292845985056,2,1,22,2.789921,3.464102,2
1401,334.081370449679,520.596716630978,2.66666666666667,13.8828885641869,60.5512643974692,18.7445770244087,5.49041823531218,9.59490591989425,0.758304916809029,-4.19903294328257,-0.98592450525724,-0.166666484688142,0.0132345311576937,-0.167189157074335,0.983202602036745,-0.0732149513757152,0.000809746898577159,0.0743970848210637,0.997228368068261,229.153476258264,21.9599479889995,1.88404327491553,0.376815492200108,1093.60511725607,334.350512491992,521.00846679479,2.1148587088049,200.556745182013,0,1158,0.553667478170305,3,0,53,2.678634,3,2
380,420.560526315789,614.876315789474,6.55526315789474,8.98659131070047,11.9278436955008,7.23452610020762,6.52639470539778,-11.970929145919,-84.7157389456729,146.706813590029,0.0900942239684913,-0.0191023461322645,0.995750034486446,0.708076625369796,0.70432362022375,-0.0505542342423705,-0.700364564646468,0.709621968633409,0.0769814147727168,8.89209095151867,3.27114799341158,2.66211424066526,0.91566265060241,271.387965512678,420.515509438128,614.771781811301,6.03363663602101,166.876315789474,0,1557,0.934865795472311,4,0,4,3.076833,3.316625,2.828427
1558,429.566110397946,481.580231065469,6.0584082156611,14.3832250906489,20.2754446312387,13.0713611356332,8.58428723371052,65.5255798327033,-2.42270364885105,-80.0174386222348,0.413916640082891,0.909332794191784,0.042271556274339,0.140525014074088,-0.109706829898128,0.983980249747514,0.899402988366154,-0.401345587843029,-0.173193486127409,25.6933534371516,10.6787801211339,4.60562420692784,0.899019042123485,741.951087658996,429.148240711916,481.26037527339,4.81556157647626,806.155969191271,0,2667,0.875965800784144,5,0,3,3.990433,4.24264,3.605551
780,447.371794871795,478.162820512821,7.17692307692308,11.4208561147965,15.7712374379852,11.4600956269189,7.01190481438696,5.50886496445139,-31.7887657432897,89.5829234282698,0.846070171250779,0.0815994135373014,0.526789142855134,0.525041009917984,0.0433246177513559,-0.849973479233912,0.09218027567751,-0.995723110712545,0.00618737173207569,15.5457456453317,8.20836198613283,3.07292557037644,0.802469135802469,498.597345454842,447.341886115751,478.183194949396,6.31735776751498,104.379487179487,0,782,0.821858840257419,6,3,12,2.753825,3.162278,2
741,449.882591093117,241.198380566802,6.87449392712551,11.2272448794261,13.3716911372521,10.5055696332442,9.12596707647915,60.3001166179533,-73.3552834132854,-57.5306483655586,0.141916794193248,0.248807803196166,0.958099316665349,0.0658322754775746,-0.968125245382206,0.241660134815589,-0.987687063310721,-0.0287782265322528,0.153772815043174,11.1751327418792,6.89793708243388,5.20520469256134,0.757668711656442,475.924710469153,449.769448099698,241.095363418221,6.14745723353201,69.7381916329285,0,527,0.832066445637108,7,2,13,2.768459,3.162278,2
1390,468.81654676259,483.338129496403,7.69640287769784,13.8464590612903,14.5596166360186,13.2529396059897,10.1135685962347,-60.9648665991428,-37.6773874929953,-126.741159319472,-0.384134157208793,0.6919953090873,-0.611214726153307,-0.285300668095636,-0.718572627653701,-0.634237264413752,0.878091383655297,0.0692522273145568,-0.473455014718715,13.2489022867393,10.9775255125006,6.39276685942159,0.904947916666667,624.668873264933,468.725035353922,483.258945964876,7.28252156887815,1024.07410071942,41,2796,0.964222937913065,8,0,1,5.09902,5.09902,5.09902
1770,489.682485875706,364.329378531073,7.24180790960452,15.0080711988959,37.4597584106003,15.2302733113003,10.0052501946438,-77.5332159629966,-2.93802134832675,-119.165389965245,0.215589839511091,-0.97513787573774,0.0512556767711742,0.466179700582225,0.148904158421362,0.872068826624305,-0.858019526505457,-0.164114822324234,0.486691706554402,87.7020937612835,14.4975765710566,6.25656446608876,0.416176816364919,1216.18088411338,488.702456234244,364.276368604143,6.74285593566469,80.2293785310735,0,859,0.581837170385217,9,3,41,2.333038,3.162278,1
1203,506.568578553616,626.770573566085,5.5453034081463,13.1953931706199,13.306732660649,12.6039875122587,10.5692300041673,-76.7985116811213,-16.9989335806673,71.7251076090862,0.218398450482562,-0.931037760142424,0.292353905422509,0.241890334785678,0.341885448460367,0.908076762211393,-0.945405300791194,-0.127604973727639,0.299876287685239,11.066820881374,9.92878132557333,6.98178893006188,0.915525114155251,577.70541870457,506.554009250411,626.749955495974,4.49930882195112,1293.46550290939,59,3928,0.946865082959453,10,0,1,4.472136,4.472136,4.472136
866,530.942263279446,307.896073903002,7.39953810623557,11.8260512451065,18.0281982983819,10.5959397495167,8.08923128838206,-40.798347811956,-47.2774781481545,-169.962703152608,0.513594941723681,-0.443297417465024,0.734647967059523,0.546469209872672,0.829089396449621,0.118246248802828,-0.661507096331541,0.340731818830649,0.668064509713972,20.3134958678612,7.01712119846171,4.0897289273087,0.751736111111111,541.967331400483,530.970595621032,307.682267688665,6.8835065230129,96.566974595843,0,711,0.810692726981636,11,0,10,2.810621,3.605551,2
941,582.736450584485,227.167906482465,7.7066950053135,12.1580427759089,17.9105801707771,11.8700616570561,9.30980738124745,37.6336260530959,56.6771475309803,-49.8573379995556,-0.435052386404506,-0.335442373736052,0.835588316688348,0.899508912739632,-0.120520323119161,0.419950672838154,0.0401638766270065,-0.934319680632692,-0.354166059069351,20.0493051283646,8.80614773389462,5.41703209224559,0.61745406824147,637.494562638747,583.025989508822,227.384835479256,6.86785150948241,57.9404888416578,0,720,0.728451634089139,12,1,17,2.395514,3.316625,2
782,593.161125319693,424.06010230179,7.27109974424552,11.4306091990536,18.8428919585325,9.08952309444714,7.80659193136213,-25.3097386837338,-45.0992716929948,47.0539275826737,0.63812302600803,-0.3017720816263,0.708330865083038,-0.177456730113663,0.837573235929381,0.516701251587562,0.749204987046751,0.45541704536141,-0.480923280969597,22.1909110850579,5.1637143802805,3.80892984892552,0.707052441229656,523.64353101032,593.316309129975,423.453173493401,6.19965212646226,74.9897698209719,0,649,0.783885956109142,13,0,5,2.492568,3.162278,2
538,601.955390334572,538.455390334572,7.63754646840149,10.0908531134231,15.0747398347664,8.09947177422453,6.64360975196833,78.2470339205445,58.7115401869652,-53.7635549909199,-0.105787054728412,-0.508458854437863,0.854563451357255,0.719126629607408,0.55442042124308,0.418897227369835,0.686779433036093,-0.65885323847757,-0.306995798841353,14.2029863178683,4.10009018884124,2.75859690852804,0.848580441640379,363.426337329555,602.312164482406,538.521331855426,6.92843015800569,85.5223048327138,0,493,0.880215971122213,14,0,7,3.039134,3.464102,2.828427
1483,612.426837491571,446.525960890088,6.18813216453136,14.1486230514908,19.7819644813295,13.4731429311653,8.11490749200585,55.6043208636134,-0.132025190474907,-76.1869836400278,-0.564903277558397,-0.825153911299747,-0.00230427223020045,0.195745329980424,-0.136719712304355,0.971077487154485,-0.801603426137037,0.548113804728675,0.238753438239578,24.4578824212864,11.3453487777255,4.1157327252383,0.896614268440145,722.492795732963,612.130796797044,446.165404818793,5.160243749383,976.76129467296,0,2989,0.870451753005244,15,1,10,3.835012,4.358899,3.162278
728,609.157967032967,197.017857142857,6.08241758241758,11.1612007344534,16.5438765989393,10.0407134912802,8.16611679295781,-38.8504813075642,-24.8946915886865,-61.5866896980576,0.706423178555547,-0.569004302491551,0.420951774607947,-0.586822584835656,-0.138318534265494,0.797814036605928,0.395734186956695,0.810618336101984,0.431615994199676,17.1062408075583,6.30099546337347,4.16784146726422,0.707482993197279,497.591919868542,609.401023715212,196.977004989969,5.63966767837852,53.4038461538462,0,402,0.786499392006851,16,0,6,2.750781,3.162278,2.236068
787,615.15374841169,509.448538754765,6.44218551461245,11.4549193726613,15.8973151733366,11.8803036468303,6.91003844588322,1.30299073015656,-51.6432450575065,-84.6067128671505,0.62039563508054,0.0141111466396308,0.784162056920333,-0.778351365306945,-0.111719894153731,0.617808884182717,-0.0963244937584802,0.99363954268678,0.0583271044316314,15.795289357525,8.82135092130563,2.98428945772401,0.813857290589452,491.075822748204,615.191329971842,509.371501538864,5.54629035426626,97.0203303684879,0,701,0.839431752954937,17,0,9,2.868026,3.741657,2.236068
505,624.621782178218,1020.34653465347,5.60990099009901,9.88016624021919,15.0120151351367,8.23117638260556,7.05316183333744,-19.1882995422718,-55.3741836395153,-30.3634154454475,0.536646568520609,-0.186757236918307,0.822880425671734,0.676434948297253,0.678187910780479,-0.287222767888101,-0.504426626197655,0.710762190982222,0.490276337031478,14.0850374010983,4.23451654009772,3.109193240453,0.795275590551181,368.571382641788,624.569163059688,1020.2655585058,5.28723675117303,54.4415841584158,0,602,0.832064062196348,18,0,5,2.897056,3,2.828427
1414,660.997171145686,273.635077793494,2.64144271570014,13.9256966034574,70.9777561201826,7.19107512550907,5.19723168669558,-84.4332589249392,-0.250355185150727,-7.32397527388914,-0.0970042499482381,0.995274375681667,-0.00436950837598563,0.987217575020462,0.095659332373103,-0.127478436218255,0.126458036765953,0.0166796055528982,0.991831717427861,314.865116491008,3.23197259129469,1.68820107532453,0.606346483704974,1117.28418049786,661.401943214607,273.712898808956,2.14247146161403,274.265205091938,0,1490,0.545280643297586,19,0,54,2.574344,3,2
735,654.83537414966,1014.58503401361,6.2734693877551,11.1968597650121,13.0941834808989,12.9678197962422,6.68011662126393,18.3590714943795,-66.2098881890484,-13.0424844710116,0.382855471343049,0.127055384219563,0.915029298658524,-0.110858462266884,0.989658144050581,-0.0910338357874796,0.917132536445259,0.0665859388698475,-0.392981199726282,10.7161025644654,10.5102718917383,2.78899737960541,0.832389580973952,454.898519925946,654.836592633398,1014.48243483486,5.92776122392769,108.672108843537,0,837,0.86582042498737,20,1,6,2.715212,3.162278,2.236068
609,704.159277504105,494.215106732348,3.1888341543514,10.5165402926082,16.969773402236,8.16011497840141,6.56094644492502,-30.3209485451356,-2.01513328364757,-3.86584458424918,-0.862677195087437,0.504531057658612,-0.0351634602101896,0.505741017430553,0.860050065522826,-0.067378840020381,0.00375238116151037,0.0759097928601074,0.997107628585578,17.9983255827023,4.16171727879569,2.69037614082339,0.922727272727273,400.134262225436,704.22542896403,494.102948405859,2.51210338965985,1108.94581280788,48,3307,0.868340210866833,21,0,5,3.595786,4,3.162278
517,739.912959381045,749.775628626692,5.91682785299807,9.95781316719123,13.7453602095345,9.08061159440051,6.67188833252922,-49.6676910774863,-32.49137920763,93.1822476018366,0.545911911732638,-0.642981858294927,0.53717270456718,-0.389449782347515,0.372928640529186,0.842171654772663,0.741828182032666,0.668953330940698,0.046822957675218,11.8084329556159,5.15359418302255,2.78213087010872,0.785714285714286,363.256405796438,740.466560509554,749.422358884252,4.9662310564463,35.2263056092843,0,399,0.857560044890331,22,0,8,2.913052,3.162278,2.828427
3085,812.758184764992,119.72414910859,4.0162074554295,18.0614320687998,81.9216337268275,12.8336972295735,7.34884973513061,-81.6196081407374,-0.821725935924465,24.4271250420775,0.145729476012749,-0.989220524469871,0.0143413314794121,-0.899901680695083,-0.138565908265901,-0.413492991655978,-0.411022973692729,-0.0473523287072415,0.910394349753329,419.44712952953,10.2939865362727,3.37534952684559,0.484758013827781,2063.37150487145,805.632012852621,120.269467166999,3.42825288112164,424.914424635332,0,2265,0.496680155122071,23,11,101,2.334599,3.162278,1
2292,783.772687609075,127.770506108202,6.521815008726,16.3583186475373,85.6309673135887,25.3519670048067,6.98084837387447,-76.9230304098143,5.05791175865301,-16.6087385739051,0.225378759386025,-0.97027406968409,-0.0881626027082323,-0.927726207114991,-0.241366412343772,0.284721512401728,0.297537391683209,-0.0176205757842799,0.954547545101543,458.291410191305,40.1701394383006,3.04576525118912,0.22856003191065,1903.51600791807,774.437015388369,132.063955763171,4.24169963439826,311.113001745201,0,2593,0.441642303697631,24,6,106,2.06663,3,1
718,774.58217270195,1004.60584958217,2.81197771587744,11.1098605387943,27.9309151337571,7.65498427863017,4.96225279364489,-61.4428548847842,-2.3550062928709,12.3119022224495,0.477631283690359,-0.877598930695108,0.0410910413971566,-0.85395154214958,-0.474736849215245,-0.213053250755617,-0.206482736568105,-0.0666711394831751,0.976176130961704,48.7585012630712,3.66242401912969,1.53899704925228,0.876678876678877,525.628022119514,775.473996979581,1004.38764902573,2.37589476829134,340.302228412256,0,4095,0.737714937303786,26,0,18,2.807496,3.316625,2
1529,861.343361674297,486.385873119686,4.33878351863963,14.2934243584506,50.7788133439156,9.80479135582212,6.13285024676371,-51.6372564130346,-6.83771947933511,85.9575297446906,0.616223669734546,-0.778520177677197,0.119057640697081,-0.0184322320971164,0.136872941396729,0.990417109471219,0.787355473518034,0.6125129638325,-0.0699944816276192,161.155492788514,6.00837084570026,2.35074075932683,0.659051724137931,1018.50302616809,861.730246521704,486.012415145412,2.95114476622837,429.600392413342,0,2209,0.63017348269783,27,0,33,2.678772,3.162278,2
603,442.444444444444,549.590381426202,7.34660033167496,10.4818891672929,16.4320149581288,8.57573697458887,6.96128679225512,38.052722103453,47.9838132322816,-105.940712762982,-0.527068118044405,-0.412572345649351,0.742955758135382,0.393253340248787,0.656603616919889,0.643601973762426,0.753359813982867,-0.631391914624436,0.183829379650231,16.8756947240106,4.59645404108317,3.0287196127516,0.769132653061224,408.79132435011,442.641256135786,549.912472647702,6.6330060914306,56.0829187396352,0,394,0.844359373374337,28,0,8,2.840169,3,2.236068
638,462.960815047022,330.746081504702,7.99373040752351,10.6808877803097,16.0258363460752,10.2248024090743,6.91111803846737,1.91399894926283,46.2992480543517,71.8030558671807,-0.690506440494181,-0.0230753547411882,0.722958078756731,-0.675988737168244,-0.335048778480501,-0.656339503047323,-0.257371488043524,0.941918172689269,-0.215754659509289,16.0517144119491,6.53416151903819,2.98522203385181,0.753246753246753,443.722670124129,462.939207771469,331.386998757984,6.98449698367637,70.6708463949843,0,618,0.807705349489073,29,0,13,2.363647,3,1
2322,524.330749354005,343.464685615848,10.057278208441,16.4293808717001,31.9529279422056,18.369484849351,11.0029887098514,89.4966911090375,2.44452578399919,-12.6260691828849,-0.0087762905044107,-0.999051438476674,0.0426520808715209,-0.975861655368797,-0.000750983972936597,-0.218388336693937,-0.218213212949752,0.0435391697298072,0.974929399696914,63.8118502549864,21.0898733519085,7.56661003431984,0.459347181008902,1444.34660231407,524.672242564913,342.828314357938,9.74333526755641,64.5697674418605,0,919,0.58711184715094,30,5,51,2.421032,3.162278,2
1263,526.944576405384,510.092636579572,9.18606492478226,13.4112186392711,17.5162601887236,15.6419994780803,8.84668023308612,46.1183970349533,-41.7719480129239,-28.9517372246071,0.516968063591772,0.537554656610784,0.666167405673856,0.407167949899112,-0.838973778688935,0.361022519030828,-0.752966321823976,-0.0846049042814433,0.652597677264025,19.1762106874415,15.2920092295165,4.89148444665479,0.661256544502618,757.929706399459,526.439245275614,510.010410329873,8.97281147589238,80.695170229612,0,760,0.745516790383402,31,2,20,2.815299,3.741657,2
1036,540.554054054054,523.073359073359,8.29440154440154,12.5541422230298,17.6099758238018,12.8507138795376,8.9391179839464,-85.378468137835,-15.6291888544157,-113.205235004995,0.077594340192067,-0.959894328552252,0.269410460790557,0.372793571204266,0.278557947759514,0.885116050588157,-0.924664302132902,0.0317544918591023,0.379456954881371,19.3819530321803,10.3213029508588,4.99423939568212,0.677124183006536,669.577533482657,540.628636992145,522.900047071284,7.67147186019829,65.6196911196911,0,457,0.73947430554295,32,1,15,2.548764,3.316625,2
1035,561.396135265701,498.750724637681,8.24444444444444,12.550101623387,19.8380418373188,11.4612260006287,9.17565889828836,55.6063111549429,-26.8206028116705,98.7868382591359,0.504108792227202,0.736406316465903,0.45119847369905,0.125827072994563,0.454238125346732,-0.881949699916672,0.854424878676208,-0.501371581315303,-0.136325581416477,24.5967439962007,8.20998133984293,5.26204476360865,0.655063291139241,651.954286699233,561.377041145671,498.725165562914,7.627178616683,80.8251207729469,0,590,0.758974548457599,33,0,12,2.650168,3.162278,2
1138,576.930579964851,330.338312829525,9.19244288224956,12.9533235415729,21.4352247385445,12.6329219334401,9.96373602594426,79.6515135618773,-22.7980482797629,-28.5395373171782,0.165601038719064,0.906880534126451,0.387484183932312,0.830942468808428,-0.339921947478833,0.440440328708388,0.531141138969411,0.24903968849306,-0.80985697752724,28.7168037244943,9.97441978602445,6.20475222466873,0.599894570374275,751.534495179757,575.778216874748,330.039065646395,8.38267720499396,69.8207381370826,0,658,0.701396153481301,34,2,31,2.452671,3.605551,2
938,585.952025586354,990.143923240938,8.69722814498934,12.1451086780855,17.2278372634578,12.0460320789457,8.72633258242336,4.10931836933135,53.4133526221381,-14.8133231465788,-0.594505435741167,-0.0427118655647654,0.8029564019386,0.274042522979359,-0.949567371194729,0.152389314459507,0.755952367860114,0.310640474024729,0.576227831178241,18.5498985485117,9.06918055293686,4.75930502119147,0.653658536585366,607.126009553981,586.112944762706,990.253770957061,8.31352814421611,40.5692963752665,0,683,0.763262358108431,35,2,19,2.496336,3.162278,2
1328,598.326054216867,500.263554216867,8.50527108433735,13.6374493592264,22.9642429727306,17.3670123904312,9.83665566157334,64.4915029411577,-20.5119383507611,-31.2557988099205,0.403341712151576,0.845300846926174,0.350402541977834,0.693233427488622,-0.53222809227755,0.485963653787995,-0.597279564568396,-0.0469013430137337,0.800660593368061,32.959778456913,18.850819960587,6.04748716277267,0.480811006517017,977.140388510241,597.964088621977,499.687537196343,7.71494075637072,55.671686746988,0,474,0.597942206876984,36,5,36,2.202266,3,1
1163,646.371453138435,465.945829750645,8.56577815993121,13.04749174655,17.3139667107117,13.3936493364222,9.23741031345429,-37.9387228312074,-18.4530097601532,68.2945487174749,0.748118213224438,-0.583206589357197,0.316526796925977,-0.00455359103496454,0.472485805141224,0.881326516535578,0.663549850313117,0.660777752402723,-0.350819552019333,18.7358402037271,11.2118651591901,5.33310933119448,0.688165680473373,703.983748076902,646.433203809107,465.771138901051,7.94997810858144,62.8443680137575,0,760,0.759698556176608,37,4,19,2.641386,3.605551,2
625,366.9136,456.6384,10.7904,10.6078441794706,15.4945629714499,10.176578144753,7.31779671127242,-37.1498570124451,-70.450001424092,-31.3898972703395,0.266719220960593,-0.202083245127832,0.942349839077176,0.906737867854384,0.383989303495417,-0.174294732565247,-0.326630213190791,0.900952039145097,0.285653858701803,15.0050926047642,6.47267142101651,3.34688429421934,0.718390804597701,433.729505582739,366.92793715847,456.674009562842,10.8414446721311,56.2176,0,703,0.815051721187566,38,1,13,2.616616,3.605551,2
738,419.108401084011,579.462059620596,9.92953929539295,11.2120729084029,20.8028745015309,9.43422617992679,6.84830188777272,80.8249826891715,-44.4184255390163,71.8226005979703,0.11388732289817,0.705109473548626,0.699893068972017,0.413998092376741,0.606715107535578,-0.678603240337468,0.903125272147506,-0.367038701774175,0.222816817606797,27.0474742204028,5.562788975876,2.93120242162946,0.682070240295749,510.239539355589,419.06324381919,579.396131688729,9.75255088219891,75.0311653116531,0,1625,0.774011813471071,39,0,12,2.551189,3,2
971,413.75386199794,378.281153450051,8.50360453141092,12.2858969759528,19.3792485458445,12.1763978221795,9.81021390414564,52.9641313930193,8.12796214312103,0.493727631003077,-0.596264483168621,-0.790239915352513,0.141384377833301,-0.79749515335288,0.603265041959279,0.00853050576081206,0.092033398776331,0.107666918473232,0.989918020937166,23.472204637601,9.26654149524859,6.01501855281828,0.597906403940887,657.5403847768,413.942809105018,378.154073978272,8.04936627004656,79.6292481977343,0,458,0.721175857563079,40,1,19,2.504911,3,2
746,422.802949061662,529.380697050938,9.18900804289544,11.2524407558468,17.1311595604535,9.97676964571566,7.48267673658085,40.3102558899346,39.2594617242894,-102.57104730953,-0.590435397337996,-0.500907357005453,0.632833201774475,0.330196340607364,0.565551528139152,0.755726038766017,0.736448517019233,-0.655166611418257,0.168523864965444,18.3422892428573,6.22099578522959,3.49940319651052,0.728515625,496.672944308751,422.903583419558,529.498067867475,8.78467808349346,63.4812332439678,0,459,0.800889942481758,41,0,13,2.699058,3.162278,2
2182,449.512373968836,373.073785517873,9.67140238313474,16.0923217762156,38.3052091755599,16.9097902469076,11.3034741646132,-66.1201712338646,-4.29296670202882,-25.997148600802,-0.403683904024498,0.911831035525866,-0.0748563175915538,0.835156847095713,0.333855639307462,-0.437096617296168,0.373567057408287,0.238965635090977,0.896294080570032,91.7055656239626,17.8713128871507,7.98553301187982,0.416094584286804,1411.00109750217,451.5470417863,372.395157287629,9.18893363574108,72.9454628780935,0,527,0.576580482307221,42,7,42,2.48154,4,2
1718,490.327124563446,255.919091967404,9.80966239813737,14.8596362715458,30.8357849764934,16.8897075754358,9.17712813514971,85.3934600307373,2.26225577529526,-21.487277845289,-0.0802501056625841,-0.995992850932686,0.039473553578616,-0.928654387439609,0.0603186370804224,-0.366009140199973,-0.36216149606261,0.0660295608931336,0.929773707876251,59.4278521947836,17.8288888739835,5.26373005055977,0.47669256381798,1192.07762087374,489.782858796296,255.432407407407,9.48261574074074,50.291036088475,0,1416,0.581917872419154,43,4,43,2.463517,3.162278,2
1623,510.869377695625,306.306839186691,9.17005545286506,14.5805296094159,27.0689689529496,12.2101180155787,11.2591607335218,-58.115797330657,14.1566351880004,107.758416033491,-0.512163065636511,0.823330284238306,0.244573582493859,0.135955073717659,0.358880834244899,-0.923428808702713,0.848059674862705,0.439695110124908,0.295741437752656,45.7955675109844,9.31793637214749,7.92304377645491,0.516549968173138,990.834470776655,511.168089323678,306.129086142681,8.83137518182835,77.090573012939,0,686,0.674055045571254,44,4,32,2.691191,3.316625,2
610,524.313114754098,525.003278688525,8.72786885245902,10.5222933245503,15.464333740727,12.3841271102677,6.53863429436025,-62.184185510073,-22.0253478680312,-105.082282857013,0.432575149542389,-0.819903152784502,0.375016746362632,0.0611733777773444,0.441679010156841,0.895085174627635,0.89952018201355,0.364250562169652,-0.241215609174452,14.9466011277866,9.58541276770416,2.6721086522115,0.634755463059313,458.311246829378,524.283150446108,524.810096400369,8.12975592246949,63.9409836065574,0,408,0.758944759154998,45,0,12,2.52977,3,2.236068
797,545.347553324969,652.987452948557,6.56461731493099,11.5032325524712,18.8621331501107,11.6072934269575,6.83966376317242,-72.7120798616747,-13.7388932383189,88.2298823949213,0.288670879501852,-0.927504186701323,0.237497593628117,-0.0410503416264816,0.235839598232969,0.970924586854026,0.956547956340913,0.290027011771026,-0.0300056605191934,22.2362541857816,8.4205787937182,2.92381252457837,0.669747899159664,563.124211835617,545.461620782273,652.992571764311,5.89894242068155,59.7942283563363,0,597,0.73821942988584,46,3,26,1.939936,3,1
749,590.387182910547,593.550066755674,7.32042723631509,11.2675042822062,17.528345852445,13.4472939037034,7.33342813900879,-68.799724273832,40.8691299192156,-8.8129238617593,0.273466107196794,-0.705027651728514,-0.6543334765338,-0.885061753942589,-0.450824530506832,0.115857388203613,0.376672244693846,-0.547442465462327,0.747278239403389,19.2026817701829,11.3018570832862,3.36119801687536,0.589299763965382,547.665129142868,589.72583081571,593.586502576862,6.50224364670339,60.1014686248331,0,550,0.728266355439702,47,0,14,2.543318,3,2
787,649.472681067344,340.123252858958,8.16010165184244,11.4549193726613,15.4749942559682,11.5906854936165,7.45342605268279,40.5105926514679,-21.2924651651171,-59.3086808199122,0.708388002331782,0.605247043253878,0.363128702782948,-0.0941474727210138,0.590903394381941,-0.801229949445318,-0.699516040940187,0.533394033656488,0.475571354611511,14.9672154513905,8.39649938824572,3.47209749517566,0.731412639405205,510.712443078175,649.598358564382,339.881803878211,7.59234138458922,59.7611181702668,0,407,0.807156050944727,48,0,8,2.612281,2.828427,2.236068
2949,841.332994235334,65.0993557138013,6.11563241776873,17.7920251341203,80.4530906998266,16.0130126765409,6.39151919339108,30.4059044099919,8.18132017750089,-16.6743868660605,-0.853683969275146,-0.500971671958269,0.142306234923028,-0.52005687254849,0.805529621204205,-0.284012110089859,-0.0276501341355692,0.316463920941941,0.948201485352316,404.543737697158,16.0260359361912,2.55321984996793,0.454741711642251,1884.85546374345,843.431549086643,65.7602421564943,5.05709192231194,369.966090200068,0,2452,0.527621624428766,49,0,69,2.653172,3,2
1101,843.270663033606,50.1471389645777,4.72297910990009,12.8113894153879,35.7882211305248,11.7217254854731,4.9640720853712,49.4316278787619,13.0157720264218,-12.4819449435654,-0.633646139967171,-0.740114080575644,0.225219264358919,-0.773333306672707,0.598006717272336,-0.210579113132858,-0.0211699337589922,0.307602200627423,0.951279517320649,80.049798230459,8.5874280222993,1.5401257292976,0.622737556561086,881.487465604278,845.35496555501,52.641226810448,3.88735042694865,386.431425976385,0,1890,0.584960035329889,50,2,37,2.043852,3,1
865,371.073988439306,142.546820809249,8.86936416184971,11.8214975090979,14.7199188598816,12.1275774591726,8.43077008359192,-88.4661915867206,-17.1199002827751,161.659278176704,-0.025580794508246,0.955348409986987,-0.294372278735045,0.951341370016079,-0.067188989565009,-0.300724520744756,0.307075268701758,0.287741299115315,0.907143717464423,13.5422507025936,9.19238343926444,4.44236776264928,0.717842323651452,556.092190618964,371.140116170133,142.555667978265,8.4776091437137,30.849710982659,0,401,0.789492605344639,53,0,18,2.330017,3.162278,1
936,394.683760683761,429.834401709402,11.7275641025641,12.1364706177901,17.1473680613057,14.294439429538,6.84005962447052,-77.4841311078576,48.0533917466028,-121.131743940638,-0.144857160569137,0.652553067396195,0.74376803995847,0.642690167311344,-0.509481049595734,0.572169912651955,0.752306953226649,0.560895314951593,-0.34558746185617,18.3770144643678,12.7706874127957,2.92415097914449,0.677769732078204,613.918246978407,394.132756553579,430.243559832799,11.8572146074333,65.9423076923077,0,586,0.753744486833233,54,3,16,2.49685,3,2
581,398.33734939759,509.884681583477,6.79518072289157,10.3528320821849,14.8047882333716,9.39989758032988,7.16366744981031,-83.1795923587632,26.1814806650467,-110.452073072418,-0.106573224401812,0.891050364770817,0.441215814859798,-0.396045816690192,0.368981405683059,-0.840833178069439,0.912025141606743,0.264351980703661,-0.313573231279795,13.6988596646861,5.52237965754322,3.20738320821699,0.772606382978723,399.164403786,398.500578114883,509.794052354084,6.57860049949126,74.4302925989673,0,537,0.843560833791622,55,3,10,2.580525,3.162278,2
677,453.970457902511,558.407680945347,8.35302806499261,10.8942335677085,16.6625322213569,9.62253440687303,7.37479505864241,33.0559638018998,45.0401094312426,-104.873753166356,-0.59223817088329,-0.385426915953254,0.707601612072484,0.433182821316634,0.588176382177346,0.682935712029273,0.679416361493433,-0.710981459608851,0.181380185873463,17.3524987517347,5.78707302571596,3.39922513481104,0.771949828962372,454.634234165121,454.135881461526,558.702138407139,7.78274360762995,61.4076809453471,0,387,0.820126984691921,56,0,10,2.755351,3.316625,2
849,458.077738515901,295.004711425206,9.64782096584217,11.7481555824605,17.4616402718242,10.5237738163894,8.63106865894791,68.9807493698843,-15.7090285384757,-51.150518880412,0.34528451731075,0.898594391279369,0.270752141389026,0.509905713719031,-0.421822724654435,0.749707777791984,-0.787892610209138,0.120804424283093,0.603847270302236,19.056805061412,6.92186345865772,4.65595913721705,0.683574879227053,562.911322471698,457.85647473352,294.957768793014,9.33280523200547,92.9316843345112,0,630,0.770281144670767,57,1,18,2.524164,3.162278,2
600,560.186666666667,300.301666666667,9.69833333333333,10.4644773592106,13.5275677138657,11.4114244511496,7.20426057337964,-48.3534038000635,-62.279188456549,96.318711261916,0.30911710626846,-0.347597187510234,0.885224722794833,-0.666930788531689,0.584334751676445,0.462337778352285,0.677974880007152,0.733300138564151,0.0511953988272764,11.4371930158263,8.13878800026837,3.24383565057202,0.726392251815981,412.643780288975,560.47164767131,300.151423479199,9.3005253036912,71.07,0,595,0.833699718064487,58,0,12,2.56173,3.162278,2
1247,568.741780272654,388.093825180433,10.14033680834,13.3543455737265,31.5995207340095,11.4037328767205,9.95435653892155,82.2694543062591,-0.543851226071191,12.1736790062945,-0.13450842252286,-0.990866988559004,-0.00949185200170132,-0.96889811479304,0.129506227518712,0.210866261370483,0.20771116344796,-0.0375599256905796,0.977468835595904,62.4081069136937,8.12782022022476,6.19307588149814,0.451157742402315,903.56018146978,567.991779394768,387.987709788218,9.73230128111214,49.2630312750601,0,788,0.620066130093878,59,2,35,2.295727,3,2
2636,568.183611532625,618.237101669196,9.18323216995448,17.1388730220169,30.1845781812844,22.1389861652503,9.22771470985765,37.0583516003797,-2.69805581858685,-7.54591119703093,-0.797137561694459,-0.60196003373054,-0.0470725559847845,-0.592476224624274,0.794836484008509,-0.131175024085983,-0.116377106815642,0.0766751686018322,0.99024102496771,56.9442974988794,30.6334192765715,5.3219199229077,0.501331304678585,1620.60675525292,568.276710279112,618.168766664042,8.78402276997154,67.4423368740516,0,567,0.569425288149814,60,12,57,2.50441,3.162278,2
592,569.864864864865,224.935810810811,9.13006756756757,10.4177603203236,13.0468930726462,12.6928396612672,6.35554596973506,-47.6819097186913,22.7634224583466,-131.768790313845,-0.620807113572507,0.681825513626656,0.386926991440917,-0.686835003593435,-0.235081601182109,-0.687745824141785,-0.377963233101553,-0.692712501513725,0.614241959385728,10.6388386780664,10.0692611666648,2.52456028583847,0.752223634053367,431.213110365305,569.382126001948,225.090830773841,8.55449846430444,45.097972972973,0,400,0.790690715463985,61,1,14,2.159197,3,1
1467,583.897068847989,466.99591002045,9.86707566462168,14.0975560678616,30.2577222763306,12.0745167891069,9.68664864947885,-54.6614237870588,-1.24020275234872,-120.479628090935,0.578271487990846,-0.815557249014414,0.0216439311793191,0.402984647007115,0.308602626101272,0.861607679538634,-0.709369762855314,-0.489520982945002,0.507113149901633,57.2206098344719,9.11212223065151,5.86444762865316,0.529411764705882,971.252386973014,583.459608693953,466.987021617607,9.73404088972284,69.7505112474438,0,1491,0.64284376288977,62,3,29,2.35823,3,2
1285,602.12373540856,292.192217898833,8.94708171206226,13.488640141865,29.6345800564785,13.128412828448,7.26345921980557,77.5547515557441,13.3769004271442,-83.2097198322725,-0.209659712839442,-0.950009129614127,0.231355696843394,0.164966208228451,0.198854166546412,0.966045118299274,0.963757726275027,-0.240706614152877,-0.115027696439806,54.8880209452394,10.7722014621348,3.29736498986116,0.552213149978513,910.640672258726,602.578049435787,292.295991890968,8.4681256411509,63.7229571984436,0,1015,0.627681265152411,63,0,23,2.202406,3.162278,1.414214
527,620.759013282732,298.404174573055,8.74193548387097,10.0216061508473,13.0557874836419,10.9361756763012,6.350474269439,67.4891478685014,-33.9502917054071,-76.4292864257426,0.317589630387419,0.766318628945821,0.558473442162632,-0.00892021684957263,0.591353625527271,-0.806363019555776,0.948186298362162,-0.251110829129984,-0.19464350770553,10.6533491761263,7.4749961514326,2.52053271542542,0.768221574344023,369.038240257979,620.719922038146,298.337352081303,8.34434080467771,68.1499051233397,0,697,0.854974504025008,64,0,5,2.537112,3,2
1562,643.327784891165,279.501280409731,10.8335467349552,14.3955237072358,30.3153310454383,13.0834959101595,9.18351572371651,59.8846953817874,-12.1474956184592,-1.15081729304145,0.490507382535298,0.845648941006519,0.21042902901673,0.862722436509366,-0.505296431850168,0.0196344977738553,-0.122932929769505,-0.171910978515165,0.977411945007961,57.438706024657,10.6986165769476,5.27106006548428,0.523809523809524,1017.77057990881,643.467726128782,278.97201075665,10.6564300778524,81.657490396927,0,643,0.639668431197609,65,2,35,2.422307,3,2
662,660.305135951662,563.347432024169,9.78398791540785,10.8131722792263,17.7462388262196,9.55538206323854,7.6227018255164,-62.0511905751704,-19.7779005620879,99.8870632799887,0.441035563944382,-0.831258081207765,0.33837498986043,-0.307915025826189,0.213993917327926,0.927035565777876,0.843015995225903,0.513046397291155,0.161577925533928,19.6830620298265,5.7065828984038,3.63159894504569,0.647749510763209,478.779131505657,660.425814031554,563.216616314199,9.43058073178919,45,0,405,0.767221747664635,66,6,15,2.457093,3,2
1272,669.196540880503,358.569182389937,8.54166666666667,13.4429988970573,23.6491339738691,12.830574404284,9.98370168946457,74.8049488147017,-18.4083355996103,-31.6506392310143,0.248693891983512,0.915658161364424,0.315787079559654,0.778070174045595,-0.38303353966998,0.49788764972486,-0.5768519327789,-0.121882890573731,0.807704406719835,34.9550961071255,10.2889774714918,6.22964371401361,0.550649350649351,826.916852040486,669.271341887568,358.299337564076,8.04177948053894,73.4614779874214,0,666,0.686562938579111,67,3,25,2.606908,3.464102,2
687,715.471615720524,895.852983988355,8.58951965065502,10.9476113604367,11.8589071383322,9.54390269052685,9.25004471278566,-48.5524499829042,-19.397401603023,-159.949392349458,0.624361266394613,-0.707015138972868,0.332118355845159,0.628758839617431,0.707164644793947,0.323389064064315,-0.463503323212529,0.0069107464594866,0.886068231545582,8.7896049072241,5.69287991039035,5.34770794928337,0.835766423357664,411.859169115437,715.508414154653,895.717640891219,8.21598951507208,27.7656477438137,0,290,0.914197179046767,68,0,4,3.513303,4.123106,3.162278
1550,737.105161290323,543.87935483871,9.98,14.358564562055,24.703123340681,14.0390892565049,11.2179964179079,14.7549228750806,6.02931629790478,-32.7034222716043,-0.961674754999742,-0.253276190301206,0.105037312526041,-0.269191249375164,0.799276420241217,-0.537301847480745,-0.0521319178241512,0.544984747926849,0.836823689716708,38.1402689240561,12.3185016970069,7.86521522701213,0.566106647187728,996.626088381845,737.080412124377,544.092586548295,9.75141980547033,59.2993548387097,0,609,0.649889726832155,69,0,27,2.47188,3,2
431,876.037122969838,887.925754060325,7.2969837587007,9.37186914138252,11.3211286823846,8.74543576112562,6.33186078707761,2.55631060810807,-21.5936081280276,82.3760831784083,0.928892258191093,0.0414710121120681,0.368020825262718,0.370321872795888,-0.116269028629072,-0.921598189836871,-0.0045698141753808,-0.992351584941573,0.123359023433026,8.01049716519443,4.78016541574843,2.50577881418319,0.879591836734694,294.50846788745,875.936504444249,887.957229604858,6.99529173633723,52.7285382830626,0,463,0.936924332933005,70,0,1,3.162278,3.162278,3.162278
495,13.369696969697,815.284848484848,9.31919191919192,9.81451535630231,11.9785342733818,8.74272716091024,7.136662201545,19.1483584208061,-52.376627369992,75.1934791742742,0.57669256431934,0.200242965893807,0.792040681321885,0.807200061040079,0.00975809792980288,-0.59019728987999,0.125911666320783,-0.979697674864467,0.15600871177431,8.96783020866138,4.77720488813235,3.18324671118507,0.876106194690266,325.249845420796,13.1910755148741,814.938743179018,8.94829255412779,45.9070707070707,0,411,0.930401692208913,71,0,5,3.216891,3.605551,3
702,132.169515669516,1014.65384615385,8.88603988603989,11.0267153419443,16.7541093691795,9.59473977997377,7.31432658305522,39.5402409438869,-31.7932538492086,91.7259115489375,0.655466094578358,0.5410981848668,0.526855723317161,0.386941136490092,0.358481279833789,-0.849569143095772,0.648568235230457,-0.76072592064592,-0.0255991778670198,17.5437612971517,5.7536894653382,3.34371083522427,0.753218884120172,462.202944409433,132.136970585423,1014.47856846936,8.54724497275248,44.6994301994302,0,609,0.826436503213382,72,0,9,2.778369,3,2.44949
707,367.052333804809,303.439886845827,9.2022630834512,11.0528327188591,16.7601475734764,10.5647274994817,6.65629645602421,-67.1168629543628,-16.3349508847229,29.745785919872,0.37315634556325,-0.884110610935759,0.281252145585912,-0.745643018748831,-0.466177612845957,-0.476124901546197,-0.552060531424781,0.0320446705716243,0.833188039239009,17.5564091677943,6.97584169614401,2.76914265690503,0.757770632368703,469.707355831411,367.312649348647,303.347670803464,9.05079781083789,55.048090523338,0,367,0.8170896427888,73,0,10,2.886221,3.316625,2.236068
671,378.497764530551,332.275707898659,9.33383010432191,10.8619541679325,13.9417074781959,9.7476602925108,8.42747586052121,-46.3435558491669,3.44688644351227,130.024923137488,-0.68908377897277,0.722183316093082,0.0601232360523422,-0.433509733413245,-0.477277008107981,0.764379466343433,-0.580717535978193,-0.50065748320413,-0.64195734119887,12.148200462974,5.93855507363698,4.43889683622923,0.777520278099652,437.729783545833,378.647510186802,332.270942477642,9.01950044980685,56.3248882265276,0,371,0.846758777384625,74,0,4,2.957107,3,2.828427
417,409.091127098321,397.930455635492,8.80335731414868,9.26927593759152,10.6209832767281,8.02982857850485,7.09293218521744,-29.6655234701513,-57.0417954625756,-64.2777749417404,0.472721195610964,-0.269258544485284,0.8390676417559,-0.871650533430694,-0.00298924208625924,0.490118773361862,0.129460491232373,0.963063290055963,0.236112432024358,7.05033036028363,4.02988418751083,3.14435543650585,0.896774193548387,279.44933822404,409.250620977758,397.845263633284,8.46553573444733,84.9592326139089,0,563,0.965913884772843,75,0,4,3.149064,3.605551,2.828427
