Volume,Centroid_1,Centroid_2,Centroid_3,EquivDiameter,PrincipalAxisLength_1,PrincipalAxisLength_2,PrincipalAxisLength_3,Orientation_1,Orientation_2,Orientation_3,EigenVectors_1,EigenVectors_2,EigenVectors_3,EigenVectors_4,EigenVectors_5,EigenVectors_6,EigenVectors_7,EigenVectors_8,EigenVectors_9,EigenValues_1,EigenValues_2,EigenValues_3,Solidity,SurfaceArea,WeightedCentroid_1,WeightedCentroid_2,WeightedCentroid_3,MeanIntensity,MinIntensity,MaxIntensity,sphericity,id,nb_branch_pt,SkeletonSize,MeanWidth,MaxWidth,MinWidth,channel_2_MaxIntensity,channel_2_MeanIntensity,channel_2_MinIntensity,channel_2_WeightedCentroid_1,channel_2_WeightedCentroid_2,channel_2_WeightedCentroid_3,channel_2_Ratio_MaxIntensity,channel_2_Ratio_MeanIntensity,channel_2_Ratio_MinIntensity,channel_2_Ratio_WeightedCentroid_1,channel_2_Ratio_WeightedCentroid_2,channel_2_Ratio_WeightedCentroid_3
1969,20.3499238191976,194.846622651092,9.47790756729304,15.5506673484893,53.4481233132998,8.99944476897068,6.67517436444897,25.3291177188977,-21.8596957055275,93.0146457823894,0.838875891839352,0.397056517201224,0.372335010761499,0.313575514564458,0.206606283181284,-0.926814026876833,0.444924302276653,-0.894237085955425,-0.0488098283707674,178.543867857107,5.0618753843596,2.78487204973729,0.714960058097313,1171.83576565634,21.6857032689259,197.764620196221,10.8012652985448,35.5627221940071,0,456,0.648307709653683,1,0,38,3.022582,3.605551,2.236068,460,45.00406297613,0,19.6238023766265,192.99799126539,8.51471003125952,461,20.5539695189646,0.00304878048780488,18.6882966307402,190.749024883962,7.50688185691744
668,122.342814371257,622.170658682635,2.59580838323353,10.8457422719456,34.9528871457596,5.85246845725812,5.1019731322703,-29.7983847868758,-1.69354285827074,-4.56952183021657,-0.867400414533422,0.49673242886179,-0.0295535951165644,0.497413076818563,0.863851072674723,-0.0796338825414243,0.0140268270516576,0.0837748074053176,0.996385984328897,76.3565199890128,2.14071169020008,1.6268831151505,0.829813664596273,542.421307438888,121.907887929198,622.952960940781,2.22327727358496,245.941616766467,0,906,0.68128949365009,3,0,24,2.629087,2.828427,2,361,59.2574850299401,0,122.515309215845,622.077303961196,2.2125606305578,143,2.26348013838588,0.0014792899408284,123.600198161536,619.987944057275,2.84463949579216
913,179.3713033954,852.649507119387,8.986856516977,12.0362366608596,176.542465494949,16.8986491462702,7.87336101090054,52.5733450115531,-9.24868504422603,5.04902240543048,0.599844693538418,0.783808301166123,0.160719913691111,0.799646896065986,-0.594154436583472,-0.0868639574289049,0.0274077588619698,0.180624064042566,-0.983170261065148,1947.95263268971,17.8477714355461,3.87436335049848,0.0529428819947811,461.922636941399,184.79730821746,856.108925237551,9.89622054411532,117.92004381161,0,1022,0.985285436979486,4,1,38,2.04378,3,1,159,2.27382256297919,0,174.533718689788,848.529865125241,7.67148362235067,41,0.662884450022229,0.000977517106549365,175.848581832125,849.832005357784,8.66219613290565
3701,180.384220480951,866.706025398541,10.067279113753,19.1914072268269,95.5300635026929,25.6089097755729,9.62984857756262,69.3255618115361,-11.9938945967082,-1.78593524650097,0.345350138869769,0.915177218706191,0.207807458826271,0.932860616611107,-0.358945304231606,0.0304850544697771,-0.10249073889175,-0.183327376382472,0.977694595213732,570.374564551784,40.9885162433396,5.79587397667403,0.254802065404475,2345.25106765122,188.973026214696,871.825790589754,12.5876455945173,175.838962442583,0,1644,0.493371629164615,5,1,99,2.678395,3.605551,1,189,2.89435287760065,0,183.191280806572,868.933065720687,10.7450522778193,121,0.935619074361461,0.00060790273556231,172.422509973318,863.07913424037,7.54839025164662
394,162.043147208122,871.192893401015,5.23857868020305,9.09562471688421,25.9078285786425,6.23350095151057,4.70944337896838,47.4446205941183,-14.0564579297293,83.4602652639571,0.65605189626773,0.714567171405686,0.242877884857377,0.247085858597175,0.100719931858493,-0.963744817785142,0.713123052414387,-0.692278305940391,0.110481940784407,41.9509738537702,2.42853338203019,1.38617855873181,0.584569732937685,400.028032606823,163.882504908546,872.677138231546,5.91974096655299,73.6827411167513,0,885,0.649717422519498,8,0,13,2.028343,2.828427,1,70,1.43401015228426,0,162.449557522124,871.759292035398,5.56106194690265,65,1.07795864652363,0.00112866817155756,160.562494126967,870.033155205116,5.16881497787277
569,165.859402460457,377.70474516696,3.62038664323374,10.2810597081886,10.9871942598054,10.182347242118,7.4828009221007,-50.0179499957758,-6.53620579976509,-6.33302396384737,-0.638371106475212,0.761265278899368,-0.113831039527368,0.769637872487499,0.629005192366218,-0.109590205808972,0.0118269036746474,0.157567900026004,0.987437330280189,7.54490235641882,6.48001220994176,3.49951935248694,0.94205298013245,348.385663528349,165.803118043748,377.670050844812,3.32610499166277,213.959578207381,0,797,0.9531590163993,12,0,1,4.89898,4.89898,4.89898,3818,1369.19683655536,274,165.791113284634,377.634554143193,3.16268822048768,2098,45.0272522067382,1.14634146341463,165.406245280687,378.085766155461,4.2559458652979
2746,176.437727603787,925.0524399126,4.30225782957028,17.3740327916802,52.3056766061786,20.2425055499042,7.75479057048917,-87.463152402955,5.61703039875093,-5.48764585815802,0.044049348079749,-0.994223019447857,-0.0978787133841481,-0.99402699373662,-0.0534100967265289,0.0951719354148085,0.0998498405441228,-0.0931018215055427,0.990637199067178,170.992737826884,25.609939433619,3.75854854950923,0.491234347048301,1727.8026238459,180.524919979178,925.22726467233,5.12153750733755,65.7603787327021,0,859,0.548854232001365,13,1,73,2.839451,4,2,188,5.44938091769847,0,178.516974071104,925.96304464047,4.4185378241112,112,2.11397813484583,0.00116279069767442,176.569287906407,925.15301347058,3.81918507580715
493,233.839756592292,435.632860040568,5.52332657200811,9.80127931144109,10.4647010561897,8.82365916620727,8.23168897752874,82.5146365367785,52.6347205209739,38.0854680040407,-0.0790618941685014,-0.601722474359553,0.794782536761538,-0.716517650511386,0.588609564654218,0.374354426851366,-0.69307407497044,-0.539878545830624,-0.477681360695264,6.84437301221357,4.8660600675871,4.23504396392301,0.83843537414966,334.376178469014,233.772374547336,435.399896533885,5.97309881013968,3.92089249492901,0,217,0.902568295542351,14,0,6,2.744934,3.316625,2,128,10.5760649087221,0,233.935366321442,435.62830840046,5.69198312236287,129,10.3829499219439,0.00458715596330275,233.945489142878,435.577570575521,5.65270177386101
858,255.47668997669,128.221445221445,3.32983682983683,11.7895226687927,33.1074814693316,6.89817963734408,5.84130104960463,86.994053566908,1.6420439485294,-74.0087587188396,-0.0524180646024184,-0.998214019567166,0.0286551503729681,0.27655587530143,0.0130617982210565,0.960909068155511,-0.959567191154219,0.0582937438049155,0.275377277736582,68.5065830776336,2.97405514431678,2.13254987200701,0.859719438877755,596.951397326874,255.213747710427,128.107682695106,2.82975846072205,136.170163170163,0,896,0.731481494052195,15,0,23,2.962702,3,2.828427,233,24.1794871794872,0,256.304155017835,128.311288923166,2.62653041550178,215,3.87559713185015,0.00111482720178372,258.81771441969,128.576449794502,3.12418469399408
1344,259.778273809524,399.35193452381,5.54613095238095,13.691999737378,21.3736902700532,14.6590277725768,8.5502541334075,-32.9229900693292,16.8668060030085,16.4109526479269,-0.803292324112322,0.520130449505438,0.290147820118461,0.590177744146103,0.760650826214153,0.270371135468163,0.0800729188729913,-0.38842584372953,0.917994385378343,28.5521647350105,13.4304434523235,4.56917785911576,0.637873754152824,890.432801941114,260.057763254981,399.226836723938,5.39706967429114,7.05877976190476,0,225,0.661427864323303,16,4,39,2.261614,3.464102,1,306,20.6138392857143,0,259.512578956867,398.986284064248,5.35975455693918,221,17.1054635876683,0.00740740740740741,259.438651244095,399.087000230913,5.37558178995401
1899,266.004739336493,191.101105845182,4.7288046340179,15.3641585713306,48.6331276023487,9.83429114307553,6.15580734930607,-29.6606840214539,-3.55509392043002,91.425512565391,0.867299071962122,-0.493910206413153,0.0620082879505593,-0.0661775990564044,0.00905840195071033,0.997766741647179,0.493368873315669,0.869465728683434,0.0248294480045647,147.823818774146,6.04458014292337,2.36837275761066,0.814671814671815,1132.26209602852,266.369694737439,190.573138351695,4.43871678013162,130.103212216956,0,773,0.654968578067193,17,0,33,2.813042,3.162278,2.236068,189,14.9173249078462,0,265.992445636826,191.225148263202,4.41979666760802,190,2.24013882031188,0.00129198966408269,266.524342689604,190.436295379706,5.11024865157193
478,283.928870292887,414.169456066946,3.09623430962343,9.70084930238511,14.8984959311121,9.22392083938091,5.94798290779746,-6.50395954570819,-12.7177638715294,-2.31942919772703,-0.969188264449764,0.110492902263172,-0.220148646605686,0.122031286716165,0.991740830086651,-0.0394777279163398,-0.213968392794944,0.0651263732177716,0.974667164931828,13.8728238130851,5.31754472819783,2.21115629196567,0.783606557377049,361.828938519555,284.168717948718,413.947948717949,2.78397435897436,16.3179916317992,0,290,0.817082841956701,19,0,6,2.868965,3.741657,2.236068,1271,371.15690376569,0,284.369662877016,413.439308280678,2.28474801733808,1136,236.612474960303,0.0285714285714286,284.359130522332,413.357592550258,2.44373802110774
665,294.384962406015,492.144360902256,6.38796992481203,10.8294817643945,15.4645401733522,9.31288140577989,8.24771952927467,40.6069010431182,-40.8325268401463,62.6803756427838,0.574423572698813,0.492460573137847,0.653850245111734,0.739747560601664,0.0296662401354004,-0.672230214123195,0.350444154911761,-0.869829005092939,0.347255520024102,14.9470001733265,5.42061000488255,4.25155483959867,0.708955223880597,448.930924681245,294.591971626632,492.158794131872,6.30743188779623,9.32781954887218,0,302,0.820702390614235,20,0,12,2.551305,3.605551,2,155,13.7864661654135,0,294.620527923211,492.642561082024,6.24116492146597,122,11.9210964895396,0.00495049504950495,294.516208362433,492.490484184362,6.2162259610707
878,312.194760820046,421.374715261959,6.60250569476082,11.8804246590224,14.635358452799,9.94746945009565,8.67884049718447,-35.4470903805616,36.0510393339246,-77.6515660603643,-0.658640028637791,0.468886297244388,0.588505694902314,-0.344309404349894,0.507626675703395,-0.789788700976749,0.669062289142222,0.722814497897467,0.172901286510548,13.3871073151198,6.18450927878664,4.70764202347307,0.899590163934426,471.620670951593,312.079494028768,421.427064687577,6.6729821276127,124.076309794989,0,546,0.940201565447192,21,0,1,4.358899,4.358899,4.358899,1866,658.937357630979,85,311.875595241182,421.594005327139,6.14149757928051,1452,79.0204680513174,0.552884615384615,311.805812284685,421.729933950017,5.6412797310663
1694,304.194214876033,367.180637544274,8.89197166469894,14.7901164885818,33.0854304389087,11.4675964171737,6.82088024541509,-70.1542989556446,-25.1946852716289,-104.974752695744,0.307191596138632,-0.851126773801148,0.425695358420373,0.103436768952215,0.474536831733941,0.874137077440741,0.94600959725075,0.224495011630021,-0.233811530217633,68.4153567079915,8.21911047419844,2.90777545764337,0.796801505174036,931.845232901154,305.203847054538,366.9760941403,8.7822582743547,90.7485242030697,0,577,0.737478347736271,22,0,21,3.198778,3.741657,2.828427,368,28.7184179456907,0,305.657505806903,366.776377726161,8.47752266233633,369,6.34280106914236,0.00201207243460765,304.762430725487,366.914843927505,8.65130958286784
1339,330.769230769231,362.723674383869,6.35698282300224,13.6749994718975,13.5479173598393,12.9376143275469,11.7780230828115,43.8283281265988,-35.6976611867272,5.85089005304978,-0.585868801647318,-0.562384289674734,-0.583508061626727,-0.731804332042918,0.676467939452543,0.0827861491799784,-0.348166866401091,-0.475515549293475,0.807876720496741,11.4716290493147,10.4613665305217,8.67011423370259,0.870045484080572,641.58048041571,330.828205926208,363.088284614063,6.85767671090342,321.554891710232,0,1229,0.91570032168588,23,1,11,3.556705,5,2,1185,514.35997012696,57,330.823727218873,363.015293410461,6.3312163873111,833,6.59612457197173,0.141025641025641,329.58916572757,361.106288093085,3.52357403244856
567,343.566137566138,375.26455026455,3.54673721340388,10.2689998030335,11.4190465139844,9.91674445100979,7.40275183771639,35.6975120674781,-7.32111153391978,-6.95546514903707,0.80548819320917,0.578748948625456,0.127430079124026,0.566679619826837,-0.815136588344601,0.120110577447768,-0.173386790366333,0.0245356232212064,0.984548131946635,8.14966395553364,6.1463637816646,3.42504592317584,0.964285714285714,348.281333699826,343.599779113007,375.083612819552,3.0859736759446,174.061728395062,0,671,0.951209030909905,25,0,1,4.89898,4.89898,4.89898,1401,596.144620811287,92,343.493094960564,375.13397669919,3.03470862153639,1150,26.7458681193718,0.345403899721448,343.32537562467,375.659275080381,4.17932275303754
691,344.20984081042,632.995658465991,3.07091172214182,10.9688174402794,18.101587313808,8.96150329732821,6.53144979157375,24.578654145048,-2.54887872263965,-6.74627762291551,0.908491424395151,0.415530508848815,0.0444716540766681,0.408311224565105,-0.905267562000254,0.117356657605184,-0.0890240175155824,0.0884592414955075,0.992093587772557,20.4792164549635,5.01928383425152,2.66623977374055,0.880254777070064,448.370802414796,344.177687733318,632.704560376686,2.72639615810306,77.1447178002894,0,460,0.843008911309166,26,0,3,4.082071,4.123106,4,2023,906.6497829233,73,344.014893973615,632.610458184024,2.63807851618928,1775,180.490017356007,1.45341614906832,343.821928729073,632.774119741437,3.16301889733857
811,351.087546239211,502.413070283601,4.44759556103576,11.570196745193,13.3077468699084,10.4229295318061,8.45040050096463,17.8437239159584,-10.3956340920487,-26.7611652538564,-0.936270673998315,-0.30139196529194,-0.180444197103157,-0.196260710887048,0.874835907120357,-0.44288132606265,-0.291339936110468,0.379242691255037,0.878234605761345,11.0685079220973,6.78984125156221,4.46307928916895,0.935409457900807,440.074409982986,351.177432221263,501.906677885719,4.21503425817661,112.837237977805,0,750,0.955664041518045,27,0,3,4.666,5.09902,4,2055,729.985203452528,174,350.976225385039,501.882395467705,4.00069085737258,1480,95.3407815684211,1.04228855721393,350.576303060602,502.619340105408,4.44638193804475
558,352.388888888889,596.10394265233,5.13799283154122,10.2143764305724,11.8995326139131,10.6795466580824,7.75356581090433,-20.4364714339421,-29.3079934895796,-87.4170569765415,0.817117174487041,-0.304475364771702,0.489504111734982,-0.473964152199636,0.128516656435331,0.871115062117722,0.328142508047944,0.943810479527443,0.0392972409487349,8.84992977684888,7.12829480138491,3.75736142400153,0.757123473541384,399.706646250435,352.488489871087,596.279005524862,5.01266114180479,7.78494623655914,0,244,0.820034682417796,28,0,6,2.533257,3,2.236068,242,20.6290322580645,0,352.533576578925,595.550777517157,4.75788376335679,243,17.115233298178,0.00418410041841004,352.432938937103,595.554106170734,4.69774439939939
739,356.169147496617,385.362652232747,4.48579161028417,11.2171347930222,14.389972719406,9.45698235995685,8.8837368468745,-28.4163150446138,14.3532462215158,126.922318602979,-0.852059779589565,0.461020610058192,0.247899433455086,-0.111568113414055,-0.622661837031474,0.774496476927958,-0.511416354915454,-0.632259625317134,-0.581980307329061,12.941957179078,5.58965720978344,4.93254877278223,0.811196487376509,467.189123366814,356.288762446657,385.482752489331,4.14918207681366,7.61028416779432,0,172,0.846098697859445,29,4,13,2.645312,3.162278,2,204,19.0879566982409,0,355.941088898341,385.05650077981,4.46384517226712,205,16.6651176984534,0.00578034682080925,356.021665568779,384.980510837995,4.54956545712213
630,352.114285714286,567.560317460317,3.65396825396825,10.6360566638732,16.0790351857076,10.0120468063916,7.32418750512575,35.9896641972063,-1.52659759371424,23.8228167822499,-0.808835828361781,-0.58743072763677,-0.0266410019790257,-0.546278396143599,0.733861510648177,0.403766265425867,0.21763390513679,-0.341134025593034,0.914474198606829,16.1584607814515,6.26506757833607,3.35273266314001,0.743801652892562,457.054224602874,352.329179882193,567.564114182148,3.64997734481196,7.00634920634921,0,222,0.777577042690107,30,1,14,2.428534,3.162278,2,260,24.0380952380952,0,351.850039619651,567.793779714739,3.07276809297412,261,20.924762829889,0.00662251655629139,351.839614710492,567.613556126076,3.12446063071548
465,363.260215053763,576.027956989247,4.80645161290323,9.61209623372181,12.260319456136,9.82777105402689,6.58296244932417,-0.0559171041251368,-46.6331295022086,57.1310942025668,0.686666949756902,-0.000670144290651603,0.726971836468362,-0.610064250505692,0.543314354736295,0.576741815886807,0.395360734477364,0.839529072066068,-0.372667179651504,9.39471457290663,6.03656774314805,2.70846216307576,0.817223198594025,337.871104844438,363.102290555381,575.781926576718,4.34672105428302,6.85376344086021,0,272,0.859082833944907,31,0,9,2.512419,3.162278,2,242,26.5849462365591,0,363.21113088497,576.160896295098,4.42242355605889,243,23.137616919735,0.00366300366300366,363.294789846213,576.208987641637,4.6158997453388
547,365.323583180987,608.755027422303,2.80255941499086,10.1468109290231,15.7107148161919,9.06196533122695,5.81617780753819,45.2944326391974,0.919060661614565,-5.97658740141888,-0.703373267643452,-0.710639688220749,0.016039946698469,-0.708042825162613,0.698453106770766,-0.104108671002999,-0.0627806028986644,0.0845842252892379,0.994436576525572,15.4266600022319,5.13245097902244,2.11424526805623,0.933447098976109,373.795466448947,365.568057300829,608.91382885147,2.44905126916311,290.968921389397,0,1002,0.86531648794497,32,0,5,3.918684,4.123106,3.605551,2080,906.800731261426,105,365.337321075763,608.709160920931,2.39058304100641,898,19.0911505055825,0.574803149606299,364.129971698464,608.193855145158,3.69530257301487
658,366.329787234043,492.174772036474,3.32674772036474,10.7913494706081,13.6765985952881,10.3941673021106,6.94938720892148,-22.4864686206634,-8.42167854316976,-4.83682365821993,-0.914006707392901,0.378341105265726,-0.146457321111292,0.392513354304279,0.915956437379702,-0.0834090613511945,-0.102591449612487,0.13372289590415,0.985694263743792,11.6905843210397,6.75241961901652,3.01837391122009,0.928067700987306,403.33830862418,366.289861095718,491.798200894012,2.84822121245705,164.553191489362,0,651,0.907051433716176,33,0,1,4.89898,4.89898,4.89898,1148,420.615501519757,52,366.283731685726,491.890260690477,2.92101241125142,744,22.2624567707985,0.27536231884058,366.696436843412,492.828053258175,4.12779233579371
914,371.421225382932,382.663019693654,6.26258205689278,12.0406294483521,19.2917711743406,11.3213737950421,8.48451471108602,-25.9363260580321,25.1015631043521,157.519609358702,-0.814350101430713,0.396065400886174,0.424224127697449,0.258264550678228,0.901890583255864,-0.346255393744806,-0.5197435272928,-0.17241106129037,-0.836744340752878,23.2607771901949,8.01084403794159,4.4991868676647,0.658976207642394,679.291651742987,370.73781639592,383.351718927087,6.01001133358519,5.79212253829322,0,142,0.670489494716976,34,9,33,2.065568,3.162278,1,163,13.9551422319475,0,371.764249313995,382.970050960408,6.23112504900039,139,12.711563004997,0.00704225352112676,371.77139609495,382.953101065279,6.26959212436655
655,384.770992366412,320.880916030534,6.43206106870229,10.7749242557676,12.1711151669552,10.2844074269256,9.39656950713402,-75.1641946984093,16.8887243134996,118.90195243562,0.245006662141383,-0.924972116196454,-0.290513889109269,-0.402079186287026,-0.369603413318147,0.837690661771002,-0.882215429167446,-0.0884302048093854,-0.462467334431599,9.25850277545538,6.61056475768763,5.51846990640006,0.746864310148233,430.587386394262,384.885177716158,320.430552054449,6.7402319132846,12.1129770992366,0,190,0.847065553092165,35,0,5,3.128236,3.316625,3,451,77.6473282442748,0,385.144143612733,320.356121827012,7.02552153994377,452,56.582395189099,0.015625,385.057675726978,320.529865337642,6.84169160475688
431,393.160092807425,439.716937354988,2.81206496519722,9.37186914138252,12.1074660880244,9.32789068636059,5.81968714308182,-43.3086906198304,-0.440231295907955,-8.20794918640231,-0.727647245204122,0.68590848643086,-0.00768340998382568,0.679700579559759,0.719462384217946,-0.14276203921756,0.0923937697736127,0.109102822775382,0.98972721765619,9.16192094204126,5.43809654104329,2.11679740270949,0.918976545842217,306.569584197001,393.251179579126,439.691032839483,2.4534891950552,196.696055684455,0,733,0.900063685513097,36,0,1,3.605551,3.605551,3.605551,1913,971.925754060325,148,393.261148245405,439.696839341132,2.46949391262831,963,28.370403302669,1.04581673306773,393.000509968456,440.348987072901,3.08678176263762
424,393.540094339623,307.150943396226,3,9.32085484635786,11.3015799964274,8.9831203575531,6.2900662379411,-55.0498177293905,0.153878229102853,2.92887913146954,-0.572861914520694,0.819647493757281,0.00268567851639786,0.818658377858529,0.572003186057894,0.0510961397921624,-0.0403446062532107,-0.0314696856836389,0.998690127932206,7.98285690097805,5.0435282098928,2.4728083298554,0.929824561403509,295.192444574434,393.38113714371,307.109515992638,2.67825697657066,237.063679245283,0,765,0.924604759433055,37,0,2,3.802776,4,3.605551,3523,1731.66037735849,472,393.400908986903,307.169023349822,2.64918880341694,1836,36.1470025083998,1.91359773371105,393.285993712312,306.986778847253,3.35613891223814
784,390.494897959184,530.183673469388,3.95918367346939,11.4403456681555,17.9674081835296,12.6737939156618,8.06989472952409,89.2644582580186,-4.62470308255728,-0.796780635048155,-0.0127954770807957,-0.996662075137765,-0.080628678200495,-0.99980652029951,0.0139571610839666,-0.0138607222417389,-0.0149398036419913,-0.0804357236342184,0.99664782979274,20.176734802098,10.0390657635416,4.07020005910004,0.633791430881164,586.36673138376,391.381550916063,530.281423093311,3.67128248828291,5.98724489795918,0,226,0.70122734660686,38,4,22,2.310151,3,2,203,17.7844387755102,0,391.189198881159,530.014128953597,3.97231585741949,204,16.1060642942914,0.00625,391.218877022408,529.935090427927,3.98392929179436
1063,391.818438381938,628.682031984948,7.67544684854186,12.6622693462055,15.2689064731513,11.2733004134698,9.17659592916859,-46.6814647208402,-62.8266770119619,-3.33132711415647,0.313309609934424,-0.332260663339943,0.88962910244643,0.761787831561724,0.647282815291069,-0.0265378355061845,-0.567024151167501,0.686023183737815,0.455912056615096,14.5712190553651,7.94295638827108,5.2631195529521,0.852445870088212,563.041991515982,391.860929505988,628.688707237848,7.86532659993884,113.818438381938,0,536,0.894606773044245,39,0,7,3.035126,4.123106,2,1623,754.761994355597,132,391.79286113133,628.47004407263,7.35452292873595,1352,87.9139159026301,0.995565410199557,391.851852774589,628.247328000912,6.29738447490543
668,394.170658682635,139.941616766467,6.19910179640719,10.8457422719456,11.5949068173136,9.55610167951374,8.60756948276221,-55.8638370013313,-58.0910308229492,43.494877426153,0.296613835796465,-0.437501743035885,0.848888954607533,0.272571564389258,0.890700242804027,0.363810142457903,0.915273169442052,-0.12347186849404,-0.383444550085264,8.40261650638655,5.70744245682533,4.63064077503621,0.925207756232687,380.045995773843,394.145522558575,140.062469398547,6.49427140796062,229.309880239521,0,805,0.972371612908582,40,0,6,3.587558,4.472136,3,2813,1416.08233532934,445,394.043923365361,139.906710023754,6.08962485054596,2009,43.4334877248439,1.5,393.985205453178,139.279837647224,3.84432061583118
662,397.527190332326,353.105740181269,3.82326283987915,10.8131722792263,12.0138091350666,10.2856769971677,7.83583181626222,-52.4646457127844,-8.4952201648127,-0.558817970159577,0.602566266626993,-0.784277155363993,0.147726903092738,-0.793817640092767,-0.608079359947118,0.00964605016847342,-0.0822645038929736,0.123080606029004,0.98898115038598,9.0207256208631,6.61219695562907,3.83751626579671,0.943019943019943,384.264161325084,397.349278492785,353.272402724027,3.59309093090931,201.407854984894,0,893,0.955930318228061,41,0,1,5,5,5,1477,566.537764350453,24,397.449795759476,352.93921578038,3.46371664426953,890,25.3166136675201,0.342042755344418,397.76054063682,352.388519913624,3.95472701598427
723,401.103734439834,253.171507607192,4.91839557399723,11.1355898121084,11.9672385786772,10.255321796088,9.09385731937539,-78.2351208945857,-13.5350116765935,7.80947710548472,0.198233206463689,-0.951803081407093,0.234039505381223,-0.96342864184889,-0.233138031345245,-0.132105678930416,-0.180302101818939,0.199292630481979,0.963210049529824,8.95092494993624,6.5732265713323,5.16864005907234,0.865868263473054,424.976017830743,401.160937280763,253.169075347271,4.88003367475796,9.85753803596127,0,221,0.916667639402005,42,0,2,3.162278,3.162278,3.162278,111,9.11065006915629,0,401.012145134356,253.296948534993,5.01001973584333,112,8.3320796519124,0.0045045045045045,400.924193992713,253.257823867196,4.9469647926745
759,410.272727272727,310.62582345191,3.72463768115942,11.3174274165419,14.9578268335399,9.75161863853692,7.69778250814409,-57.0470054800695,-3.06629768493609,11.8448756573211,0.543172035917892,-0.837915750169364,0.0534914480541019,-0.815277251759857,-0.541581754602282,-0.204968792368027,-0.200716571711721,-0.0677229554879697,0.977305714267684,13.9835364738854,5.94337912946629,3.70349097141807,0.910071942446043,441.270039364126,410.431309179933,310.502299193016,3.35563658501833,203.428194993412,0,797,0.911886669519787,43,0,2,4.357388,4.472136,4.24264,3263,1374.51251646904,223,410.297962626587,310.378362912231,3.24146253792218,2366,60.4985248376135,1.17021276595745,409.367172061138,310.605568194926,4.18296723151344
476,415.525210084034,607.798319327731,4.26890756302521,9.68730061254379,13.3017808568274,8.55556775107943,6.7919783124933,80.3027008127771,-13.9314959547807,-64.8228755806393,0.163488045518775,0.956715999035425,0.240761616878814,-0.382637598341401,0.286433863351084,-0.878375836565019,0.909318496077131,-0.0514795018956321,-0.41290402465537,11.0585858726913,4.5748587214569,2.88318558733621,0.824956672443674,339.529896499801,415.563395040168,607.959832343695,4.3684945860985,6.01470588235294,0,213,0.868315203488097,44,0,3,3.108185,3.162278,3,262,21.7100840336134,0,416.156183472034,607.923843622992,4.40400619314883,263,19.736425846925,0.00826446280991736,416.136421048784,607.883112193558,4.36771266389657
530,415.015094339623,500.87358490566,4.07735849056604,10.0405865108726,14.0161872301165,9.64672770511505,7.59865778041385,54.9935495911647,2.25857773076089,45.7926956068573,-0.573222997622649,-0.818451155192574,0.0394094095419622,-0.554908189001845,0.423133021996115,0.716264858467263,0.602903223390949,-0.388710885183804,0.696714827576123,12.2783440293551,5.81620971353965,3.60872500399025,0.69828722002635,403.77882702461,415.182520521487,501.209077740222,3.89956542732979,3.90754716981132,0,158,0.784376358750274,45,0,11,2.463502,3,2,237,19.1924528301887,0,415.296401887534,501.088183248132,4.02064490758946,238,17.6151161686117,0.00952380952380952,415.178143300699,500.989350572007,3.9546837936255
1028,428.693579766537,332.170233463035,6.49416342412451,12.5217442926204,18.2741273812631,11.1672122971151,7.38002983153219,-65.129033897524,19.6620017420885,-97.9072223561737,-0.396053971750819,0.854358617990966,0.336470806051535,-0.264976952618348,0.244504747086901,-0.932740394339746,0.879163503588209,0.458572546623256,-0.129548266842773,20.8714832216643,7.79416440555249,3.40405251964406,0.863865546218487,559.433528228576,428.739168282112,332.053766560891,6.63372803714085,157.566147859922,0,814,0.880503411766904,46,1,10,3.533508,4,2.828427,1181,426.619649805447,28,428.330327317501,332.318641478458,6.03630476668225,853,33.9842918679766,0.223628691983122,427.593857576094,332.832094398551,5.40972063873169
1699,438.286050618011,620.535020600353,5.07121836374338,14.8046536676752,26.5867827556356,10.3251961255786,9.33669911810355,38.5249291166606,-8.77257429404613,94.6453993221005,0.773185055863058,0.615568615118713,0.152512784614503,0.0684802444086999,0.158041798711203,-0.985054945668439,0.63047230352789,-0.772073875960687,-0.080041267751565,44.1785635809602,6.66310468947898,5.44837190137472,0.86949846468782,829.884083166902,437.109675696261,619.359177395184,4.70231518346877,119.003531489111,0,629,0.829715000828931,47,0,12,4.190418,5,3.605551,1660,482.021188934667,8,437.269493768881,619.396702378888,4.43938975815492,1034,55.6331304034289,0.12037037037037,439.151853079837,621.475168098316,5.09956315400183
1043,448.735378715245,644.744966442953,5.64237775647172,12.5823538734575,13.6949691445793,11.9876500716653,10.3282548517974,-11.6189538235439,9.93354878139672,10.9095320287211,-0.964824360511401,0.198382639915439,0.172505888432676,0.229741323068043,0.955230829833099,0.186421528293583,0.127800148038689,-0.219495762866965,0.967206664702399,11.7220112419361,8.98148464004352,6.66705301772975,0.777777777777778,583.620293822463,448.326427921417,645.063018575023,5.08840533162036,71.6433365292426,0,485,0.852203431357106,48,0,3,3.361485,3.605551,3.162278,1885,833.886864813039,125,448.485479635387,644.879554213654,5.19092629555363,1621,205.465533433227,1.33458646616541,448.911018945875,644.770457007502,5.73534849165951
959,457.762252346194,408.973931178311,6.76225234619395,12.2350757250074,12.9821088356822,11.1520951183093,9.86898902357319,26.7510304150598,1.98409276489902,-39.700994855004,-0.892435492766343,-0.449844646772623,0.034622030860535,-0.366061759398661,0.67708678134186,-0.638398213373186,-0.263737899356257,0.582403025663615,0.768927198206056,10.5334468638435,7.77307659548866,6.087309021713,0.896261682242991,499.880665201822,457.702236700141,408.991036600548,6.72840069715329,50.2565172054223,0,797,0.940799021118983,50,0,1,4.123106,4.123106,4.123106,1117,474.613138686131,82,457.572210724282,408.91978319426,6.63407549972097,922,149.434348963739,0.726817042606516,457.507919994674,409.049368515444,6.67625665631871
733,461.37653478854,432.211459754434,4.5525238744884,11.186694657504,19.5631903292571,9.30162883913175,7.28567989750235,-5.7927968748029,16.1603029935186,19.4493806644842,-0.955581936057907,0.0969431013614198,0.278325705924287,0.187373635178418,0.928767019434857,0.319817048404425,0.227495679782822,-0.357762293581258,0.90567756788585,23.9199009911711,5.40751869131047,3.31757072305436,0.70616570327553,502.055380953501,461.383835078534,432.493782722513,4.24116492146597,4.16916780354707,0,106,0.783072215337601,51,0,15,2.403374,3,2,184,14.2005457025921,0,460.947257181285,431.998366797963,4.40215198386012,185,13.2107990832603,0.00952380952380952,460.907510701635,431.782129130428,4.4672641954367
521,463.41650671785,558.391554702495,2.86756238003839,9.98342823352735,16.4044006525843,9.13407054857067,5.97733924512963,0.918610751752412,3.79393178362439,9.08936537586096,-0.997680241148334,-0.0159969606709189,0.0661682225202973,-0.00537921488875832,0.987483818940176,0.157628586806158,0.0678616273705771,-0.156906993408895,0.985279145699328,16.8190225481567,5.21445279914164,2.23303652821042,0.819182389937107,395.934552536398,463.341888886112,559.243046010047,2.4137155424487,76.8003838771593,0,432,0.790834978437601,52,0,10,2.251738,3,1.414214,1004,257.777351247601,2,463.38265997528,558.588971124778,2.54477967565636,553,58.1199323598356,0.145833333333333,463.336985060217,558.100347766898,2.9558298887284
460,464.84347826087,345.160869565217,4.50217391304348,9.5775200491885,14.6513794317312,8.62413372156963,6.58579265089414,-12.4885776767238,-37.5577288402033,-53.7790803164331,0.773982672174046,-0.171425952005069,0.60956046964471,-0.607903385284792,-0.470578502978785,0.63953838562946,-0.177212576680137,0.865545501700172,0.468430023752732,13.4164324532848,4.64848015296965,2.7107915525357,0.783645655877342,352.613036163049,465.170297637312,345.648358392145,4.15526235041424,7.08478260869565,0,185,0.817255116262768,53,0,10,2.738905,3.162278,2,257,24.9086956521739,0,464.809478093908,345.083347879211,4.36646884272997,191,20.9562100136644,0.00558659217877095,464.831453207739,345.203466223238,4.61955646141288
715,471.374825174825,653.248951048951,4.15384615384615,11.0943655946435,18.3033165349183,8.7699612785092,7.93994783184966,34.4329811355325,2.07183240525707,-62.5616052140316,-0.824248975812922,-0.565072233083427,0.036152417200768,0.287016324884225,-0.361915448132721,0.886926624728813,-0.48809349014436,0.741424695974582,0.460493393087997,20.9382122610885,4.80701380165942,3.94017322328087,0.74869109947644,505.273653507575,471.355788333032,652.960086689543,3.80729636987538,7.74405594405594,0,140,0.765293748358676,54,0,12,2.517644,3.316625,2,215,17.9538461538462,0,471.443172080704,653.769104931059,3.98800342759212,216,15.6401974361333,0.00763358778625954,471.391527836201,653.854471753969,4.05487613835391
373,483.552278820375,352.766756032172,2.33780160857909,8.93106814652056,15.0896596421395,8.58917930088963,5.02887455586058,3.07243465101038,-3.49805962593657,-4.64674614070738,-0.996702115845203,-0.0534985436153551,-0.0610147367504881,-0.0484864033385896,0.995545344967111,-0.0808612070501347,-0.065068893958504,0.0776361510209843,0.994856103712323,14.2311142572258,4.61087506642693,1.58059870616137,0.817982456140351,320.11958147644,483.844899543822,352.266427254198,1.9851499563234,27.6219839142091,0,384,0.782788503274964,55,0,5,2.468482,2.828427,2,1405,560.479892761394,53,483.660770404527,352.249015828068,2.0013058514582,1145,265.885496386521,0.663636363636364,483.444968324274,352.585606645874,2.19461494858659
3055,488.800654664484,526.071685761047,9.75155482815057,18.002695289549,39.2033224645968,22.9940062894317,10.6748623529886,-31.9140897458308,-35.3334888115565,21.5663236034778,0.692484813191832,-0.431270137913758,0.578334549929815,0.311188567333996,0.901798007145185,0.299870021625349,-0.650865930172481,-0.0276843358746496,0.758687760866017,96.0562807664474,33.0452703274015,7.12204289095337,0.413620362848633,1653.18426750633,490.301322206023,523.260459504298,7.48322859584737,65.1096563011457,0,605,0.615890734423555,56,4,48,2.871541,5,1,1869,296.075613747954,0,487.050523431998,521.367399622559,5.35422123114036,1387,58.5540534135729,0.00204498977505112,486.28384509509,522.30795719893,6.3790530781272
514,484.570038910506,635.108949416342,4.07003891050584,9.93851503129119,14.4196670257796,10.5722249652258,6.78183446299602,-39.1207765970406,-31.4363188043553,18.0523310681612,0.661943428764035,-0.538345513090359,0.521550578229563,-0.474509200375302,-0.839603076080493,-0.264400630474601,-0.580234362887365,0.0724622879272562,0.81121963792369,12.9954248208972,6.98574629470896,2.87457991771753,0.693657219973009,398.131891314227,484.290747842761,634.781639501438,3.53475551294343,8.11673151750973,0,149,0.779409874189721,57,1,12,2.395611,3.162278,1.414214,475,73.6342412451362,0,485.450063411541,634.105553794124,3.20798985415346,476,58.0917770533608,0.0114942528735632,485.689247054919,634.152776306716,3.25134306284864
823,489.099635479951,735.482381530984,4.77035236938032,11.6269838966019,18.1541260422345,10.1409510234787,8.7013591748277,77.967056192256,-5.17362967901133,-58.6575194586366,0.207624747718809,0.974043415317498,0.0901742158897117,-0.492667927195717,0.183761515323267,-0.850593921327194,-0.845085958732824,0.132178404297828,0.518033388682528,20.5982682723336,6.42743047878706,4.73210321808489,0.70221843003413,562.775120838281,490.105603448276,735.679802955665,4.7807881773399,3.94653705953827,0,111,0.754656165800751,58,0,16,2.446709,3.316625,2,127,7.20048602673147,0,489.243334458319,735.781471481606,5.14512318596018,110,6.96640246414565,0.0119047619047619,488.887870830643,735.657606974245,5.05803580634968
553,490.634719710669,652.180831826401,3.83363471971067,10.1837759583197,11.3561084899149,9.50706044952065,7.54961744844982,48.4924434910861,-0.258699907446316,-32.9176180068464,-0.662712063878447,-0.748860690524005,-0.00451514981799327,-0.627013513943372,0.558158653260645,-0.543427061455948,-0.409471334433014,0.35730460951151,0.839444246093493,8.06007500216989,5.64901239942749,3.56229522612112,0.956747404844291,339.472198996407,490.68011573702,652.05406419118,3.44441765346765,202.491862567812,0,1000,0.959761515776776,59,0,1,4.24264,4.24264,4.24264,2403,955.802893309222,216,490.643619728356,651.85143569592,3.33813443721515,1342,38.3704449522752,0.787179487179487,490.662530284701,653.525702885383,4.1452339540054
467,492.27408993576,490.706638115632,2.60385438972163,9.6258573065325,13.4121558570029,10.0697235981136,5.22283079642307,20.939858240588,-0.375382351187601,0.631795978280465,-0.933936036218066,-0.357380129057468,-0.00655161111139792,-0.357433543067174,0.933873481512608,0.0110264599018869,-0.00217773821533453,-0.0126397738266309,0.999917743403865,11.2428702957835,6.33745833390034,1.70487259550408,0.903288201160542,337.514644010806,492.422097152241,491.075215090738,2.28669876068436,152.567451820128,0,641,0.862454298133496,60,0,3,3.44907,3.741657,3,1566,638.483940042827,126,492.485987953262,490.760591202393,2.29599358759374,1052,32.7242283615607,0.629464285714286,492.171959430846,489.527578482379,2.88609974568631
680,494.310294117647,584.579411764706,3.75441176470588,10.9103017820975,14.1449595328409,9.90646204727108,7.98375847683675,12.9729477781293,-11.3022669787969,-27.2704883611463,-0.955578057940449,-0.220137405207422,-0.195984943328059,-0.112032875627032,0.886325405481991,-0.449306031982571,-0.272615498388293,0.407390228682191,0.871615736212222,12.5049925116067,6.1336243933764,3.98377496352892,0.851063829787234,431.559061233219,494.398530529516,584.527887364725,3.31285967642694,40.6308823529412,0,364,0.866529116028148,61,0,9,3.305359,4.123106,2.44949,904,226.570588235294,0,494.195744736091,583.935035179271,3.13973699924709,905,84.3179857579089,0.00970873786407767,494.101559414732,583.981141619171,3.49656119468439
1773,492.100958826847,511.777213761985,11.0383530738861,15.0165455491997,22.4448211913112,12.3230631762632,10.0097211009516,-21.9829598259593,-51.5411961042603,-32.1290875297371,0.576732910214498,-0.232815721332946,0.78305554731177,0.703176135933323,0.629391283986169,-0.330771724148424,-0.41583947880089,0.741392913064632,0.526701126188414,31.4856248943709,9.49111787788586,6.26215728242727,0.815172413793103,884.120858923213,492.000456059133,512.242528804867,11.4029755707193,65.545967287084,0,514,0.801268945540186,62,3,25,2.92545,4.582576,1,626,192.917089678511,0,491.981052034545,511.881830301542,10.9514942609387,627,49.2270205921234,0.00671140939597315,492.038424167394,511.429791996445,10.558079172294
758,492.151715039578,220.542216358839,5.02374670184697,11.3124549082495,14.3283835975229,11.816378977803,7.37927586287397,-88.1398376919318,-14.238818520047,61.3706657637503,0.0314630400408312,-0.968768145243966,0.245964139402383,0.471880899867493,0.231331296821411,0.850772735488843,-0.881100728323177,0.0892978827939969,0.464421569995274,12.8314110323603,8.72667575919151,3.40335701627464,0.81505376344086,478.058305637193,491.621232876712,220.485388127854,5.0148401826484,5.77836411609499,0,325,0.84097430573952,63,0,6,3.025497,3.162278,2.828427,98,5.09630606860158,0,493.047113642247,220.628785917681,4.54879627232721,99,4.96057285626849,0.00306748466257669,492.889275694564,220.591714051314,4.42137275553623
696,500.241379310345,419.147988505747,3.20977011494253,10.9952102692651,14.2433993109177,11.2031889745948,6.62942552737606,14.2366157209841,-0.619820605290611,-8.23443059279269,-0.969231668613849,-0.24591248430502,-0.0108176993369961,-0.241889684645071,0.959676380441201,-0.143215310932818,-0.0455999234464349,0.136192124905256,0.989632432823152,12.6796514956407,7.84446520003009,2.74683017643909,0.888888888888889,434.464365149367,500.338374018173,419.1452333282,2.79255544432466,149.264367816092,0,560,0.874183871450843,64,0,2,4,4,4,1890,840.449712643678,181,500.293069699617,418.96856499582,2.7881710154491,1394,69.5546437787306,0.698076923076923,499.852727721674,418.611278919882,3.90389228988399
