Volume,Centroid_1,Centroid_2,Centroid_3,EquivDiameter,PrincipalAxisLength_1,PrincipalAxisLength_2,PrincipalAxisLength_3,Orientation_1,Orientation_2,Orientation_3,EigenVectors_1,EigenVectors_2,EigenVectors_3,EigenVectors_4,EigenVectors_5,EigenVectors_6,EigenVectors_7,EigenVectors_8,EigenVectors_9,EigenValues_1,EigenValues_2,EigenValues_3,Solidity,SurfaceArea,WeightedCentroid_1,WeightedCentroid_2,WeightedCentroid_3,MeanIntensity,MinIntensity,MaxIntensity,sphericity,id,nb_branch_pt,SkeletonSize,MeanWidth,MaxWidth,MinWidth
449,62.8240534521158,504.523385300668,4.99109131403118,9.50056075500365,14.6695830771928,7.34893993152039,6.0783112661319,48.9731117181627,-35.0864806464863,12.8380865364159,0.537133264812927,0.617315806299958,0.574812187695806,0.819380956742258,-0.543650837694452,-0.181820280503203,0.200256594297286,0.568651881177187,-0.797829765347281,13.4497917286663,3.37543238231844,2.30911674049912,0.916326530612245,311.994936977268,62.8303379182468,504.651913886661,5.05685363577786,0.453188292683714,0,1,0.908867984633995,1,0,5,2.994696,3.316625,2.828427
422,81.9075829383886,725.334123222749,5.1042654028436,9.30617631050107,14.7623923268582,6.92705312484262,6.40722333933663,17.3542465571929,-47.8136464360215,20.9578732813589,0.640974649623503,0.200307303113146,0.74096456248566,0.531510490550474,-0.812281417666199,-0.240198869583067,0.553758157479257,0.547791824358238,-0.627117230022785,13.6205142007551,2.99900406214949,2.56578193250875,0.864754098360656,312.03659192581,81.7656413054056,725.043670369182,4.61198559464009,0.223445398435713,0.033034812298334,0.469818497975175,0.871940598290365,2,0,6,3.025497,3.162278,2.828427
865,112.065895953757,436.971098265896,4.33179190751445,11.8214975090979,34.7552788398985,6.76895873069881,5.99774066399285,40.5601113851845,10.4060873097763,-28.8643678604441,-0.747228458373399,-0.639550413026013,0.180623642403673,0.635705450055076,-0.608642365422251,0.474797906254315,-0.193721996085079,0.469605941414143,0.861360579560819,75.4955879524433,2.86367514361898,2.24830581703209,0.741216795201371,646.68017543743,113.254773952324,438.172176000816,3.88902745406419,0.392844904147657,0,1,0.678899228798227,3,0,23,2.427672,3,2
925,137.926486486486,815.636756756757,7.74162162162162,12.088739993517,25.6180468285005,8.2243651318011,7.1063744098427,69.3388392033804,30.2810666307483,-39.5886937034398,-0.304699857723497,-0.80802086122075,0.504242287531856,-0.834455774320363,-0.0287592323025509,-0.550323965733614,0.459174865826392,-0.588451522548328,-0.665494739426143,41.0177702067029,4.22751136382411,3.15628482830421,0.752644426362897,581.579194787326,138.639836853634,815.876628488907,7.22639062743759,0.206218937131156,0.00860717638824326,0.442622649721857,0.789410837740131,4,0,17,3.0369,4,2.236068
1687,353.367516301126,682.183165382335,9.90574985180794,14.7697163020158,55.0136907386045,10.2599467799546,7.31509433377362,-76.8004926952418,18.8989962152352,38.0358634686624,-0.216032790065054,0.921096128150958,0.323900843348736,0.812387854610421,-0.0144521348391201,0.58293834106196,0.541623307565495,0.389066907490095,-0.745165172426831,189.156635542676,6.5791567454688,3.34441281950045,0.490549578365804,1128.27555506821,350.942057016699,682.643559032841,8.988296437802,0.352597904181578,0.0361462469542103,0.962664218876368,0.607405892337046,5,1,39,2.519158,3.162278,2
869,353.50747986191,35.1035673187572,4.36018411967779,11.8396914547115,21.2137164862395,14.1623801009232,6.17350044466635,77.9532504067647,-3.55160536829086,3.28506928227168,-0.20830887952632,-0.976099336998579,-0.0619475182830063,-0.977111488259547,0.204895113791725,0.057193809590632,0.0431340958141273,-0.07244361017516,0.996439347438211,28.1263604474093,12.5358131326891,2.38200673376848,0.646577380952381,624.787450096428,353.201270147219,35.1143687822476,4.50986181901058,0.276020614106706,0,1,0.70485266268883,6,1,20,2.34853,3.605551,2
2851,373.82216766047,254.168712732375,9.9838653104174,17.592714909625,55.053080546948,16.552092045761,8.93336433421801,-36.3407325559924,16.238412830509,113.840432132293,-0.77337264473551,0.568945604757271,0.27963485333947,0.0334892965088847,0.477147278660626,-0.878185026908396,0.633066520512769,0.669799502309566,0.388066240881262,189.427604856796,17.1232344432091,4.98781239549241,0.417606562179581,1770.89006414276,373.394159113175,254.766791293638,9.82394174464407,0.401029583367867,0.0990896827688916,0.834125013337976,0.549065304456145,7,2,64,2.499538,3.605551,1.732051
977,370.613101330604,222.839303991812,4.12896622313204,12.3111506893063,29.324438539795,8.41671310971877,6.57623459959527,-32.2096432281612,-0.170535319342099,-100.967834017412,-0.846099720023355,0.533016326981503,-0.00297639841881583,0.0989386628998316,0.162535347643865,0.981729800785268,0.523761782454575,0.830346828703185,-0.190257034830702,53.7451684796383,4.42756622320698,2.70292884430713,0.763878029710712,652.996882527109,370.521000197563,223.035528141398,4.02294348333217,0.411913586931368,0.162512803004438,0.840427309410229,0.729182200776453,8,0,17,2.646604,3.162278,2.236068
1429,378.794261721484,485.898530440868,7.32260321903429,13.9747657072926,37.1946506584304,9.36444057093517,7.73863052009584,-4.8274728144701,-20.964006416129,-42.2495708914952,0.930492810653857,-0.0785849915750692,0.35778139753295,-0.301998957471166,-0.717352968770332,0.627854559498233,0.207315602422523,-0.692263762806879,-0.691224365670546,86.4651273501671,5.48079670041103,3.74290014540992,0.628961267605634,908.790332230977,378.867628086003,485.394576748206,7.13735493508723,0.473255178460844,0.0911729426148645,1,0.675111094929288,9,3,33,2.878952,3.605551,2
1191,393.816120906801,850.298908480269,5.97229219143577,13.1513715150992,38.2350025124265,18.0474009881563,7.52572819999503,57.701280862937,11.7255371709744,41.0075933682244,0.523183158756069,0.827634883909369,-0.203223722361213,0.56661091140375,-0.515934907008245,-0.642466533609811,0.636577927258112,-0.220978891903094,0.738875410242516,91.369713570329,20.3567926517065,3.53978655876252,0.363997555012225,883.509895472404,393.002699377662,849.956397928667,6.00320094340735,0.248063896258467,0.0099009900990099,0.640704631274938,0.615007691756117,10,0,42,2.373685,3,2
2262,387.678603006189,646.242705570292,4.62599469496021,16.286633597005,62.9476478224603,12.9948217850269,10.1635243597192,-44.6603685591966,-5.85412160053979,116.266833232401,0.707576348500086,-0.69923710119069,0.101996016401259,-0.376128374258352,-0.25049064959929,0.892066074089299,0.598216647311869,0.669568451154747,0.440244173268857,247.65039789878,10.554087076538,6.45607671316288,0.436006168080185,1624.88898547405,390.203171827337,643.831880060368,3.87418817473564,0.573991986511689,0.0967342516638379,1,0.512848193565541,11,10,73,2.239612,3,2
752,392.722074468085,766.509308510638,4.84973404255319,11.2825276390428,20.118147858483,12.8162202226905,6.23320854266151,-22.0874469147739,-14.1854503294242,-45.4123836685674,-0.898356453274949,0.364555472337561,-0.24506119735281,0.425685376795572,0.584854237400496,-0.690461788209237,0.108386543637425,0.724599771310633,0.680593511998836,25.2962420784865,10.2659687997814,2.42830554601927,0.626144879267277,575.984699838939,392.867344322147,766.414564656407,4.67208304210566,0.336713909924152,0.0689655172413793,0.651087052312054,0.69430730990278,12,4,20,2.569615,3,2
666,403.954954954955,578.477477477477,7.93243243243243,10.8349073573685,23.4677417388877,6.94276075848532,6.78547247284562,-8.74929129045615,-38.6226053854317,164.197030900768,0.772182884793778,-0.118840535695935,0.624187887984911,0.314369054693356,0.925150453808619,-0.2127645066004,-0.552182659889611,0.360518466785281,0.751745133156195,34.4209313951956,3.01262043434773,2.87766479248411,0.708510638297872,477.227575655789,403.999904175779,578.404372058719,7.90535882104963,0.422724783508951,0.128675583332892,0.910082780227498,0.772813583075003,13,0,16,2.779122,3.162278,2
941,407.565356004251,373.615302869288,4.01487778958555,12.1580427759089,29.6769193120012,9.34847515574271,6.8104253570625,-12.6021656915701,0.391203041753501,106.90001534985,-0.975885768111939,0.218175043774355,0.00682772807227855,-0.057050022054005,-0.285124337215805,0.956791203612829,0.210694714172445,0.93332939662335,0.290695673890214,55.0449712406895,5.46212423359617,2.89886834650749,0.633670033670034,711.78826740666,407.466740524114,374.027714397304,3.84710930610632,0.454200876050075,0.190599580342446,0.891956378483053,0.652418671593281,14,1,29,2.280374,3.162278,1
1148,416.766550522648,505.617595818815,4.82926829268293,12.9911547246727,34.2804091895245,12.1721825901267,6.57597042525406,-4.1680478627655,-3.56088105280224,-104.974617921131,-0.995429637408366,0.0725416910622671,-0.0621090977786299,-0.0410608207227053,0.262068625184554,0.964175318443413,0.0862197539466839,0.96231893816536,-0.25789225517194,73.4466533875775,9.26012681296148,2.70271168961351,0.554589371980676,900.197289563826,416.797614697763,504.98640139938,4.66309449162783,0.473582303664123,0.195367169506276,0.867705029943652,0.588989675759465,15,1,44,2.009038,2.828427,1
1264,428.630537974684,453.977848101266,4.46439873417722,13.4147572195512,35.3397463490826,10.5328582871733,6.09728684479818,2.30478042267151,-7.33483310813155,159.295674565801,-0.991014673013408,-0.0398860790488766,-0.127667609714584,0.00748183331724452,0.936475794773386,-0.350652403348055,-0.133543775752903,0.348456864621234,0.927762832547197,78.0561045010935,6.93381898110475,2.32355667923431,0.659707724425887,846.726113906303,428.52014120238,453.097254859564,4.38631307530761,0.496191557615647,0.197678388528508,1,0.667686435057719,16,1,33,2.537471,3.162278,2
485,439.296907216495,319.224742268041,2.97731958762887,9.74797422316132,19.2791532086267,7.43149593748537,5.79214479701175,2.35135373162577,-1.99225698114476,52.3852415187748,-0.998554067178578,-0.0410025463106728,-0.0347644375355082,-0.0525558616172677,0.608705512793277,0.791653636450146,-0.0112985101135385,0.792336033442323,-0.609980289663608,23.2303592776063,3.45169574180385,2.09680883434689,0.779742765273312,405.222912916533,439.225748985126,319.07633250924,2.80196335583687,0.436073505898127,0.163860062092394,0.732543154907586,0.736689742309515,17,0,20,2.337492,3,1
1297,450.607555898227,290.332305319969,3.93215111796453,13.5304980987414,47.2881204267495,8.57206667773218,7.41547630932204,-19.255196893558,3.60923264398675,-88.4247837314586,-0.942186663316079,0.329122196400888,0.0629513407765853,-0.0503420268381546,0.04670348771778,-0.997639446177236,0.331285332912794,0.943131679073103,0.0274347248137927,139.760395843423,4.59252044546791,3.43683055588225,0.538174273858921,951.085637239041,450.041948391231,291.944886673746,3.67349721936258,0.343135400408904,0.103713150929144,0.695702427729289,0.604724854397291,18,0,40,2.318387,3.741657,1
897,453.438127090301,547.43143812709,4.41248606465998,11.9655116397488,27.1778216871378,7.57263341370566,7.16727350732075,-3.13203255201523,-8.15035221551345,-111.074579240781,0.988420817378915,-0.0540851955264831,0.141771222033453,-0.112444442233767,0.366273587477577,0.923688208502762,0.101884911457652,0.928934040037918,-0.355950859074815,46.164624478616,3.58404855114821,3.21061309554636,0.735245901639344,609.868217408404,453.426886513388,547.103227216618,4.30947090207202,0.375930718015732,0.120062005987493,0.729707758526562,0.737524443699401,19,0,18,2.842603,3.464102,2
926,464.785097192225,237.865010799136,2.73002159827214,12.0930947273208,47.1084088882892,7.51586487579389,5.23946388846282,-46.4200464089717,2.32508551766673,21.7372992081704,-0.688798595907727,0.723816709775862,0.04056926083613,0.683258942975284,0.629462232355961,0.370046638792664,-0.242309123063581,-0.282606915496944,0.928126941853032,138.70013674914,3.53051405194949,1.71574886490662,0.651195499296765,758.199269749325,465.133854747589,237.586091246709,2.49032403068494,0.517044021061782,0.154837838865306,1,0.60595646096971,20,0,34,2.367377,2.828427,2
1108,459.875451263538,313.92238267148,3.9485559566787,12.8384830688669,39.9949874921211,8.89952529255953,7.04012743966365,-18.3358556945525,-3.59219989690368,-58.7681072516063,-0.94736381445747,0.313968466373705,-0.062654650103067,-0.213968517100821,-0.475324220261091,0.853395781172407,0.238158091918518,0.821882405065427,0.51748433357697,99.9749390309326,4.95009690205667,3.09771214791906,0.535265700483092,847.607430071975,460.204635069061,313.14288575345,3.78212130571011,0.403750231203633,0.147133165323506,0.812816638940331,0.610917467875386,21,2,44,2.315914,3,1
779,462.359435173299,658.582798459563,4.33119383825417,11.4159733197957,32.4638037735139,8.30263544303591,5.23868597848603,-0.635542832367494,12.1704233731944,90.474605360139,-0.977464715481684,0.0108427911892956,0.210820216932663,-0.21070813578245,0.0106211779382254,-0.977491315610676,0.0128378932615333,0.99988480559434,0.008097162353293,65.868659715326,4.30835970624727,1.71523942382413,0.706255666364461,626.401488369111,462.370558502297,659.508454809769,3.99531834455319,0.346096057765506,0.122902477810668,0.650631321635241,0.653616462241007,22,0,34,2.073548,2.828427,1
1130,463.555752212389,569.02389380531,3.38849557522124,12.9228987118867,38.0127079561033,12.4315745970582,6.62192469294243,-26.3144304933481,1.36445190890607,-5.17681073183042,0.896120648380907,-0.443171271243853,-0.0238119274627215,-0.439562860779468,-0.893670936795576,0.0902039253596451,0.0612558157953381,0.0703667611236011,0.995638611123645,90.31037288475,9.65900293513891,2.74061791493755,0.537072243346008,843.672240296213,464.228759559749,568.077772850479,3.31860792283237,0.436579503150931,0.120242635492261,0.883643528696832,0.621864827463059,23,3,38,2.470163,3.162278,2
557,467.931777378815,543.387791741472,3.24236983842011,10.2082710038753,24.5841608802536,7.01296006413536,5.10437543070421,-10.44047785427,-3.69311990987617,-117.209557399529,-0.981401435298894,0.180837649536213,-0.0644124778555251,0.0265232331910585,0.460056742630471,0.887493274149913,0.190125592423438,0.869278745898264,-0.45629674668485,37.7738103866371,3.07385055382234,1.62841553359855,0.813138686131387,440.70385014364,467.776931898382,543.980702714906,3.05067545382399,0.478502348540996,0.170706725844998,0.888982764519774,0.742860745686314,24,0,17,2.254076,2.828427,1.732051
731,483.105335157319,216.318741450068,3.70041039671683,11.1765110427197,23.3201567419553,8.3300388908887,6.0119487845061,-38.9862838314406,0.0711959012513988,53.6363943280795,-0.777295993547147,0.629133844546933,0.00124260257098572,0.373796248757723,0.460235446809199,0.805269953441075,0.50605069195705,0.626397588713377,-0.59290703995134,33.9893569043352,4.33684674523239,2.25897051172028,0.857981220657277,502.998069116893,482.825896948513,216.509164549257,3.53996770711224,0.456712642452773,0.097755141586819,0.920729164885732,0.7801822364677,25,0,11,2.775127,3,2.44949
494,492.115384615385,332.076923076923,3.75101214574899,9.80790179947727,15.7125498089331,8.65169317642611,5.70183574425879,-71.7853353097353,8.68603070180071,52.2572807737381,-0.308993010826588,0.938997516504649,0.151019810814413,-0.618773450794937,-0.0778967033400448,-0.781697844566607,-0.722248389303601,-0.334986220025323,0.605096270473964,15.4302638436377,4.67823717618863,2.0319331784067,0.819237147595357,363.129411246481,492.333234160959,331.936599503524,3.67948708147266,0.402745601118122,0.158643089643297,0.726136071920056,0.832224821942192,26,0,9,2.557631,3.162278,2
520,493.809615384615,612.544230769231,2.32115384615385,9.97703679245034,30.1073252229879,7.66014370625618,4.69308764484391,13.3984480491858,4.38465392653653,-1.56275499965891,-0.969935079400763,-0.231043366550365,0.0764519752583831,-0.233663603412435,0.971937196754679,-0.027192020979926,0.0680239824484807,0.0442385390551039,0.996702407679503,56.6531895051726,3.66736260003102,1.37656697763666,0.649188514357054,478.988367222892,493.74553010949,612.240148570029,2.19950725959105,0.444163053262211,0.152168220953835,0.826601049368396,0.652872016243375,27,0,22,2.145159,2.828427,2
824,511.182038834951,278.916262135922,5.28640776699029,11.6316911780459,24.2107674519746,11.6298093126118,6.37579947877699,-13.7340471471645,3.97316696319511,78.7692581910465,-0.969073537782533,0.236844830548534,0.0692892820866434,0.112258463800658,0.173056761254096,0.978493431091573,0.219760132132202,0.956010399329776,-0.194292564702199,36.6350787883495,8.45327904048195,2.5406761870983,0.586059743954481,614.010208746405,511.31336084042,278.2624409208,5.092107219687,0.422358171979828,0.0655513827244793,0.872348532002675,0.692245286029482,28,3,18,2.325843,2.828427,2
1822,521.96048298573,256.844127332602,6.94401756311745,15.1536266639417,41.5898976237545,15.4935216967486,7.39611833496651,-22.7516879009288,-2.84597441354609,-106.092473544266,-0.921052167428502,0.38626113333264,-0.0496512009103814,0.0632056886421812,0.274069884951807,0.959630522172868,0.384275871996313,0.880731534032414,-0.276846562489741,108.107474022149,15.0030759104761,3.41891040155172,0.467059728274801,1202.09338759364,521.643836186105,257.216720503582,6.34841203227793,0.463071975762637,0.139826753443612,0.975497851665154,0.600129300829295,29,1,44,2.507437,3.162278,1.732051
2247,517.532265242546,374.537605696484,9.17000445037828,16.2505532094488,59.977191908142,18.209256490167,9.21068000406308,-62.7062135159307,-10.2126232140974,-1.64033948305143,-0.451288128956034,0.874587432845653,-0.177301570697537,0.890630107576089,0.453854994611051,-0.0281718892800351,-0.055830423089624,0.170623756186101,0.983753270735391,224.828971824131,20.723563870293,5.30228913357796,0.347778981581798,1620.2829138939,518.281408712196,374.108763878548,8.8537798325812,0.382065833053267,0.0881436691439277,0.77730780228452,0.512029897738831,30,2,72,2.32756,3,2
1511,548.291859695566,753.201853077432,3.66379880873594,14.2371135014068,58.592082975573,8.03154847098203,7.14560195084561,29.756028295453,1.93325567276844,-2.09855693514582,-0.867652455063136,-0.496025350629603,0.033735274649726,-0.49704743487932,0.866951242060358,-0.0365976962374507,0.0110934531504101,0.0485221127196747,0.998760501759265,214.564511713527,4.03161067760837,3.19122670249554,0.464066339066339,1096.1773101868,548.81849144139,753.99152601412,3.53143026116255,0.344422252042306,0.052787621617041,0.845734954353947,0.580915492699242,32,0,46,2.495433,3,2
535,567.214953271028,569.971962616822,3.20560747663551,10.0720619095798,21.6387853157969,7.04323813676206,6.25101456954316,-47.5741409815138,-2.14857129984753,-33.1609851411167,-0.674161313710847,0.737631994202977,-0.0374908552023593,0.631768361206283,0.549624964302515,-0.546608759895217,0.382590199658057,0.392188015808233,0.836548444133398,29.2648143714468,3.10045021569621,2.44219894679005,0.681528662420382,416.136080052238,567.062594313954,570.251615891982,3.17766808767648,0.614552530530651,0.285281546952226,0.994165710231723,0.76586332689383,33,0,15,2.255854,3.162278,1
621,568.436392914654,60.4170692431562,3.73268921095008,10.5851656620211,17.8934242416602,9.75776464802725,5.4535317146936,-47.0418332446953,7.2838515643494,-12.5392382686368,0.675964927413682,-0.725945569137859,-0.126785044684795,-0.69563697392847,-0.68535460083969,0.215356150623823,0.24322955702434,0.0573768399006058,0.968270251961075,20.010914443252,5.95087318289315,1.85881301019806,0.847203274215553,432.760223203492,568.656724964956,60.1458868636889,3.8573990435009,0.355376980461731,0,1,0.813388176487168,34,0,6,2.344083,3,2
473,570.642706131078,78.0570824524313,5.87737843551797,9.6669062351407,13.2989881580851,8.79117107794151,6.36579246698009,51.5309659462851,79.2886170769158,-83.2516478448796,-0.115623077394671,-0.145519492413548,0.982575890861102,0.699020228214954,0.690871265306734,0.184574145859556,0.705692584997249,-0.708181454220015,-0.0218404070183282,11.0539428768054,4.8302930576022,2.53270710829128,0.86,333.966483991312,570.762158318528,78.1266698004323,5.50121356241853,0.363207747790493,0.0632625817595971,0.870993348389673,0.879067047798461,35,0,7,2.810895,3.162278,2.236068
1217,573.502875924404,643.839769926048,5.13640098603122,13.2463833279103,33.9425283110977,15.5373941734447,7.27536933292444,-21.6472246019377,16.0443940387865,11.676507484019,-0.893267779003356,0.354521679070401,0.276382079852358,0.413247704318661,0.889603926803727,0.194502412043515,0.176915261833929,-0.28795699763071,0.94115979389567,72.0059517593543,15.0881636063121,3.30818743315359,0.482171156893819,905.03114094237,573.298669101942,644.670995915792,4.81278634857101,0.648491220129581,0.132573492458065,1,0.609089323531464,36,4,40,2.524385,3,2
909,579.765676567657,489.304730473047,5.73927392739274,12.0186333645716,21.5242066510919,8.23552028959161,7.49583014715427,2.94116029926446,-26.2658991779255,26.9658696943558,0.895568735015114,0.0460125906905518,0.44253754909767,0.246140350593865,-0.879806165468482,-0.406639937799001,0.370636707131064,0.473100362187126,-0.799252449871411,28.9557169974319,4.23898715251719,3.51171684968667,0.879110251450677,532.223712947327,579.741791183985,489.130972710085,5.58797643058215,0.396716549344239,0.143796812368324,0.758368731933368,0.852640242130578,37,0,12,3.621173,4,3.162278
1000,582.279,961.893,7.348,12.407009817988,30.3920171927951,8.5122120454849,7.0351427167861,5.10866313384301,26.7633804461474,-138.220336205041,-0.889326966162156,-0.0795058565325219,0.450306968671201,0.232431337407911,0.769465968653484,0.594893096677819,-0.393793373036654,0.633719923831644,-0.665827182902012,57.7296693154471,4.52860961920614,3.09332706534679,0.654450261780105,659.287998070739,582.391243135334,962.468455321235,6.93170732106928,0.245644370700621,0,0.575854520064333,0.733514924615771,38,0,19,2.795399,3.316625,2
466,595.227467811159,414.798283261803,2.33690987124464,9.61898169183121,25.1098907206859,6.7196084924756,4.43529333892658,-55.5573097445051,1.02278818734479,3.2111975443479,-0.565491515228877,0.824560926241858,0.0178500733701061,0.823962943749477,0.563868959894911,0.0560077083509764,-0.0361166655693154,-0.0463796828600673,0.998270760608541,39.4066632502994,2.82207114325939,1.2294891876454,0.816112084063047,400.076564722042,595.199859683389,414.857005292283,2.22878500623494,0.381802385283408,0.158643089643297,0.666295525124898,0.72654907883558,39,0,17,2.624682,3,2
1515,601.825742574257,292.640924092409,7.06072607260726,14.2496655145219,56.5820043235282,9.32074534242664,7.10616791732282,-61.7763926470018,14.9501169653602,111.737237547589,-0.456906086588341,0.851283845068475,0.257977989688965,0.2129929736868,0.386287236806415,-0.897449811321234,0.863638130931342,0.355102782030634,0.35781446728091,200.095200829235,5.429768358648,3.15610140432429,0.464296659515783,1125.67537813171,600.403655187199,293.401585255823,6.39805556260343,0.410381404765069,0.0562404199557647,0.974319002297583,0.566690648721356,40,1,48,2.394916,3,2
720,626.695833333333,789.819444444444,11.95,11.1201665377826,30.8341154520702,6.32934211793883,5.77921399248105,17.5814367625084,-63.9876730767479,64.0477683757109,0.418078538194128,0.132473256235318,0.898699711963831,0.902516293233819,-0.173092009075302,-0.394339316885552,-0.103318325329774,-0.97595593792788,0.1919253262974,59.4214172319745,2.50378572786964,2.08745714818054,0.754716981132076,536.583078356213,626.6258125494,789.684832568466,11.7664857112393,0.344162999788909,0.0519053881223238,0.801389097998284,0.723994859720589,41,0,20,2.73782,3,2
1003,620.986041874377,921.383848454636,7.08474576271186,12.4194044414333,30.0236405291458,9.71592187579119,6.71685798666112,77.3456691698515,24.1435744883229,-31.505038511093,-0.199905178986839,-0.890357692789748,0.409024569316267,0.878709147209236,0.0217768434864797,0.476860570501046,-0.433483741361839,0.4547405281893,0.778012145147529,56.3386869139602,5.89994611852986,2.81976132581083,0.665119363395225,654.485208284451,620.577792445783,921.112254179603,7.23545303044282,0.424356638785746,0,1,0.740374713270578,42,0,19,2.891599,3.162278,2
1699,660.025309005297,570.486756915833,5.27074749852855,14.8046536676752,54.1337400893254,14.3987091918278,7.24583096560584,69.4246344516924,1.21361972095974,39.6147049003226,0.351360319078221,0.936000710764893,-0.0211800761298815,0.71646343633536,-0.283374430883398,-0.637478686950425,0.602682396102441,-0.208809964726607,0.770176816100754,183.153863503665,12.9576766494267,3.28137914888329,0.426455823293173,1347.35402758292,658.606394679461,570.155356391948,4.95876799267774,0.426961051246096,0.105155343120519,1,0.511051482131979,43,1,70,2.208367,3,2
773,659.679172056921,214.448900388098,3.25355756791721,11.3865884451253,37.314466782525,6.38546652254672,5.62100680531678,-69.9758835235992,-2.85669244235892,-35.1975932970997,-0.341990125386646,0.938381012427298,-0.0498380342102947,0.77760649275229,0.252821502239574,-0.575681709310629,0.527608658541071,0.235631838937877,0.816153625190286,87.0230894540101,2.54838641941031,1.9747323440886,0.679261862917399,615.678249180513,659.722352381352,214.465944495323,3.16124656316194,0.356896958954531,0.076068847378139,0.723466454008585,0.661581434518179,44,0,30,2.308937,3.162278,2
1486,690.541049798116,514.627187079408,4.51547779273217,14.1581571669443,39.7967089003831,10.6851288838332,6.65228981575918,69.5136496952694,-4.95092501193379,-73.7725782178224,0.348678428930939,0.933260542565071,0.0863024500776215,-0.232775828531706,0.17542679665236,-0.956577677278573,0.907875964463004,-0.313448877342765,-0.278408035880666,98.9861274563642,7.1357487040079,2.76580998705333,0.618908788004998,1006.63508217328,690.014048318404,514.368054746069,4.05868126180493,0.545537610956919,0.146799530027988,1,0.625592118837171,45,2,41,2.504879,3.464102,2
525,692.510476190476,385.579047619048,2.76761904761905,10.0089125259248,21.4376225737975,7.9960362318764,5.07902276167668,-76.1868216232426,1.53440281926343,-19.7461783361932,0.238671206297435,-0.970731187250936,-0.0267771802644812,-0.911818536806784,-0.233502709104489,0.337732794937656,0.334100301137343,0.0561911642454039,0.940861064047547,28.7232288510369,3.99603721384251,1.61227951335187,0.77319587628866,421.033458218685,692.358357863032,385.646516883478,2.7063765420801,0.382690557560564,0.163147659508377,0.659390756032723,0.747492863765284,46,1,23,2.176515,2.828427,1
659,689.512898330804,785.450682852807,10.0955993930197,10.7968134459572,21.4115922905139,7.62027119582749,6.42292720662306,-20.5747634621639,-67.8430692401418,-83.8528242322209,0.353088308534684,-0.132539705397474,0.926154346137438,-0.899725460438476,0.223353918015678,0.37497616343685,0.25655943213004,0.965684344804345,0.0403856903483717,28.6535177759496,3.62928331862238,2.57837461884867,0.788277511961722,444.724379520816,689.517099157576,785.378631008553,9.70535707185369,0.457295613514971,0.0520734171488717,1,0.823474451628637,47,0,13,3.036734,3.162278,2.828427
1124,730.284697508897,326.508896797153,5.09430604982206,12.8999857228444,39.198340260314,8.32281785518485,7.71818968953063,-83.8635464200306,12.0824873780144,126.14393442663,-0.104528628142721,0.972244327796893,0.20931969082093,-0.568367057618022,-0.231114380444971,0.789648675656566,-0.816108236518437,0.0364295239923084,-0.5767497170077,96.0318674477096,4.32933106566147,3.72315325522355,0.542732979237084,847.084946352003,729.676449019591,326.649626290561,4.7270241654046,0.346616190405987,0.0672368116945959,0.697945590167845,0.617165112576192,48,0,37,2.200824,3,2
573,739.038394415358,848.776614310646,3.49912739965096,10.3050950024601,16.0226423687192,8.45064189034898,6.63715169555178,-41.6223546160059,17.3208776260273,-2.90239723647467,0.713639879022287,-0.634097220682084,-0.297722753232452,-0.652096659113812,-0.756593239876588,0.0483385616837395,0.255906370068548,-0.159647687412953,0.953427787334749,16.0453167797422,4.46333427243256,2.75323641436037,0.878834355828221,386.113711987836,738.671245808775,849.103063934056,3.09632932339508,0.365356773853418,0.0975160643612513,0.704111187254134,0.864049548393046,49,0,5,3.492204,4.123106,2.828427
2090,759.393301435407,359.451196172249,9.43492822966507,15.8628988369935,46.9772172059515,19.5603167213235,15.4274402704949,-59.128941603216,31.3022029345844,-77.1741646241245,-0.438419202940874,0.733385545990992,0.519551964123111,-0.0693968176865756,0.548721290975641,-0.833120055289153,0.896087431106845,0.401311083526882,0.189675327997122,137.928683525946,23.9128743899054,14.8753695812305,0.277114823654203,1599.53395323223,758.39936333057,360.250011710127,8.44717796511048,0.340173105941302,0.0425954568672167,0.710652288033525,0.494221368154753,50,6,82,2.243222,3.162278,1
1174,760.471890971039,56.53066439523,9.21465076660988,13.0884984187902,39.7108609787533,8.77005704024184,5.96403856422305,-59.6872176070973,32.7380909415991,63.145356188943,-0.42454614733312,0.726151712602982,0.540799647807172,-0.633485682932723,0.188517894945106,-0.750437800756817,0.64688210541324,0.661184311345349,-0.379972167568771,98.5595299796172,4.80711878056847,2.22310974972123,0.685747663551402,800.571968462318,759.867125991245,56.8887296977986,8.64978002956053,0.373186974690557,0,1,0.672247418168617,51,1,28,2.688236,3.162278,2
749,769.267022696929,742.744993324433,10.2870493991989,11.2675042822062,29.1664044493767,8.85601624538476,6.20012877530408,-48.4457015049765,50.436765752699,17.1951042582624,-0.422494099210304,0.476631764268356,0.770922108531666,0.866055984925598,0.463133580086058,0.188293170272381,-0.267293410145156,0.747214459366992,-0.608460996782758,53.1674467815389,4.90181398365743,2.40259980189711,0.590694006309148,546.086658017049,768.828466493416,743.04916484983,9.65479672462014,0.341844886164711,0.0521647927349804,0.881189902259459,0.730371419529971,52,0,19,2.755159,3,2.236068
726,773.768595041322,780.858126721763,4.9228650137741,11.1509704805684,21.4879961038946,10.1302649361166,7.70106339879781,19.7047950062776,-0.66837129743967,-43.1348797190025,-0.941378276046646,-0.337151106787129,-0.0116650152018299,-0.238542924777476,0.68970311090888,-0.683671625739449,-0.238546042570513,0.640811009576791,0.729696536636375,28.8583735350617,6.41389172974459,3.70664859201896,0.55,576.149098782924,773.572887565038,780.468022735825,4.66194414822142,0.329676149985017,0.0256060088767497,0.782022837597481,0.678016586189381,53,0,20,2.320784,3,2
1100,770.100909090909,861.505454545455,6.56545454545455,12.8075095273809,46.2228819071517,9.90862645855041,6.19909077456886,42.9959523973534,17.9063042743488,-23.7226606121792,-0.695973195763247,-0.648913590056941,0.307461320198989,0.714795176596704,-0.585247804584169,0.382822233867755,-0.0684774874917345,0.486205882182458,0.871157089070621,133.534675737656,6.13630489344282,2.40179540195904,0.498414136837336,811.324173478838,770.935912992968,862.568355390452,6.16344753400718,0.305955534747845,0.0130891848308469,0.763711959088255,0.635162474384673,54,0,33,2.509282,3,2
855,787.619883040936,222.835087719298,6.76608187134503,11.7757659203954,28.8010751295644,7.40991058077935,6.29502451442979,-41.7138791157318,25.8238929635207,40.9006435632176,-0.671931730140371,0.598961370617298,0.43560650424301,0.715853459664251,0.374437792676071,0.589364202936175,0.18989885285933,0.707842931676314,-0.680365203224409,51.8438705386759,3.4316734259466,2.47670835232951,0.76271186440678,583.097555102399,787.276290851981,223.216860476116,6.53847699357797,0.346830062670122,0.0247341928720205,0.882756333168532,0.747114182162778,55,0,17,2.760469,3,2
420,784.128571428571,920.75,5.25952380952381,9.29145132338792,14.2000775593263,6.94117351750943,6.68100112181315,38.3460289479076,50.8269625663186,-76.3422646627351,-0.495400748871517,-0.391890556248767,0.775241826748643,0.737304967435616,0.282182310000745,0.613803330813225,0.459303258220869,-0.875668279570339,-0.149149526120659,12.6026376681802,3.01124311251089,2.78973599935428,0.8300395256917,310.474205050127,784.161919504545,920.816371479067,5.16590849903408,0.390462459382754,0,1,0.873557428073717,56,0,7,3.020527,3.162278,2.828427
515,818.060194174757,801.899029126214,2.54757281553398,9.94495606681504,15.4379548552313,9.82539570746951,5.04619998421824,80.677255443668,2.0112707761061,1.87072105595482,0.161895759329059,0.986183566935708,-0.0350960883465816,0.986079958129114,-0.163039778136949,-0.0326243302021715,0.0378956367851672,0.0293258086166104,0.998851299073905,14.8956531320099,6.03365005052251,1.59150839254526,0.929602888086643,369.05116353105,818.223147166929,801.919322086618,2.38182315880452,0.442803506179678,0.164004882495271,0.975217029586404,0.841916520652091,57,0,5,3.516896,3.605551,3.162278
1754,804.15393386545,77.7377423033067,4.02565564424173,14.9627121880013,74.6248815648852,14.2776790441631,9.81988734044113,-89.6621444154154,3.30107847272144,-18.8535738423128,0.00588687404419573,-0.9983233763224,-0.0575828186374309,-0.946221337772681,-0.0241878929780996,0.322614515756742,0.323466419675466,-0.0525869006647424,0.944777271752878,348.054559285821,12.7407574305085,6.02688671118476,0.310992907801418,1365.26309357587,802.786862134905,77.8311211170616,3.81325940232079,0.290238508030159,0,0.797828262965717,0.515174272922519,58,3,66,2.178281,2.828427,1
415,852.50843373494,780.465060240964,2.20240963855422,9.25443319652628,19.2724005982427,7.7182929241883,4.25099077953772,-64.4154350157635,-1.47444610735287,-5.75013511004426,-0.431699803849433,0.901650259192109,-0.02573109898867,0.89852383628704,0.427344643032305,-0.10015723486405,0.0793107494629934,0.0663578644200932,0.994638848451649,23.2140890511966,3.72325285397345,1.12943266298217,0.912087912087912,350.14011229368,852.507080743421,780.504791286661,2.05756789243085,0.455015677264493,0.126726307013902,0.876336865864456,0.768435916722016,59,0,9,2.838864,3,2.236068
839,880.728247914183,427.467222884386,6.94636471990465,11.7018478271974,37.0898738133834,7.35189204100417,5.46979036965854,-69.7846548465691,20.035192951923,98.7621703705225,-0.324637695781399,0.881610729196347,0.342597268879407,0.025946983696143,0.370380067590274,-0.928517829429729,0.945482480279151,0.292542522888056,0.143114470922668,85.9786712182941,3.37814478641129,1.86991291800059,0.626587005227782,658.140324744628,879.527301371005,427.903308630207,6.48756208255642,0.277365393468959,0.0667999777574255,0.605928574931588,0.653642472157958,60,0,28,2.201692,2.828427,2
946,880.334038054968,488.508456659619,5.32452431289641,12.1795386530138,30.8841707992507,8.32781441047583,6.23563226685175,54.1442288669611,-13.1513134862691,95.0824405388566,0.570384255646688,0.789236883561912,0.227523498865183,0.060946306420373,0.235572153783151,-0.969943971627063,0.819113758060556,-0.567107487155168,-0.0862655746428652,59.6145003723306,4.33453080345806,2.43019436046268,0.707025411061285,657.712687921985,879.860299439602,488.187504898224,5.05077600241591,0.333108392919203,0.0927068573611528,0.644921455225765,0.708557874425465,61,0,17,2.584681,3.162278,2.236068
1719,884.486329261198,406.974403723095,10.4322280395579,14.862518839275,32.8087011040026,16.2716940331835,9.47192025575925,-7.44313354103639,-0.272520183185381,-71.1017461013854,-0.991562704967353,0.129540646865313,-0.00475635654075551,-0.0464192606931092,-0.320576540006604,0.946084528059781,0.121031625431255,0.938322920324933,0.323884922215218,67.2756792582362,16.5480016693463,5.60732958321639,0.476705490848586,1146.18201177956,884.60178419423,406.985408968463,9.889416858321,0.374104847474252,0.0692877699253582,0.858490898303278,0.605453955175323,62,3,43,2.407166,3,2
1276,906.963166144201,376.394984326019,7.09169278996865,13.4570753459772,28.5952939363022,16.3879543775614,10.2877483845927,-84.9230795244301,-35.190781863301,15.1676139099767,0.0723198671944931,-0.814031435290831,0.576300840852519,0.948034531470305,0.235604276637249,0.213825049912581,-0.309839255015968,0.530889298431028,0.788768780354903,51.1056772064703,16.7853155425647,6.61486042654317,0.404822335025381,928.529465989949,907.537157441203,376.48520117974,6.79051862473987,0.367494361594564,0.0067456889650965,0.845234996548538,0.612710821166259,63,2,38,2.489817,3.162278,2
1099,927.397634212921,354.651501364877,9.0919017288444,12.8036272872136,27.765336987097,12.8716245886594,9.51987997496076,-78.5708813479162,-37.9027499875886,87.1804303210845,0.156355512573635,-0.773408117513454,0.614323072537676,-0.0733686416597519,0.611159906331771,0.788099366395852,0.984972078847334,0.168295729764115,-0.0388143173883707,48.1821211254411,10.3549199719613,5.66425717110368,0.478241949521323,778.857078855634,927.4416085588,354.689333241178,8.97472188480552,0.317080298933456,0.0900815297899015,0.694428493622654,0.661238524277571,64,1,24,2.530391,3,2
596,959.427852348993,519.622483221477,3.36912751677852,10.4411710963986,24.8581392041887,8.63441478864683,6.70542351681758,-62.7031817123869,8.43481306729497,-41.6516935703172,0.453639708029091,-0.879030599125844,-0.146684086048018,0.619285485457851,0.429296034154764,-0.657411897184882,-0.640856070268915,-0.207388815656613,-0.739116618903967,38.6204427934265,4.65956992140018,2.81016903374313,0.613168724279835,472.164216298287,959.98170581709,519.357441143047,3.34878688248852,0.33312122636999,0.0300059058199368,0.833606173493768,0.725362713451116,65,1,18,2.352042,3.464102,2
1075,995.86511627907,314.980465116279,5.83720930232558,12.7097384662091,30.4871013704137,9.11319495435633,6.73211632149413,-80.5832241940384,-20.5089096810271,-44.8349579576625,0.153244536506219,-0.923996138828718,0.350353032612271,-0.740001035886975,0.127667642398677,0.660378255222389,0.654915703672769,0.360460966699565,0.66419373120259,58.0914593731177,5.1906451422566,2.83258688538298,0.698051948051948,687.897638530851,996.962050378157,314.826643478472,5.30587028004484,0.291017848783248,0.0115562403697997,0.720706796815102,0.73773312143924,66,0,21,2.820457,3.605551,2
1329,445.326561324304,767.736644093303,14.1369450714823,13.6408715549433,43.1102773640302,10.2799768629642,8.88974419860401,-87.0879981660202,55.2419708747194,109.173867271361,-0.0289629057384266,0.569375734104652,0.821567053565304,0.288589744644628,0.791674901034925,-0.538485664022071,0.957014686082265,-0.221499716668285,0.187245203246262,116.156000900226,6.60487026894249,4.93922199478835,0.427193828351013,945.011833223369,445.095753303087,767.733017526274,13.5881054100316,0.291351645284833,0.0100739735910384,0.837726100619535,0.618581411326821,67,1,32,2.425609,3.162278,2
2503,491.790251697962,413.240111865761,8.03036356372353,16.8456358783804,46.8340161654239,13.8602417349066,7.76747715587742,67.6528054440981,-14.5924916639381,-10.5606920662379,0.367953124011138,0.895061703925298,0.251942542451225,0.891673640708173,-0.416485088248168,0.17736484920397,0.263682796171225,0.159388573722392,-0.951349917522499,137.089066886449,12.0066438093778,3.77085633544233,0.55437430786268,1418.18461523738,491.398545654027,412.840488007176,7.84967854091284,0.453418053729931,0.0864909488713655,0.88346671832295,0.628625394457878,68,1,49,2.841888,4,2
1116,490.620071684588,398.156810035842,7.16397849462366,12.8693078764282,35.8534868445069,9.71826152397219,6.25760158565923,-77.8554653123678,-16.9668887592141,-56.4423873186615,0.20122147992241,-0.935067689007339,0.291819007249886,-0.591564293820535,0.121447227540611,0.797058502996681,0.780744261774908,0.333014996504921,0.528714866263831,80.3420324318266,5.9027879405199,2.44734860030281,0.583987441130298,761.671765555765,489.94512580316,398.397484506676,7.21760035178309,0.416397026208293,0.120081765205177,0.805743542734903,0.683112759255837,69,3,27,2.629431,3,1.732051
1952,539.969262295082,606.114754098361,13.7858606557377,15.5057840182306,44.073788266771,13.2708372669973,8.20937121037783,-24.1638694473746,24.7696205113032,53.2396643556747,-0.828439390686359,0.371687676212743,0.418970699823729,0.551227887795744,0.408630026047253,0.727440250143517,-0.0991765681774538,-0.833588491501767,0.543409822473197,121.40617576151,11.0071951104453,4.21211097936127,0.473671438971124,1283.63010315203,539.519283968661,607.107341241761,13.2004018810965,0.433789760067203,0.0509365534290538,1,0.5884335683437,70,5,48,2.350201,3,2
