Volume,Centroid_1,Centroid_2,Centroid_3,EquivDiameter,PrincipalAxisLength_1,PrincipalAxisLength_2,PrincipalAxisLength_3,Orientation_1,Orientation_2,Orientation_3,EigenVectors_1,EigenVectors_2,EigenVectors_3,EigenVectors_4,EigenVectors_5,EigenVectors_6,EigenVectors_7,EigenVectors_8,EigenVectors_9,EigenValues_1,EigenValues_2,EigenValues_3,Solidity,SurfaceArea,WeightedCentroid_1,WeightedCentroid_2,WeightedCentroid_3,MeanIntensity,MinIntensity,MaxIntensity,sphericity,id,nb_branch_pt,SkeletonSize,MeanWidth,MaxWidth,MinWidth
499,17.9298597194389,297.430861723447,7.89579158316633,9.8408808701007,15.645322774117,7.845475125971,6.19431198565121,44.0501147477464,-60.1839541427755,94.4377985762129,0.357365706774206,0.345708632827749,0.86762624027293,0.567922020341904,0.657054066934446,-0.495726267143142,0.741454199821231,-0.669899615101601,-0.0384730458137223,15.2985077941439,3.84696749701435,2.39809381097389,0.855917667238422,347.1631397189,17.8470569670191,297.484992898848,7.79763294934512,63.496993987976,0,522,0.876363364719433,1,0,9,2.921679,3.162278,2.828427
942,76.9543524416136,317.727176220807,5.9416135881104,12.1623480322092,15.4333410677457,12.5176636355687,11.3381942387137,13.4239075813052,62.6588854303566,-21.8836794971947,-0.446738954404435,-0.106625239485861,0.888287884034345,0.537465544116225,-0.825727419707352,0.171187082547977,0.71523079876742,0.553900069189399,0.426191996459926,14.8867510320853,9.79324393082743,8.03466553717509,0.663380281690141,665.508513685546,76.7339333588663,317.613749521256,5.64358483339717,55.4352441613588,0,1326,0.698282423740401,2,1,25,2.276018,3,1.414214
624,98.2115384615385,292.953525641026,6.51121794871795,10.6021836425475,15.3374024923079,10.1519930832718,6.57109905502198,41.3026024150187,66.7019210353307,-49.5288440211534,-0.297124157681493,-0.261053863047819,0.918459642831341,0.953295336024282,-0.0264313323937408,0.300881017982595,0.0542700399522051,-0.964962312868074,-0.256714817468497,14.7022447006907,6.44143522267486,2.69870892443192,0.794904458598726,414.407456985407,98.3559919555187,293.314420915651,5.7232935052644,67.7323717948718,0,550,0.852143932332751,3,0,10,2.588362,3.162278,2
417,137.429256594724,231.023980815348,4.07673860911271,9.26927593759152,12.330883203581,9.73196496748633,5.74598221528163,60.6404644948237,-17.8072700787271,-80.0083838379863,0.466798924084333,0.829804355363227,0.305816115163881,-0.00355527091539392,0.347561677864623,-0.937650382673972,0.884356333455258,-0.436606930659772,-0.165191596570242,9.50316753627225,5.91944638302382,2.0635194761458,0.845841784989858,313.440880963997,137.295115630266,230.853752141957,3.66970671122881,169.335731414868,0,956,0.86116397788005,4,0,8,2.690512,3.162278,2.236068
727,190.056396148556,207.151306740028,5.76891334250344,11.1560879528244,19.4419759647125,10.6773153520993,6.08409886040662,4.11727286881336,14.6304814187482,-96.150977547871,-0.965077798901769,-0.0694700785077365,0.252584144908277,-0.242788820231756,-0.124902854114153,-0.962004607995519,-0.0983790162452793,0.989733896169201,-0.103674413122734,23.6244018382786,7.12531644551101,2.31351618395007,0.752587991718426,488.863723450141,190.005875966022,206.480072810883,5.70668071788976,43.0729023383769,0,410,0.799808325329019,5,0,16,2.579824,3,2
638,217.145768025078,556.141065830721,5.78213166144201,10.6808877803097,13.3168229941206,11.0979390534829,7.17439834824993,53.393940476293,-50.1893154945643,101.421824729524,0.381789098126017,0.513965888372053,0.768164142707826,0.290022169118316,0.72252261836789,-0.627573268524652,0.87756722020141,-0.462385263105059,-0.12678975704384,11.0836109160462,7.69776570217624,3.21699947871071,0.778998778998779,425.700025523914,216.998958779935,556.195933116923,5.71176578673363,51.1818181818182,0,418,0.841900758421968,6,0,4,2.914214,3,2.828427
775,225.42064516129,959.384516129032,5.41161290322581,11.3964002452797,16.2981478228353,12.1058418863863,6.36232573084964,-49.6338981066907,-17.5911037590532,68.2130803954089,0.617382671308146,-0.726292343707636,0.302221886434597,0.10103343521053,0.454207612363366,0.885148399897288,-0.780147987331876,-0.515940768250425,0.35379971950128,16.6018514034368,9.15946298613656,2.52994929408946,0.790010193679918,503.658312352633,225.338937445136,959.489733216289,5.41943055608565,67.6154838709677,0,597,0.810119812592937,7,0,12,2.651124,3.316625,2.236068
1049,242.867492850334,1000.58722592946,10.8808388941849,12.6064349922511,25.1375481129588,13.2026040262337,8.47258552742032,-71.4254223680447,71.2984134634887,57.5609832362695,-0.10213601577803,0.303937070843615,0.947201399517544,-0.763101151634028,0.586897065577967,-0.270607588198838,0.6381573995934,0.750449259699132,-0.171991400835085,39.4935203207075,10.8942970670951,4.48654409496577,0.528729838709677,756.631070919697,242.610818869729,1000.61672620889,9.67349292525809,33.8884652049571,0,512,0.659857684012473,8,2,34,2.283402,3,1.414214
387,248.421188630491,513.459948320413,3.328165374677,9.04143673045577,13.5105206552386,7.39627359340276,5.84495410046304,23.5295713817687,-0.48006991690988,-25.338333116009,-0.916821967325481,-0.399208313504741,-0.00837870265222288,-0.357528083569041,0.830081026704642,-0.427947611939144,-0.177795246530617,0.389356149988243,0.903764703215085,11.4083855234769,3.41905394177919,2.13521802728248,0.858093126385809,289.636401902241,248.279411764706,513.5069971537,3.44556451612903,43.5762273901809,0,736,0.886689619401163,9,0,3,3.108185,3.162278,3
2846,251.340126493324,304.013000702741,5.09205903021785,17.5824243627581,53.1065511278086,12.1648458497575,7.50102629096028,-5.03327614789304,-0.162647218923686,100.918848773662,-0.996139898263818,0.0877339428242056,-0.00283872567683598,-0.0193950827101702,-0.188443511658844,0.981892495989428,0.0856103606674739,0.978157348380209,0.189417707609882,176.26911079316,9.24896715927257,3.51658721360484,0.757922769640479,1504.45289806938,251.365793000539,303.853530126974,4.75677356066154,508.622628250176,0,2651,0.64554837623813,10,0,46,3.153898,4,3
647,258.514683153014,435.710973724884,7.59659969088099,10.7308770629507,16.3185177349534,11.3218666698363,5.62241759941888,-4.74820526621238,64.5530612435821,71.3713630048684,-0.428200430520732,0.0355672064423744,0.902983590730056,-0.879180367348045,-0.247506486565253,-0.407163874598277,-0.209012614383959,0.968233191402779,-0.137252373729466,16.6433763166244,8.01154155559693,1.97572372889095,0.801734820322181,449.915522793273,258.465182457315,435.989621694007,6.96254603280884,36.9335394126739,0,623,0.804061623245218,11,1,14,2.318447,3,2
411,267.138686131387,203.257907542579,3.94160583941606,9.22460403489074,10.7883622183935,8.43374273070632,7.22328770459919,60.2639775659801,-22.6543458694373,27.410783030075,-0.457735591122837,-0.801324879202914,-0.385170827802239,-0.85878399208484,0.286347251270292,0.424847392164261,0.230148177395025,-0.525246313323933,0.819236307045388,7.27429745970376,4.44550102798385,3.26099282896337,0.861635220125786,293.217736608888,267.264351560863,203.337156924366,4.06526293735596,46.4525547445255,0,505,0.91170660689994,12,0,2,3,3,3
422,356.857819905213,354.684834123223,7.00236966824645,9.30617631050107,15.1776317167549,6.91676593425451,6.57286656134606,-46.5520800452057,84.1789427653473,-75.7828519205571,-0.069747346925246,0.0736322950345054,0.994843501624673,-0.484890921883193,0.869030979641223,-0.0983155648871673,0.871789023486851,0.489247832444629,0.0249089738061662,14.3975315330903,2.99010318682898,2.70016092707882,0.79773156899811,319.063849070686,356.801801505638,354.793024096782,5.99510174561951,72.0829383886256,0,700,0.852736445839095,13,0,10,2.519349,3,2
848,362.158018867925,554.775943396226,7.2252358490566,11.7435412239409,20.3885541987054,10.0405421038875,8.72800349231251,1.32336944417128,65.1532497188084,-0.493390977265865,-0.420080563547737,-0.00970439123367058,0.907434925997561,0.0309062550346379,-0.999515738184454,0.00361835892633097,0.906960375942163,0.0295654175071094,0.420177060961782,25.9808213945968,6.30078035874613,4.76112781011371,0.612274368231047,584.089030381103,362.130575785162,554.822959338492,6.6653201335154,62.1792452830189,0,845,0.74176950676035,14,0,17,2.800979,3.162278,2
544,382.669117647059,511.625,2.20404411764706,10.1282269846259,26.7396209260136,7.73360915067371,4.13929162557909,18.1973958140757,-1.23754897737891,-5.23415199033946,0.949764656769586,0.312218896529707,0.0215976248954115,0.309117817768783,-0.946640291550417,0.0912048965308678,-0.0489210740807625,0.0799469765726869,0.995597915550083,44.6879579541815,3.73804440596151,1.07085844759933,0.818045112781955,458.43326400275,383.364595559223,513.479520591569,1.98204221261732,458.898897058824,0,1776,0.702976167503114,16,0,17,2.496985,3,2
3317,405.693699125716,84.2152547482665,6.69430208019295,18.5032897532474,53.350206865994,13.6969674035112,7.40866752135154,-32.4172535593682,-3.24419499869731,90.0054145951989,0.842813679539671,-0.535221905904899,0.0565916338368864,-0.047823424120522,0.0302579250418855,0.99839740488322,0.536076507306736,0.84416939615914,9.4351064897027e-05,177.890285790272,11.7254322533029,3.43052215262058,0.743055555555556,1649.85265049744,405.940285339073,83.8429949927883,6.25517763561302,607.203798613205,0,2737,0.651932472125972,17,0,32,3.210698,3.605551,2.828427
561,426.474153297683,561.197860962567,2.75757575757576,10.2326490570539,14.5919339554133,10.0429618414288,5.80634526361617,42.1100051407399,-0.274850507833758,-2.78322718344859,-0.741850222310225,-0.670548459234273,-0.00479702791450425,-0.669592381048977,0.741139850974463,-0.0485568176337035,-0.0361149678032755,0.0328098326130087,0.998808902635772,13.3077835349465,6.30381765927473,2.10710283251987,0.921182266009852,380.883327074189,426.370821160086,561.057500067362,2.43629879403059,926.171122994652,40,2693,0.863642627237617,18,0,2,3.316625,3.316625,3.316625
612,489.933006535948,578.254901960784,6.84967320261438,10.533780553459,19.1233110342354,8.59624235125117,6.3019779255677,-35.3367800505119,-54.4664225824845,-44.4745239837912,0.474107125790559,-0.336143683741223,0.813775065454512,-0.877799342622349,-0.252350660305863,0.407170060705556,-0.0684890309931894,0.907373444687508,0.414707950863663,22.8563140570068,4.61846141009027,2.48218286089641,0.770780856423174,429.757980142759,489.88425459168,578.468329461272,6.91662648489896,74.5522875816993,0,671,0.811137455562976,19,0,11,2.84762,3.162278,2.236068
1416,545.007062146893,453.75,6.21892655367232,13.9322591381722,14.8383980985913,13.3694533849207,10.6908862844232,-48.1245218325379,-72.0102705449319,159.583547656477,0.206159349019888,-0.229966276396108,0.951111893802304,0.919295521950215,0.378534259117564,-0.107738377547645,-0.335252242548768,0.896564178625728,0.28944534453191,13.7611286332674,11.1713927382229,7.14344059665426,0.907110826393338,654.529489845154,545.213898005948,453.60636260898,5.21312585981906,678.642655367232,0,2560,0.931673497303405,20,0,3,5.32047,5.477226,5.09902
1008,546.347222222222,125.951388888889,11.6478174603175,12.4400073399209,23.1686492311308,15.324926809052,6.0785402847998,20.9166603870158,-65.7063889906808,69.0445608074655,0.384300917019211,0.146878305621599,0.911449158492081,0.922755258834025,-0.0301993678411133,-0.384201419149055,0.0289056650562514,-0.988693461857479,0.147138373675702,33.5491441996985,14.6783363564251,2.30929074962087,0.61127956337174,678.335271789169,546.279685130953,125.32415311442,11.0834527592581,47.7648809523809,0,822,0.716715416114767,21,1,24,2.61779,3,2
441,544.814058956916,859.015873015873,6.37868480725624,9.44379727461403,14.6757778503289,6.92192789054076,6.66579111333724,87.905894578862,66.3505844684331,-31.905178010758,-0.0146579869915778,-0.400871315716994,0.916017102270848,-0.866047482837053,-0.452785067140858,-0.212008114103808,0.499746836797352,-0.796421917836002,-0.340536676294149,13.4611534695128,2.99456785761538,2.77704819791536,0.856310679611651,316.021040638861,545.046826965305,859.072573561704,5.91886253842776,41.3061224489796,0,418,0.886598894174461,22,0,8,3.081139,3.162278,3
549,564.025500910747,172.816029143898,6.41712204007286,10.15916250656,13.5507078569246,9.28620266590079,6.51272079108388,60.4244387440484,-69.1412217587693,70.315169958811,0.175743729639671,0.309672387035677,0.934460889604249,0.727225593496779,0.598953698468054,-0.3352572195415,0.663518709348572,-0.738483229192827,0.119939328601334,11.4763552139823,5.38959749701143,2.65097075641352,0.882636655948553,360.122938478874,563.975563621492,172.937273145545,6.13864321864935,35.6302367941712,0,418,0.900357325169131,23,0,5,3.030596,3.162278,2.828427
2170,569.348847926267,83.2202764976958,10.2880184331797,16.0627673997328,24.4604607770549,16.9377059153447,13.610477205845,-11.7135844321949,-82.5768505642836,-97.1046448376185,0.126505704499822,-0.0262293534426782,0.991619043658896,-0.938403269056066,0.320878432618904,0.128204274908922,0.321551879723772,0.946757124345,-0.0159792411614169,37.3946338391151,17.9303676046689,11.5778181106766,0.52213666987488,1252.88430345465,569.448277654471,83.3248987696418,9.85774210819043,88.6557603686636,0,764,0.646963300141008,24,5,34,2.596351,3.162278,2
1101,580.796548592189,146.949137148047,5.87011807447775,12.8113894153879,19.7929195574276,16.5809497316239,6.8753720179732,8.19834080057305,-30.3127155103297,27.9139100885438,-0.854461114272466,-0.123104469905131,-0.504719222623463,-0.359875760442071,0.840927597103418,0.404141328592006,-0.37468071906958,-0.52695926400363,0.762842246364381,24.4849790379251,17.1829933751649,2.95442127409555,0.63568129330254,793.843750495416,581.059356364643,147.120738243213,6.20218654857459,72.1943687556767,0,707,0.649542102839431,25,0,26,2.353418,3.316625,1
466,603.706008583691,120.045064377682,6.12660944206009,9.61898169183121,14.6926991187901,7.97609797297615,6.88484641123185,7.32462621058107,65.0233003833163,-37.9520604931056,-0.418803992007538,-0.0538329982522474,0.906479577584472,-0.65346730732998,0.711016535435917,-0.259684355685151,-0.63054238123179,-0.701111613536589,-0.332954667837327,13.4922129622059,3.97613367965714,2.96256938164076,0.693452380952381,355.674793126697,603.663830944334,119.988074428,6.1343666239366,55.2424892703863,0,412,0.817250098066296,26,0,8,2.767767,3,2
660,603.972727272727,496.589393939394,5.36666666666667,10.8022718965564,15.0107259680236,11.9551907161933,6.39175937331195,17.2207689824839,-27.4982747220315,93.1552742996746,0.84726040160937,0.262607493509192,0.46172190354969,0.424059397397318,0.18906215199714,-0.885680038253789,0.319880351606273,-0.946199137092732,-0.0488236993807005,14.0826183804437,8.93291156628472,2.55341174289507,0.755148741418764,452.213496057655,603.946976986609,496.399446716382,5.29015315532034,75.5818181818182,0,546,0.810655926446805,27,0,8,2.754382,2.828427,2.236068
3502,608.736150770988,127.1087949743,15.4757281553398,18.8410820046064,41.4250046230356,25.9899130039057,9.2628808098399,63.3534164011415,44.7365691614318,-20.9840141147878,-0.318582146611696,-0.634903997900457,0.703848228889084,0.947556444797686,-0.193459808556641,0.254381772923294,-0.0253416610081925,0.74797741672008,0.663240216131457,107.251938001157,42.2172236219118,5.36256005608127,0.407304024191672,1953.04537515032,609.36859292498,127.788927000311,14.7701969329441,97.2364363221017,0,642,0.571017237886724,28,3,58,2.815591,3.741657,2
383,617.394255874674,551.569190600522,3.29503916449086,9.01017827271831,13.2886099247346,7.86833098959764,6.21882470915662,-6.74737229225009,-9.75723428209138,-25.8901357739087,-0.978708704322102,0.115792294508243,-0.169473940818842,0.179187279884007,0.884707541564362,-0.43033066893601,-0.100105897987695,0.451535945890977,0.886619477992909,11.0366971082346,3.86941453511641,2.41711129770106,0.811440677966102,299.240657744916,617.311297260584,551.290129046864,3.48569919251377,69.1958224543081,0,487,0.852306969532406,29,0,7,2.738691,3,2.236068
1868,656.041220556745,207.231263383298,14.860278372591,15.2800960144855,36.9849596596774,9.1947094628707,7.94319196722052,86.4694834945392,-48.0860637071954,-73.8972355207441,0.0411363769305321,0.666745782535912,0.744149084500951,-0.232807706131863,0.730676023583645,-0.641804581259446,0.971652391783527,0.146842126212361,-0.185280920525519,85.4929525642479,5.28391763166275,3.94339366425729,0.858061552595315,958.902548994043,655.360646572755,207.165428390027,14.0107292982873,684.65096359743,0,3111,0.764940342561326,30,0,24,3.74373,4,3
897,654.596432552954,262.245261984392,3.13154960981048,11.9655116397488,19.9419140698885,12.9296106382162,5.55745530363818,-88.4324955824421,-8.27792075817179,-2.92361964536034,-0.0270697012694358,0.989211032974812,-0.143974871120238,0.998525569259908,0.0199784563242659,-0.0504732485290503,0.0470522986405488,0.145128885904237,0.988293320663879,24.8549960481761,10.448426953492,1.93033184074601,0.835195530726257,598.999055985667,655.906738019512,262.454106064396,2.92401636708001,124.784838350056,0,746,0.750907223107278,31,0,12,2.784739,3.605551,2.236068
1298,669.340523882897,432.917565485362,10.0785824345146,13.5339745886422,32.0859009322094,12.8873852282977,7.87102126363695,11.6995326059169,-32.8727490062366,-60.9948194893741,0.822429196667062,0.170309902143307,0.542775048893655,0.366510461224884,0.571073799972762,-0.734537130986169,0.43506355660098,-0.803037516070456,-0.407247405763496,64.3440649144721,10.3802936264091,3.87206098328906,0.511023622047244,874.636996311554,669.137954649216,431.860325673413,9.42854968802313,50.6240369799692,0,467,0.657919475606847,32,3,29,2.394726,3,1.414214
623,783.810593900482,755.988764044944,4.41252006420546,10.5965170548072,18.3628521480063,11.2745867009666,6.42668605731991,58.021419292069,-10.8259594429216,87.2781544405212,0.520176468689609,0.833149269026963,0.187826347836093,0.139641944338693,0.133993854258616,-0.981094172035605,0.842565468555956,-0.536570538271305,0.0466421339169295,21.0746461880962,7.94476907985081,2.58139335495938,0.619284294234592,481.312679703035,783.706010327383,756.018688894131,4.14348247752353,61.2375601926164,0,543,0.732906971390652,33,3,18,2.488926,3,2
598,794.752508361204,396.921404682274,5.25585284280936,10.4528372190594,14.3375654218964,10.9577779980342,7.24402385387864,-80.1671869631807,-3.91929977326605,92.5467246499009,-0.170374423201988,0.983005925051906,-0.0683513513504789,0.0554424620527534,-0.0596925901711931,-0.996675939350491,0.983818422942018,0.173597655489643,0.0443301780774724,12.8478613891975,7.50455616588771,3.27974259972267,0.726609963547995,439.354866149138,794.892836610325,396.926296424054,5.37179487179487,29.0869565217391,0,397,0.781272982886052,34,3,9,2.51337,3,2
859,812.289871944121,86.9557625145518,6.78230500582072,11.7941011246583,19.6320847248553,13.5227873998522,8.18232993108439,61.7299211589688,37.6929693320658,-28.5057923967682,-0.374781425783613,-0.696916282033657,0.611429945884226,0.912159943758441,-0.159211278009548,0.377645344148665,-0.165840646073872,0.699256365570562,0.695368546397412,24.0886719152437,11.42911119135,4.18440769381996,0.559244791666667,605.698521429456,813.089404778441,87.1442735102098,5.97069037366301,67.0454016298021,0,440,0.721477934921385,35,1,15,2.540958,2.828427,2.236068
832,830.085336538462,1018.546875,7.21394230769231,11.6692130223709,19.7298802055907,9.96224218067895,8.16922020563025,-85.1286997523039,66.0809827217199,1.96830636610268,-0.0344295143498413,0.403980533404441,0.914119432662875,0.998466229058937,0.0535841832104687,0.0139256862844801,-0.0433566369828301,0.913196837456159,-0.40520579720632,24.329260807935,6.20289182915618,4.17100992300484,0.64797507788162,556.598865936534,829.921131288067,1018.38554590571,7.0838596886984,42.625,0,381,0.768582853669167,36,0,11,2.844661,3.162278,2.236068
526,832.108365019011,95.4220532319392,4.33269961977186,10.0152633604499,10.6470902880377,9.52124568654832,8.16637507347282,-54.066935644186,-20.4844003100618,76.249291955105,0.549732379253599,-0.758503571443779,0.349952344337352,-0.00701524160934912,0.414726799918213,0.909918934749003,0.835311377622345,0.502666901174755,-0.222667664644038,7.08503322510169,5.66588246397593,4.16810511503988,0.851132686084142,344.577981819807,832.141653501843,95.5200196110476,4.33750976012784,104.697718631179,0,928,0.914507133663341,37,0,1,4,4,4
548,854.810218978102,47.5675182481752,6.89233576642336,10.1529904743564,19.9428981694159,6.66085594122364,6.17260353076231,38.6591433386712,-43.7105592556425,32.2853983168197,0.564448300762724,0.451547898050929,0.691015637689815,0.816327255390371,-0.429581345446692,-0.386095428295951,0.122506848269385,0.78202580738106,-0.611087316769956,24.8574492122307,2.77293761685839,2.38131464674871,0.839203675344564,391.161242095295,854.312444836717,47.1222050603119,6.14430714916152,49.6204379562044,0,425,0.827907875064161,38,0,9,2.892957,3.162278,2.236068
486,881.858024691358,103.275720164609,5.75102880658436,9.7546692625072,13.0921457660739,8.52983182746753,7.76231577889097,-83.0599795210498,-76.4450461746722,109.956007149375,0.0283199355151506,-0.232660637561066,0.972145569851602,-0.449209312628983,0.865838815591593,0.220304650115115,0.892977589136376,0.442935856693297,0.0799928256505591,10.7127675475079,4.54737693780487,3.76584664070123,0.727544910179641,360.013096908861,881.787548315848,103.471493649917,5.23854224185533,29.8106995884774,0,300,0.830341358820089,39,0,8,2.866846,3,2.44949
717,933.152022315202,916.608089260809,3.86750348675035,11.1047003613038,20.3169914892361,10.7749930124294,7.19290337594584,-56.6831062957775,-10.3249334554487,37.8688302719667,0.540374990175203,-0.822113951574305,0.179230356301688,0.59924219987584,0.525542149454154,0.603915751603707,0.590680671667114,0.21893857534475,-0.77663520673795,25.7987589483557,7.25627965111891,3.23361618598082,0.62784588441331,520.905060193151,933.823043141307,916.161198656678,3.65685869284423,53.9888423988842,0,390,0.743712336158947,40,0,16,2.761948,3.741657,2
1990,931.805025125628,935.973869346734,11.7688442211055,15.6057562050424,25.9977204324579,20.4141922711669,10.3833875908396,12.4824858981468,75.1068057436899,-90.4324582113924,-0.250942642580572,-0.0555521720323545,0.966406615414633,0.941904558067895,0.216243642791431,0.257010681574164,0.223256788531957,-0.974757735611665,0.00193990711548445,42.2425917302648,26.0462028802606,6.73842111635005,0.46834549305719,1288.76544871119,931.74362902723,936.176953156315,10.3554294672522,56.4155778894472,0,1173,0.593670712511678,41,7,54,2.499376,4,1
597,951.340033500838,879.291457286432,3.34170854271357,10.4470074146047,21.2048031332826,8.69720148085534,6.03530632256258,-41.2379497662502,-1.72504460960507,31.6690565326129,-0.751637663240407,0.658888930679435,-0.0301031597446399,0.549146526160253,0.650423085937784,0.524774143880295,-0.365347664567091,-0.377908965634954,0.850709055839946,28.1027297450794,4.72758209991202,2.27655765044774,0.709026128266033,453.142233913452,951.054032472718,879.394273546523,3.19377162629758,44.0519262981575,0,387,0.756657144723666,42,0,16,2.435765,3,2
503,962.600397614314,997.087475149105,3.13916500994036,9.86710585983938,17.0065303292463,9.08721627469257,5.75273225081578,41.4243775583373,6.82232137890925,-5.5139694547453,-0.744520319146279,-0.656946147053525,0.118790800358664,-0.66712832809189,0.738807887455544,-0.0954080672207322,0.0250856181036539,0.150281952692282,0.988324868886417,18.0763796149734,5.16109372643984,2.0683705218485,0.74079528718704,382.87963103136,962.497450994471,996.682678729566,3.12802470022259,83.0636182902584,0,580,0.798853578736572,43,0,13,2.524745,3.741657,2
620,992.275806451613,991.348387096774,7.80967741935484,10.5794808243745,21.1936675575869,8.44272587817696,6.39282820652336,11.069109839172,58.6560233470891,-80.9006925110232,-0.51049762087374,-0.0998698604871899,0.854059828143509,0.857986320419857,0.00670589423320968,0.513628761806548,0.0570232676601915,-0.994977910281833,-0.082263631068364,28.0732215338446,4.45497626587744,2.55426577988254,0.702151755379388,450.674308268311,992.401428688726,991.556613843501,7.15514410050086,39.2870967741936,0,563,0.780217672793671,44,0,14,2.736641,3,2
615,175.928455284553,356.621138211382,8.37235772357724,10.5509645652481,14.0843256060841,9.68797233100299,7.44175433240939,34.9439969146975,-83.816637061857,-36.1298691195397,0.0882917663875082,0.0616940366056672,0.994182281996351,-0.0178840964875658,-0.997821066282741,0.0635081000754717,0.995934095751821,-0.0233872941930295,-0.086996042377407,12.3980142361372,5.86605049289247,3.46123172149587,0.786445012787724,413.392824315649,175.825248355051,356.44478131854,7.55908914978712,25.2065040650407,0,429,0.846001762483871,45,0,12,2.57901,3.162278,2
537,293.64990689013,225.175046554935,7.66480446927374,10.0845971582465,11.8170095827656,9.26222054296237,8.25593154924955,-74.303088521479,-82.1073876567698,-138.352454003331,0.0371508694037221,-0.13219578136397,0.990527176957865,0.54129034379098,0.83586935373359,0.0912534229913202,-0.840014628813802,0.532772652149638,0.102609573141351,8.72760721744841,5.36179558665463,4.26002535911838,0.809954751131222,359.975671667192,293.669792929027,225.169345065599,7.54191474787924,35.3426443202979,0,426,0.887552048912755,46,0,7,3.006535,3.605551,2.44949
1093,620.715462031107,144.757548032937,13.4153705397987,12.780284250413,28.4667233903213,9.45420465907504,6.65411885741922,-24.0700446946597,-73.0308883974135,-26.6676037274969,0.266478505830374,-0.119034437851096,0.956462235812729,0.756414962532898,0.640841847216372,-0.130989050354077,-0.597348818017384,0.758388112684911,0.260810007767057,50.6471462863166,5.58637410847977,2.76733111054138,0.732083054253182,690.226970082865,620.841616583921,144.62113056354,12.5811863078129,52.5205855443733,0,502,0.743428102801436,47,0,17,2.918609,3.464102,2.236068
854,662.30093676815,373.050351288056,11.2903981264637,11.7711731875113,21.3052042248665,10.6688743768707,6.97541213008883,-40.3855540518333,-76.4256617406177,-172.604331118048,0.178776540978906,-0.152073055865621,0.972066218976521,0.547229785801596,0.836436979419208,0.0302116035921631,-0.817666502877033,0.526542462807856,0.232754215714948,28.3694829414543,7.11405502934046,3.0410233990369,0.692619626926196,572.136452759306,662.410246344097,372.909379396081,10.5495141819609,35.7927400468384,0,503,0.760833720676187,48,1,20,2.859402,3.162278,2
518,807.484555984556,676.021235521236,6.75675675675676,9.96422928569791,14.892803415745,9.51385793333668,6.09319523668379,55.0171855064893,82.7710283554785,29.2988439343253,-0.0721450017457583,-0.103099544006961,0.992051199660915,0.436177694105818,-0.897751093115824,-0.0615791683434764,0.896963833098992,0.428267975495366,0.109737975548415,13.8622245987515,5.65709329848208,2.32043926202163,0.773134328358209,376.537119090824,807.583195837035,676.051529381901,6.70021576342175,30.4208494208494,0,349,0.828379803969542,49,0,12,2.553581,3,2
443,895.925507900677,1008.55079006772,6.48081264108352,9.45805208458879,13.5113150810673,7.50824088897722,6.60017221739531,39.8959990547904,68.1676211513575,-66.4718924918929,-0.285319607937919,-0.238530370977082,0.928275812163437,0.90901928534402,0.239624743388228,0.340974956893864,0.30377073624495,-0.941107456392553,-0.148459069522677,11.4097272012423,3.52335507793184,2.72264208120481,0.877227722772277,313.712002196214,895.806650748355,1008.45932094811,6.43806417797449,38.7607223476298,0,325,0.895822860003216,50,0,5,3.032455,3.162278,3
987,995.787234042553,943.05977710233,8.40020263424519,12.3530114353755,19.148665266956,12.0202202190359,6.70883541738135,11.8080058137096,-41.0639738660123,85.0255675099368,0.738021538997812,0.154288358289028,0.656901294314281,0.658322567907587,0.0490409774712624,-0.751136724646202,0.14810673367157,-0.98680802845596,0.0653782105597808,22.9169613441204,9.03035588213254,2.81302954109439,0.767496111975117,596.729772701473,995.762139122028,943.125653645032,7.97460122160214,46.113475177305,0,581,0.803374149068322,51,1,10,2.717084,3,2
1324,177.38746223565,243.198640483384,8.04229607250755,13.6237433707369,28.4460602686681,11.1184160372396,6.98087682846274,79.0015793308313,-11.1307128272899,66.5115228356576,0.187193199925171,0.963167272360942,0.193047950920381,0.425022303184582,0.097761099992911,-0.899888220349533,0.885615462657156,-0.250502640267441,0.391067359314982,50.5736465505435,7.72619844857166,3.0457900808855,0.691383812010444,779.017824152934,175.282220324977,242.955462925339,7.36980153494254,165.431268882175,0,1284,0.748506173504341,52,0,18,2.902901,3.316625,2.236068
728,217.81456043956,711.414835164835,9.89148351648352,11.1612007344534,18.6808892838331,10.8084023246003,6.83774384213285,24.7376006969267,-80.9316406000888,64.3006254614255,0.14314922964744,0.0659551399741167,0.987500996233593,0.989630020885904,-0.0214983256516146,-0.142021983353078,-0.0118625382068695,-0.997590969037497,0.0683486553058563,21.810976527177,7.30134755065154,2.9221713031641,0.667889908256881,511.074457348582,217.703583329905,711.12876949027,8.9434730736002,33.3887362637363,0,365,0.765750932798435,53,1,20,2.604816,3.162278,2
1821,247.233388248215,119.405820977485,14.0373421197144,15.1508538136211,30.2800519700794,14.9866651517866,11.9845169597276,6.0162393097904,-52.0201164746557,50.9084846624566,0.611995369430585,0.064498684182061,0.788226862986986,-0.674494018923435,0.562967631620231,0.477624605924382,0.412940051620129,0.823958351791333,-0.388037560400116,57.3050967069193,14.0375082732359,8.97679042237484,0.441454545454545,1173.73036639714,246.870019401855,119.178662691652,13.3968270868825,46.4184514003295,0,575,0.614406423747695,54,2,36,2.638602,4.123106,2
811,378.701602959309,735.844636251541,6.53020961775586,11.570196745193,18.3402604775823,11.6220800991049,7.32943444227454,83.8889923616054,38.9948152572621,-85.5722385282224,-0.082737213945386,-0.772786458553921,0.629250063888948,0.143550374247394,0.615588448898611,0.774883314852008,0.986178403475755,-0.154440768770076,-0.060001712139901,21.0228221490979,8.44204661437569,3.35753807772502,0.687871077184054,547.334473160094,378.602737220715,735.810436797025,6.43118846587619,40.4525277435265,0,437,0.768384433717179,55,0,9,2.584173,3.162278,2.236068
574,710.787456445993,258.048780487805,6.94425087108014,10.3110863381136,13.2377834506933,10.4963855484896,6.43428915190696,-32.2308511727393,-52.6502840766018,66.5746736813566,0.51319297580608,-0.323560909662994,0.794947361352534,-0.40499880238656,0.725319594349287,0.556675359719144,0.756709283442956,0.60763461372032,-0.241187140121951,10.9524319179656,6.88588184890884,2.58750480564672,0.82589928057554,384.31446814454,710.917013777635,257.820707648647,6.5959628324255,38.0609756097561,0,333,0.869104472641377,56,0,4,2.569479,3,2
1006,736.98111332008,758.108349900596,10.9284294234592,12.4317743743527,20.680406209953,13.5928161362376,7.26742317807584,22.6446511100269,54.0563294262144,-45.162907960707,-0.541738833648065,-0.225999606771971,0.80959447494196,0.801309698610138,-0.429703045837468,0.416242788900099,-0.253814505162656,-0.874230787685333,-0.413882503655469,26.7299500630415,11.5477906570977,3.30096497807712,0.66710875331565,663.185996757281,737.331444084588,758.338683558773,10.1440988759764,41.741550695825,0,549,0.732117459768238,57,3,18,2.473704,3,1.732051
562,392.695729537367,774.928825622776,9.04448398576512,10.238725453409,17.7909532729782,7.9040510827943,6.77532724079269,-27.9352596712247,-41.3400774479922,-20.2202847044139,0.663316929737435,-0.351731045946488,0.66052700326413,0.641298255989649,0.722077719469396,-0.25950012314161,-0.385677582429076,0.595725640176135,0.704530882253147,19.7823761475808,3.90462646996386,2.86906620123922,0.756393001345895,401.901592568553,392.637110980622,774.7563123899,8.73962614993149,36.3629893238434,0,340,0.81944902167856,58,0,10,2.336182,3.162278,2
832,462.082932692308,741.045673076923,11.7572115384615,11.6692130223709,23.2405852385155,12.0393207940836,5.88161466036288,19.4348674316408,67.4809728422604,-62.2901989579484,-0.361167569107489,-0.127434277361188,0.923752397549483,0.9259320736008,-0.166383919683272,0.339066639981218,-0.110488832477811,-0.977791847084165,-0.178087960495447,33.7578001392941,9.05907782392843,2.16208693831222,0.634630053394355,610.930764437908,462.176214482127,741.504910305094,10.846241979835,36.7163461538462,0,418,0.70023048376704,59,1,18,2.284173,3,2
473,561.684989429176,602.84355179704,9.39323467230444,9.6669062351407,13.4444996855518,8.21683618878939,6.38201515097368,-27.380498850637,-59.8910419340813,-96.8829075401364,0.445447581348982,-0.230705780322949,0.865072999923082,-0.707510108869995,0.501392925958887,0.498030701508605,0.548640044215795,0.833894463780618,-0.0601175944206481,11.2971607371751,4.21977480958743,2.5456323367036,0.864716636197441,323.878217552501,561.728082722451,602.85985458013,9.02565707133917,70.9471458773784,0,496,0.906448520571734,60,0,7,3.045037,3.162278,2.828427
559,664.04114490161,516.196779964222,9.76923076923077,10.2204745672034,15.2641857697306,10.4420069617029,5.98551594446019,61.8492903608514,-44.8287411748455,-69.2092702430162,0.334603293291166,0.625323635158238,0.704990061937892,-0.00201736123378445,0.74858552669294,-0.663035172128527,0.942356920902244,-0.220431532540924,-0.251740686201697,14.5622104508029,6.81471933676578,2.2391500700867,0.78072625698324,394.06231630457,663.948307029132,516.080129319335,9.2697629145519,51.4597495527728,0,411,0.832773871492213,61,3,11,2.262282,2.828427,2
809,997.096415327565,558.280593325093,9.0185414091471,11.5606778624548,16.1685537016078,11.5645253038923,7.45015293084315,38.3333945488147,73.6237405087253,-92.9158750286325,-0.221161056981396,-0.174871874942138,0.959430880381225,0.720066388125259,0.634206366334696,0.281578908288216,0.657717404032396,-0.753128217672636,0.0143423909486349,16.338883050111,8.35864034402289,3.46904866830943,0.714033539276258,549.790778414423,997.097350370809,558.280213084503,8.35395703492218,35.5018541409147,0,530,0.763693371308665,62,3,14,2.49136,3,1
1265,1008.12411067194,969.895652173913,11.2640316205534,13.4182939339833,24.865110554808,12.9975388151572,8.48120673595224,63.2384942194244,-58.1453944340877,-61.7103434401283,0.237641083859746,0.471235805456033,0.84939009348954,-0.0863846116667014,0.881228125705134,-0.464730770805431,0.967504219178996,-0.0370648906975405,-0.250123528978025,38.6421076814264,10.5585009532199,4.4956792311226,0.571106094808126,816.568550395365,1007.5151845483,969.546536264816,9.86544248602837,51.4877470355731,0,529,0.692710587457698,63,0,22,2.62909,3.316625,2
741,7.21592442645074,150.886639676113,9.01214574898785,11.2272448794261,19.8627641093176,9.54793484719544,6.35510324384566,40.110831470147,-0.136679473307609,97.6274554928796,-0.764797442917449,-0.644266389527573,-0.00238550456659889,0.0837063032923863,-0.103036195599747,0.991149230532645,-0.638809929553427,0.757828715292207,0.132730976725515,24.6580873788997,5.69769124039307,2.5242085774961,0.795918367346939,488.691912974576,6.81887083598076,150.411954252519,8.7273304892439,59.4709851551957,0,637,0.810328494737214,64,0,10,2.794812,3.162278,2.236068
984,150.194105691057,635.963414634146,13.969512195122,12.3404830176163,21.7616873565939,10.823355478123,9.92873500023916,30.7095635956131,-64.5804825350374,86.5776255506153,0.369048833211243,0.219208487295041,0.903189126264948,0.805633403690256,0.40909902748291,-0.42847730928369,0.463419655996456,-0.885768381017497,0.0256241609768738,29.5981897878838,7.32156398786342,6.16123616906089,0.59170174383644,678.981802386842,150.227341601661,635.982153880689,13.7381727369662,36.2174796747967,0,582,0.704621767276697,65,1,17,2.515034,3.162278,2
811,272.503082614057,425.526510480888,10.8088779284834,11.570196745193,19.1921895962719,11.2954438620687,7.82261891550118,36.4135610986283,-19.2455275796667,41.0893809781444,-0.759779482585709,-0.56043537007701,-0.329616950123075,0.621733139039569,-0.477933528124186,-0.620505798937265,-0.190218405160482,0.676381355938655,-0.711565330575337,23.021258843703,7.97419075257153,3.8245854185723,0.627708978328173,555.556035956208,272.324803533156,425.381080730012,10.4050139637592,37.9704069050555,0,450,0.757013265978015,66,0,7,2.580642,3,2
839,286.574493444577,662.42073897497,11.8796185935638,11.7018478271974,14.8446318592413,13.2259012637789,7.18662960649834,47.315097093882,74.0504535734069,26.5477437212474,0.186298806359502,0.201996850681368,-0.961504044226458,0.366239002323326,-0.922380204698175,-0.122815923878656,-0.911680726968734,-0.329259821866808,-0.245817456210901,13.7726934397751,10.9327790149517,3.2279778188124,0.763421292083712,521.087104786699,286.024249230513,662.771233674403,11.2392341180712,85.9666269368296,0,766,0.825559613625466,67,0,11,2.679769,3,2.236068
1020,515.130392156863,797.324509803922,12.8176470588235,12.489177840522,31.352083117581,8.49570016436917,7.14860478497671,36.0294390147156,47.6802838396175,-125.300013701202,-0.544481031965385,-0.39601621812866,0.739399459567685,0.148123817405323,0.822272957628419,0.549478405281124,0.825590540490372,-0.408703239688758,0.389052594543115,61.4345697382317,4.5110575801789,3.19390939823699,0.602125147579693,712.577621804334,515.041080660404,797.258713658347,12.8755906387237,35.2725490196078,0,517,0.687678415167486,68,0,22,2.622644,3.162278,2
682,592.846041055719,487.479472140762,8.80791788856305,10.9209876868537,17.3718574220048,11.4259692754885,6.70647905099562,62.1542208466397,-68.2847285540197,61.5110363109331,0.172821890201493,0.327152020693345,0.929033987334933,0.803156560807681,0.499189432669206,-0.32519140385775,0.570150973952304,-0.802359935233345,0.176483430478847,18.861339393154,8.15954836777547,2.8110538288402,0.655769230769231,499.758689723736,592.692077872012,487.311319390902,8.31630686198921,60.8563049853372,0,435,0.749744611800746,69,0,18,2.414761,3.316625,1.732051
815,874.629447852761,418.034355828221,11.9128834355828,11.5891876643704,17.4338687619644,13.4243129929832,6.04961990711863,-18.2637839908646,80.9125932769646,-44.7664007766765,-0.149984559987235,0.0494975000487919,0.987448545117342,0.437844998997256,-0.8921439202926,0.111224917792933,0.886451571502092,0.449031427601534,0.112135580471143,18.9962362505874,11.2632612083486,2.28736881378788,0.701376936316695,570.77403197447,874.082420246291,418.366624648502,10.7903228934355,63.2699386503067,0,613,0.739250551997448,70,1,28,2.203108,3,1
1199,441.979149291076,767.716430358632,12.8790658882402,13.1807519456469,23.685388486538,10.5039510890638,9.34587298395091,9.66712675232914,29.2336286394216,2.39548001946136,-0.860244141835197,-0.146536290837893,0.488371919653145,0.147654520916255,-0.988366244456161,-0.0364734050044153,0.488034997609,0.040734288837506,0.871873017601581,35.062351734889,6.89581178009033,5.45908386450897,0.665371809100999,768.52405124801,442.010132980028,768.30585406546,12.404607684381,33.9933277731443,0,392,0.710187106022085,71,1,23,2.366763,3.162278,1.414214
918,603.127450980392,456.156862745098,9.46514161220044,12.0581686274759,22.4024149270984,11.3800116036977,7.68709046059331,-13.1629251204948,-19.2243915181525,-109.760592832855,0.919427852388061,-0.215022279467574,0.329268649563918,-0.224747254465803,0.399773823821641,0.888633536052465,0.322708995634087,0.89103664858388,-0.319237521317978,31.3667621603675,8.09404150626842,3.69320998433404,0.589974293059126,647.441074007366,603.070297248205,455.991613899876,9.12390717571766,64.1688453159041,0,1521,0.705524875545227,72,1,22,2.371598,3.464102,1.732051
558,793.933691756272,57.8655913978495,12.7060931899642,10.2143764305724,15.8372844195055,8.69926547963592,6.37690594574631,-57.4117738439079,-81.0386878858579,71.9979710572929,0.0838960166759286,-0.131243956328496,0.987793744823865,-0.245583804576126,0.957988800596301,0.148142002355764,0.96573808732794,0.255014669890388,-0.0481400542674052,15.6762236115195,4.72982624282407,2.54155809005592,0.824224519940916,382.366120242398,794.123656429942,57.7631957773512,11.8380998080614,37.3476702508961,0,796,0.857223732349687,73,0,5,2.697056,3,2
