Volume,Centroid_1,Centroid_2,Centroid_3,EquivDiameter,PrincipalAxisLength_1,PrincipalAxisLength_2,PrincipalAxisLength_3,Orientation_1,Orientation_2,Orientation_3,EigenVectors_1,EigenVectors_2,EigenVectors_3,EigenVectors_4,EigenVectors_5,EigenVectors_6,EigenVectors_7,EigenVectors_8,EigenVectors_9,EigenValues_1,EigenValues_2,EigenValues_3,Solidity,SurfaceArea,WeightedCentroid_1,WeightedCentroid_2,WeightedCentroid_3,MeanIntensity,MinIntensity,MaxIntensity,sphericity,id,nb_branch_pt,SkeletonSize,MeanWidth,MaxWidth,MinWidth
5904,249.273543360434,141.044037940379,12.3711043360434,22.4241458168059,139.911405594943,10.4317555192216,7.67871510037036,-46.994142377705,-10.1635386717918,15.2660273876972,0.671370103095619,-0.719808738943888,0.176458391722772,0.673789406735604,0.691981981257521,0.25916939052635,-0.308658419681467,-0.0551027853644988,0.949575517273278,1223.45008847204,6.80134520080056,3.68516659954087,0.539375114196967,3349.95810206588,253.534681371047,136.968963624502,11.2839596133494,373.070630081301,0,2807,0.471565815605531,1,0,100,2.975282,3.741657,2
1132,285.228798586572,432.621024734982,12.821554770318,12.9305183473267,32.7174456620137,8.28194916542455,6.96818931288069,56.8820217497218,56.3166945459346,-29.0573310086616,-0.30301500346468,-0.464505413101372,0.832115754492621,0.952939735022264,-0.139104938136915,0.269361611224802,-0.00936851594417906,0.874576776152585,0.48479654858874,66.9019531654261,4.28691762366728,3.03472889375904,0.727974276527331,699.776668551568,286.126544503443,433.312297729529,11.1547040194117,280.331272084806,0,1272,0.750623719595274,2,0,18,3.247874,3.605551,2.828427
610,349.37868852459,651.431147540984,3.18852459016393,10.5222933245503,19.2809810955023,7.8440386791316,6.34722819119954,73.4989213499558,-3.07132020701597,-26.779008185287,0.283625414008759,0.957437160981106,0.0535789818940131,0.849125878493834,-0.276716897657384,0.44990332408524,-0.445580370977487,0.0821087164880343,0.891468615082019,23.2347645003199,3.84555892498203,2.51795660694739,0.873925501432665,417.919515493133,350.484758763519,651.624576206182,2.89604970468666,106.860655737705,0,686,0.832296425383524,3,0,10,3.122814,3.605551,2.828427
571,369.800350262697,532.595446584939,4.2399299474606,10.2930913864679,16.2717442456496,9.70405079357423,7.63815373062205,-4.54543665133974,11.2087999853329,54.3960133164829,-0.97784010597334,0.0777379832315513,0.194385012573343,-0.203687161909083,-0.567823327061274,-0.797551383497319,0.0483763084936281,-0.819471460886928,0.571074651484701,16.5481037997394,5.88553761276679,3.64633702578847,0.662412993039443,430.592918983395,369.693256415357,533.044957230953,4.09349512631788,8.80385288966725,0,156,0.772991371827403,4,1,12,2.329133,2.828427,2
2653,375.895212966453,31.5687900490011,4.24274406332454,17.1756379096156,71.435587265354,9.25215464395304,7.60669332602008,-26.7144565357886,-2.50570395928761,118.886168367866,0.892403923337445,-0.449114573556102,0.0437188452667162,-0.251355249495068,-0.414298764745047,0.874744003741666,0.374747616621116,0.79161394211462,0.482609148780402,318.940195496626,5.3501478472264,3.61636145975739,0.63943118823813,1647.49469502524,374.40220919933,35.0621157290401,3.78912660719739,348.09724839804,0,1669,0.562537656552089,5,2,57,2.70559,3.605551,2
351,382.470085470085,448.205128205128,2.78632478632479,8.75190976677816,10.5434395408989,8.71604403521197,5.83983362551315,-46.5483438474523,-5.73374366871843,-2.0837399896789,-0.684301448805123,0.722322896323527,-0.0999057586428319,0.727973164270235,0.684650429328856,-0.0361781940150923,-0.042268182662504,0.0974855018277212,0.994338965176265,6.94775733453691,4.74808897648463,2.13147854835463,0.9140625,263.353466381983,382.77146506986,447.891113772455,2.46626746506986,178.418803418803,0,811,0.913727080249977,6,0,1,3.605551,3.605551,3.605551
528,403.390151515152,419.109848484848,4.3844696969697,10.0279409225411,11.3536779438605,9.82482083618209,7.48112308422838,-61.8310071405594,-31.817977205207,-149.227217110877,0.401133963092965,-0.749084808080324,0.527222433093089,0.630098524974743,0.643403643103601,0.434750044123826,0.664881487543446,-0.157809069271319,-0.730088285878999,8.05662517830653,6.03294402894236,3.49795016258592,0.836767036450079,356.57717091909,403.423869653768,419.04733197556,4.23877800407332,23.2481060606061,0,789,0.885971743818148,7,0,2,3.383914,3.605551,3.162278
667,420.923538230885,396.92203898051,4.2143928035982,10.8403275220331,12.4260633668988,9.28013154936925,8.58593640032496,-77.1536921943642,-10.1913265984458,7.0233745628145,0.218828627416316,-0.959587292393015,0.176935751336282,-0.962843960438552,-0.241761398896322,-0.120345061596634,-0.158257826568216,0.144026574914274,0.976837144076927,9.65044067488656,5.3825525983499,4.60739399190157,0.93943661971831,390.371119180267,421.146786841837,396.656248090437,3.69453101130461,147.211394302849,0,763,0.945707864518051,8,0,2,4.44949,4.89898,4
423,422.978723404255,418.950354609929,3.41371158392435,9.31352136194052,10.8214548847745,8.69030150706267,6.74447365770811,87.1155196083637,18.352993317161,4.04010804453088,0.0477627498765004,0.947932127203127,-0.314870452631539,0.995134789351263,-0.0723533825939228,-0.0668710628750234,0.0861711712062263,0.310144595702348,0.94677603423913,7.31899286395062,4.72008376772849,2.84299530746991,0.944196428571429,288.371475474536,423.205916396273,418.93237319975,3.06068196049411,124.58865248227,0,563,0.944986062508895,9,0,1,3.605551,3.605551,3.605551
700,418.307142857143,564.515714285714,7.17571428571429,11.0162336670513,16.1419565923146,8.96264511168607,7.21611471683013,-59.1120223004063,-50.1745216775462,-151.222212340069,0.32878283230361,-0.549617764779971,0.767998803267743,0.562380013821509,0.767245833297261,0.308322155126923,-0.758703215517462,0.330536146172033,0.561351304298124,16.2851726642606,5.02056296237688,3.25451947540327,0.843373493975904,434.122088775781,418.703566171551,564.498226950355,6.98203532717784,42.7028571428571,0,395,0.878221908935357,10,0,9,3.237912,3.605551,3
1131,432.030946065429,498.42175066313,6.2236958443855,12.9267096524532,21.2162050720209,9.7672745784522,8.22233591100853,-86.7493515303819,-20.2342329911669,65.814229166976,0.0532046822634005,-0.936776871055434,0.345858866650607,0.391147168943186,0.338223864906913,0.855925527972593,0.918788960541528,-0.0897424707873686,-0.38441271431106,28.1329598536278,5.96247829317991,4.22542548959128,0.811334289813486,620.544782576589,431.909438035485,498.338757336572,6.16245024623895,65.5305039787798,0,517,0.845965656838289,11,0,6,3.909102,4.24264,3.605551
798,438.00626566416,454.957393483709,5.09899749373434,11.5080415967407,15.1819367924112,11.2061992553246,7.35113267387213,-79.5918091336952,-7.53269494091209,-115.024865077278,0.179100697989234,-0.975057868839604,0.131091923449686,0.394591388063156,0.193252197662541,0.898304639064605,-0.901232809237525,-0.109159243825557,0.419361041396636,14.405700298048,7.84868135937739,3.3774469743044,0.815950920245399,490.95066544541,438.387363807901,454.885263862682,5.04352060381034,20.5877192982456,0,246,0.847451525310871,12,0,4,3.3097,3.605551,3
610,440.808196721312,624.385245901639,4.56393442622951,10.5222933245503,12.2532664273663,10.4461852136093,7.61885895240622,77.2954317170278,20.1605827508871,-44.4238731585378,-0.206449319501767,-0.915747428469547,0.344652470945253,0.749750988595964,0.0782713720429882,0.657074613280625,0.628690809203245,-0.394056137586917,-0.67042346830451,9.38390863375134,6.82017409481437,3.62793823354128,0.839064649243466,396.838767575955,440.626323657655,624.284415099041,4.1458203562975,26.3180327868852,0,325,0.876509422120343,13,0,5,3.312671,3.605551,3.162278
647,441.261205564142,367.163833075734,5.16074188562597,10.7308770629507,11.8041877478448,10.2040429881069,8.21286327442126,89.6358582213241,16.0145862482437,-78.8051392720484,-0.0061087854432811,-0.961172081391056,0.275882063017502,0.195862427991128,0.269393388057739,0.942902493247416,0.980612355644078,-0.0597949197269924,-0.186611831171055,8.70867802414805,6.50765583144578,4.2156951977711,0.853562005277045,399.629979367575,441.876011725073,367.220151375946,4.71137944612154,35.3276661514683,0,509,0.905236904780954,14,0,4,3.369725,4,3
1395,436.310394265233,662.053046594982,7.94838709677419,13.8630416628387,21.6690126655797,17.0736253367908,9.22222220316994,81.1044205222674,1.66680764201372,-88.7534064982973,0.154568733063305,0.987553767054926,-0.0290871781860857,-0.0259905725577189,-0.0253663753475187,-0.999340300968519,0.987640115070933,-0.15522275663495,-0.0217462393374155,29.3466318688157,18.219292633819,5.31558639779004,0.547058823529412,995.380152181248,436.716892764858,662.450742894057,7.61805555555556,4.43870967741935,0,157,0.60656584613508,15,2,35,2.284219,3.605551,1.732051
730,446.490410958904,245.38904109589,4.98630136986301,11.1714122687261,16.3119323635193,9.51846843366141,7.61939261736031,-36.4513261389265,-13.1628920971821,90.6068102241691,0.783228555296207,-0.578529605749717,0.227720278938202,-0.189451558460688,0.126771360115059,0.973671982369522,0.592166477576562,0.805749661821619,0.0103123861890782,16.6299460895017,5.66257758266305,3.6284464910928,0.770042194092827,472.498546775388,445.385204747001,246.68199008868,5.11362154407929,42.0164383561644,0,451,0.829784950849429,16,0,11,2.967454,3.316625,2.236068
812,456.465517241379,602.459359605911,4.22413793103448,11.5749503187537,20.1022511042282,9.15991930500352,7.6263294554501,-84.310192286722,-4.36253487661963,74.9756953688662,0.0988554929952518,-0.992190201288189,0.0760670491893108,0.250667904255799,0.0988054644609752,0.963017695563616,0.963012561330677,0.0761320212548854,-0.258477701279965,25.2562812160903,5.24400760463602,3.63505631019161,0.766761095372993,549.29997404218,455.161682945154,602.512396694215,4.11214625594791,24.5874384236453,0,356,0.76626425252222,17,1,15,2.637743,3.162278,2
514,452.704280155642,572.498054474708,4.45525291828794,9.93851503129119,14.7786300944402,8.76200890057077,6.97486142825285,-42.085878410158,-23.8502865166,101.085463629055,0.67876602398618,-0.613008354574287,0.404348169161329,-0.423354036162762,0.123261455960661,0.897539956514002,0.600040035953178,0.78040205708121,0.175853872737352,13.6504942167684,4.79829999835509,3.04054324645809,0.75036496350365,374.3065847782,452.150484869728,572.944736534642,4.38847996261245,33.3035019455253,0,298,0.829020754481288,18,1,8,2.97623,3.162278,2.828427
909,459.172717271727,528.13201320132,4.54235423542354,12.0186333645716,13.8612610990856,12.1360844820636,9.11258341740017,-31.4191880887388,-10.6273998204788,-38.9756118756255,-0.838738531410739,0.512353811637894,-0.184421386035021,0.504253157828714,0.60295663898639,-0.618200650535088,0.20553936057779,0.611503772026271,0.764078993331786,12.008409953564,9.20528415973663,5.18994853369228,0.808,547.67986881546,459.369178492904,527.966719968019,4.1888866679992,22.015401540154,0,322,0.828577753746047,19,0,9,2.839864,3.605551,2.236068
1086,474.67955801105,378.160220994475,5.07458563535912,12.752942482987,19.6954023314737,11.2336027484374,8.88671927701762,-55.906078534388,-15.9732246070589,-128.404682538606,0.538908487576227,-0.796146435069726,0.275188110106654,0.39355544045495,0.526804332339365,0.753386561279657,0.744776313604705,0.297704634418485,-0.597227086910115,24.2443045624137,7.88711441935625,4.93586121928228,0.745879120879121,655.949587285741,474.527434291526,377.906375461699,4.48570740324394,34.4033149171271,0,310,0.778933193904157,20,0,12,2.867988,3.316625,2.236068
694,472.520172910663,657.158501440922,7.81988472622478,10.9846683545856,18.0314824832884,8.67546926518217,7.62598202568901,51.981933766187,83.3884984180189,19.7946305508136,-0.0709137480103221,-0.0907064903931802,0.993349673047553,0.534075856132257,-0.844536964533168,-0.0389909660523936,0.842457251283248,0.527759081530251,0.108333428001797,20.3208975340711,4.70398543569503,3.63472511600824,0.726701570680628,466.919860229402,472.60884004884,657.071697191697,6.7243956043956,29.5028818443804,0,332,0.81186052376873,21,0,13,2.986087,3.162278,2.828427
1164,482.940721649485,694.743986254296,8.84450171821306,13.0512302830717,19.9507395622997,11.606186193928,9.68362773580602,-47.6640974726216,86.1086886263629,37.0079482166006,-0.0457047621290377,0.0501656920630075,0.997694581552174,0.99474493627296,0.0938821791873951,0.0408490904467944,-0.0916165185871666,0.994318630908053,-0.0541929308222209,24.8770005676695,8.41897237300786,5.86079038285447,0.667431192660551,693.251343500128,483.208285785165,694.956586454974,8.29823865045894,17.3152920962199,0,387,0.771901807937224,22,1,20,3.085785,4,2
691,494.309696092619,454.32995658466,4.58755426917511,10.9688174402794,13.956502950845,9.17953142910703,8.29460760265764,-63.1459987808998,-14.8766287747508,124.164515510001,0.436577393691638,-0.862256040671546,0.256738582302787,-0.59697134401054,-0.0641479150364369,0.799693853563179,0.673071611158624,0.50239383487649,0.54274767703826,12.173998413559,5.26648732862273,4.30003220512912,0.849938499384994,422.203261901326,495.5201329212,453.753283667432,3.84291432217646,174.635311143271,0,1308,0.895257370358386,23,0,5,3.106789,3.605551,2.44949
702,495.25641025641,581.18660968661,4.22222222222222,11.0267153419443,11.695820311447,10.3339510813326,8.61726898488318,-38.7113695591704,-22.9931555844833,-16.8080740151529,-0.718312172111906,0.575710629837478,-0.390621164413821,0.686818964973509,0.676329120465519,-0.266192843936599,-0.110938418722248,0.459495583768192,0.881224418493346,8.54951329735358,6.67440905946101,4.64108279736435,0.932270916334661,401.553056783764,495.345676236926,581.332427746766,3.76755129646212,373.853276353276,0,1199,0.951260060655841,24,0,1,4.89898,4.89898,4.89898
562,503.758007117438,558.258007117438,4.33807829181495,10.238725453409,13.9321826183879,10.4524564491658,7.09756827491075,-70.2175166088329,-9.93375037507276,-127.854977859141,0.333376168988107,-0.926876935023676,0.172509354157765,0.531349582244984,0.335864286590479,0.777729260373525,0.778799044297625,0.1676136280682,-0.604464821380799,12.131607032007,6.82836536385674,3.14846721356372,0.763586956521739,402.880658091448,504.404218965631,558.346454623119,4.35729775908523,27.076512455516,0,272,0.817457627282273,25,0,4,3.343345,3.605551,3
706,503.681303116147,606.796033994334,6.4985835694051,11.0476191177465,16.959292651008,10.2429564063111,7.6942716343687,39.584941159122,44.4193513419195,-36.945365237977,-0.5504481900828,-0.45512671538243,0.699904609914644,-0.833483037625379,0.347868734163861,-0.429294036508783,-0.0480917459169509,-0.819662745729262,-0.570824112348302,17.9761004514084,6.55738474634933,3.70011349896567,0.666666666666667,511.698364920104,504.596339313492,607.778232915068,4.85336513533133,27.3172804532578,0,391,0.749330188124999,26,3,19,2.315174,3.316625,2
451,514.472283813747,628.390243902439,3.63414634146341,9.51464611403477,12.5208447666257,9.16130832084064,7.00798869969322,-81.6092190537953,10.5439942005213,128.667936611885,0.143459880401254,-0.972591257977073,-0.182990457734367,0.597268872761977,0.23252003058724,-0.767596462345513,-0.789106555760941,-0.000824792267309279,-0.61425578008906,9.79822210437109,5.245598134344,3.06949410093925,0.785714285714286,338.639118250578,514.477543720191,628.558227344992,2.94276629570747,22.3148558758315,0,283,0.839842847203795,27,0,7,2.865028,3.162278,2.236068
540,511.590740740741,530.42037037037,5.52037037037037,10.1033418057638,11.168764805647,10.4500293192024,7.74076535342008,1.6527997527095,-74.6412036259031,140.489513574362,-0.264752536842119,-0.00763938195757599,-0.964286126665198,0.590989881526836,0.788882161453278,-0.168510816488736,0.761995442354191,-0.614497009906566,-0.204343756076203,7.79633170524116,6.82519454826186,3.74496551604429,0.779220779220779,370.709955186413,511.601665888214,530.405651564689,5.09450412579791,23.7888888888889,0,242,0.865058973349999,28,1,7,2.809567,3.162278,2.236068
746,514.093833780161,507.628686327078,4.6916890080429,11.2524407558468,16.4118848574598,10.9883558428281,8.6678807352704,73.5577343711131,1.16812909487048,-71.9853714835413,-0.282990217505748,-0.958906114341413,0.020386286437276,0.302100203531817,-0.0689416083893764,0.950779954384147,-0.910303248276136,0.275220127373234,0.30919553306375,16.8343727859075,7.54649775803835,4.69575977755448,0.690101757631822,548.44237048011,514.780174627632,507.660297894196,3.88659476117103,13.0495978552279,0,323,0.725291092027521,29,0,22,2.251122,3.464102,1.732051
902,517.321507760532,682.332594235033,6.39911308203991,11.9877029213729,16.2192562961885,14.4567339703914,7.03786470651402,-4.26847619995949,-21.8102774901303,-105.472301816593,0.925843981190149,-0.0691023059716796,0.371534377687141,-0.337220699920527,0.292683698312982,0.894772849547272,-0.170572922936452,-0.953709140173895,0.247676712489656,16.4415171750906,13.0623223181668,3.09572122669973,0.647058823529412,608.1511730371,517.161858974359,682.66266025641,5.51554487179487,6.9179600886918,0,235,0.742352657223568,30,1,15,2.67656,3.162278,2
516,518.387596899225,658.364341085271,6.06782945736434,9.95138876981622,12.2173252855107,8.75855516412936,7.12655523393499,54.5421934127799,-74.5822164267746,-64.7722097123136,0.154223554108534,0.216550591022677,0.964012933982663,0.158715269237368,0.957585553139332,-0.240498174067391,0.975204880355427,-0.190094055526649,-0.113312362010459,9.32893982074875,4.79451803519357,3.17423684389539,0.867226890756303,332.895991065323,517.943582998754,658.245327426277,5.53703447321058,27.9961240310078,0,342,0.934563238315613,31,0,5,3.701897,4,3.162278
402,529.271144278607,509.485074626866,3.38059701492537,9.15677361007808,10.4492378642097,8.48931006896898,7.03394349862057,-49.2743571077665,-1.63295156039156,-29.3146570847002,-0.652172683338775,0.757534645596948,-0.0284965230687708,0.669899029856818,0.558315664207083,-0.489406690695885,0.354832468784349,0.338267467873147,0.871589949044327,6.82416074642714,4.50427409044363,3.09227257136166,0.87964989059081,288.080616345499,529.202349759107,509.68869918012,3.02823091877272,29.4303482587065,0,238,0.914367516379978,32,0,3,2.588705,3.316625,2
746,527.42091152815,612.349865951743,5.17828418230563,11.2524407558468,13.1622501854829,12.3150888922282,7.70300359484176,87.4154481239101,21.7105958281163,-42.9990051343197,-0.0418948887335366,-0.928119100336743,0.369918577376318,0.741997759083982,0.219042601092464,0.633608447245612,-0.669092029404291,0.301023710854747,0.679485527212232,10.8278018715778,9.47883840146771,3.70851652388406,0.782791185729276,482.280659200023,527.18789025544,611.949290444655,4.92286345001577,21.2533512064343,0,285,0.824790209210327,33,1,10,2.535576,3.162278,2
844,530.636255924171,525.312796208531,5.96445497630332,11.7250474276333,13.2371154197952,12.3024019067611,9.04763777997518,-77.7267146078104,0.942619206214209,9.87731467289714,-0.212546040638618,0.977012560316613,0.0164510666044105,0.963260778303966,0.206666376983579,0.171515834854156,-0.164173242613052,-0.0523016788263729,0.98504399942432,10.9513265398113,9.45931829221741,5.11623433735213,0.755595344673232,550.072964824906,530.538023030441,525.450689773116,5.45285600273629,10.3921800947867,0,228,0.785161124401827,34,0,1,2,2,2
431,534.074245939675,416.944315545244,3.74245939675174,9.37186914138252,13.3046582885863,8.72176096011994,6.66054945881408,86.7856835047654,29.1594687675071,-39.989078716637,-0.0489649381081964,-0.87189313564498,0.487242029027901,-0.782518664876786,-0.269669644725995,-0.56119766734441,0.620698778761093,-0.408754991074753,-0.669068294956476,11.063370761003,4.75431964034201,2.77268244333179,0.835271317829457,326.034477441976,533.813202158045,416.698064106633,3.59974611234529,36.554524361949,0,309,0.846328130642803,35,0,7,2.724056,3.605551,2
877,531.754846066135,669.523375142531,5.23717217787913,11.8759125337654,16.2606194228121,10.9518341539556,8.3238594673785,-85.1638520536838,-2.98388005023288,68.6791739989045,0.084192213553529,-0.995088915033867,0.052054993551801,0.358207214842181,0.0789726593993336,0.930296141184303,-0.929838299067082,-0.0596772171277946,0.363096911779648,16.525484000846,7.49641695848429,4.33041477704167,0.74957264957265,568.43733058616,532.834027504912,669.248722986248,4.77060903732809,14.5096921322691,0,245,0.779473333363163,36,1,19,2.711343,3.316625,2
568,535.299295774648,431.392605633803,6.68838028169014,10.2750332943177,12.6694384881579,10.4234619512632,6.6356215064763,-4.91460275784121,-52.2822196270822,-69.6342261860813,0.609523362532187,-0.0524110773172088,0.791033722101597,-0.768674286924507,-0.283200294875307,0.573530673637984,-0.193961622875653,0.957627626980858,0.212904243486255,10.0321669753261,6.79053494058944,2.75196704857568,0.824383164005805,373.355716565872,535.33716130398,430.945226502964,6.53879127857748,33.2676056338028,0,493,0.888369302135062,37,0,6,2.908248,3,2.44949
690,549.311594202899,378.95652173913,5.79130434782609,10.9635236086462,15.1161049508456,8.71471270814942,7.92435683208399,-21.150434247315,-43.5919756746115,-173.341888631618,0.675479026199477,-0.261329012547737,0.689518116053111,0.283823971902339,0.955192205500015,0.0839750172706044,-0.680567438346992,0.13897840750578,0.719383739119095,14.2810393053112,4.74663859909881,3.92471445013726,0.850801479654747,422.684090672755,549.34995380253,378.814318029758,5.58489183419887,45.4884057971014,0,371,0.89337600397791,38,0,6,3.361485,3.605551,3.162278
479,550.787056367432,619.091858037578,4.34029227557411,9.70760947830282,11.4203690987137,9.75117842293566,6.53445768169004,80.4221924359097,9.6673284120162,-72.5529892758312,-0.164024032198501,-0.972057892448065,0.167927277685225,0.322299720304889,0.108081897416314,0.94044733703822,-0.932319155199943,0.208378878920861,0.295565958234283,8.15155189692845,5.94284253974538,2.66869607461238,0.891992551210428,324.425992606068,551.165358744395,619.209386465552,4.1734101100693,40.9686847599165,0,425,0.912554528702721,39,0,2,3.162278,3.162278,3.162278
1237,546.360549717057,659.96038803557,7.89894907033145,13.3185524629893,25.8480946434227,10.1094876811747,8.1092490799737,-61.195907578339,-31.1183371395494,-144.07197766659,0.412483736148366,-0.75017820247923,0.516807345089171,-0.563456663399477,-0.655879293822674,-0.502333495205526,0.715802875017846,-0.0839941453894435,-0.693232448502292,41.7577497934587,6.38760882348893,4.10999504006589,0.693774537296691,738.296718868531,546.550224533207,659.919640746868,7.76346017489955,17.1018593371059,0,255,0.754801902073503,40,0,18,2.945567,3.605551,2.236068
747,558.40562248996,410.369477911647,4.69477911646586,11.2574664111626,15.6856070894874,10.6807038088913,9.7764881551766,-11.6707207294284,-18.6594421167348,-67.2445285791837,0.927849974611587,-0.191654060639188,0.319942409901826,-0.367184195223106,-0.319119869349128,0.873692323283749,0.0653467014595008,0.928133196274709,0.366467704690682,15.3773918603612,7.12983961582907,5.97373254051927,0.646193771626298,551.001723528345,558.275019143547,410.965306002238,4.51717028921482,22.7269076305221,0,276,0.722567186017258,41,2,18,2.098672,3,1.414214
350,565.062857142857,457.934285714286,4.02857142857143,8.74359045590235,9.32344779297053,8.39813686648027,6.81169927367954,-27.1724860472597,-54.0089866958049,-45.7473803629835,0.522801893153267,-0.268366391639288,0.809109177029817,0.834255566003024,0.356149211130749,-0.420922071176981,-0.175202257714717,0.895062690122571,0.410081637777422,5.43291742176544,4.40804392675845,2.8999529371904,0.89058524173028,254.006339768646,565.137107474569,457.884932920537,3.87756155093616,38.76,0,1050,0.945550940703143,42,0,1,3.162278,3.162278,3.162278
1127,563.580301685892,302.466725820763,7.63442768411713,12.9114523828576,19.1197699485442,10.3681511409293,8.6666858281508,75.6697172490668,24.9712356094175,-35.5725685656141,-0.224373755427797,-0.878313520609057,0.422163211792015,-0.848856512142441,-0.0366246671812072,-0.52735306536251,0.478642914570557,-0.476680179228368,-0.737344537555012,22.8478501803283,6.71865988007209,4.69446520274187,0.819040697674419,607.580499109648,563.06201660216,302.236622638958,7.71975322157894,137.782608695652,0,772,0.861978120293868,43,0,6,3.605541,4,3
524,569.396946564886,699.395038167939,5.16984732824428,10.0025536217189,12.4597866948283,9.94590184007426,6.97994604635977,-54.8666063015531,-35.6721919726546,75.3497125781148,0.467502380563129,-0.664365182021164,0.583147004695894,-0.117839247462632,0.606950768774771,0.785954627215309,0.876102411779153,0.436153263431215,-0.205462636197078,9.70289278003877,6.18256021327453,3.04497792563084,0.776296296296296,367.657384458582,569.302754000744,699.304614812058,5.00018608113137,20.5114503816794,0,271,0.854925666984137,44,0,4,2.723231,3,2.236068
642,570,499.763239875389,5.52336448598131,10.7031628975528,14.124450278834,8.98201347714516,7.83088133914908,-67.4785360397684,-42.4138517584034,-126.601497769234,0.282787735355046,-0.68198725628511,0.674480895947003,0.343373106576886,0.728559339592896,0.59270245348885,0.895614876167487,-0.0639896160065926,-0.440203728551708,12.4687559799533,5.04228538147608,3.83266890923958,0.818877551020408,412.952305915219,570.624334952579,499.393708073097,4.52324774462179,13.4672897196262,0,229,0.871513758482193,45,0,6,3.033349,3.605551,2.44949
886,572.851015801354,660.083521444695,6.02483069977427,11.9163989123755,12.8890366282581,10.8680293102138,9.40221748019036,-50.6188083590415,-40.9903518280788,71.0171734067768,0.478915818307406,-0.583432034678694,0.655931932357029,-0.142114266142188,0.685810413477975,0.713769999456433,0.866281232818659,0.435053028579101,-0.245531439922338,10.3829540752862,7.38212881797916,5.52510584654982,0.870333988212181,483.429656256035,572.98150240885,660.344223432548,5.98053377063667,132.834085778781,0,895,0.922798011821272,46,0,2,4.35284,4.582576,4.123106
729,572.894375857339,679.659807956104,6.1042524005487,11.1663088361892,12.8881313003373,11.8375399310194,7.44016967397123,82.4612350459986,-64.4267312530225,-47.3194360588131,0.0566331253684668,0.427933781102816,0.902034017153481,0.585050658280462,-0.74633336322955,0.317336159578554,0.809016944418717,0.509763857017654,-0.292630131261099,10.381495525921,8.75795947615495,3.45975779859257,0.812709030100334,450.987832118783,573.507541933148,679.628454205382,6.54464824423796,22.7352537722908,0,378,0.868568987738965,47,0,7,3.349223,3.741657,3
1246,569.365971107544,362.034510433387,6.49357945425361,13.3507748929216,16.8244911672677,13.1603895988985,9.71000668795862,76.9265815496012,18.147397748778,-66.6126262336967,-0.214947899934637,-0.92562866622759,0.311462634310154,0.451321633559679,0.188675100484819,0.872187187212737,-0.866086706626255,0.328044629150936,0.377200925092334,17.6914689398418,10.8247408996747,5.89276436751257,0.76161369193154,708.974156741156,569.191627655047,362.181839285023,6.50280496769451,20.7439807383628,0,473,0.789827797939665,48,0,1,4.123106,4.123106,4.123106
574,579.634146341463,465.729965156794,4.87282229965157,10.3110863381136,17.1541802696182,13.7412431869028,6.1406542125582,-62.5563307210009,-33.8686881298337,87.847539246704,0.382673427557177,-0.736876727928718,0.557291427960908,-0.223329199928296,0.511537239054198,0.829731113988258,0.896484866744012,0.441975498074129,-0.0311856184979041,18.39161879516,11.8013602701001,2.35672713488804,0.56551724137931,463.187008156557,580.146450364638,465.467926774818,3.76157166244977,11.705574912892,0,252,0.721111381112651,49,3,19,2.326434,3,2
382,576.96335078534,378.685863874346,4.44764397905759,9.00232968140077,11.5761807948063,8.0232168102869,6.74881157512012,-39.1280124785554,-58.5199220028095,-161.158727196012,0.405091971154298,-0.329538302678618,0.852821787933458,0.38359005775346,0.907974621952559,0.168643865832129,-0.829915153795267,0.258817682853786,0.494220845921309,8.37549761212762,4.02325049905439,2.8466536047797,0.835886214442013,285.918844714534,576.838764868828,378.852818966922,4.62257617728532,64.261780104712,0,621,0.890465133997127,50,0,4,3.038246,3.162278,2.828427
674,588.593471810089,641.007418397626,3.97774480712166,10.8781178140506,12.3875139940168,9.92082464997142,8.53768616264739,-29.2651623797662,1.50232627339897,-22.8394603188429,-0.872066804846592,0.488684078640571,0.0262175355034066,0.441646671566547,0.808944403413881,-0.388016970865388,0.210826244521043,0.326797832717075,0.921279257962848,9.59065643449765,6.15142260846754,4.5557553132413,0.898666666666667,404.396412642003,588.646289113353,641.056586264679,3.70497833619291,222.238872403561,0,770,0.919284832163754,51,0,2,4.24264,4.24264,4.24264
470,586.482978723404,530.231914893617,5.22340425531915,9.64642544023908,11.8191135650833,8.31671617914659,7.71599778063355,-2.1514303793591,-65.1789206954603,153.118621656049,0.419490120640783,-0.0157590699288444,0.907623099309267,0.443572068559594,0.875909942982106,-0.18980408788761,-0.79200496127142,0.482217195359168,0.374425850898938,8.73071534152102,4.32298550027992,3.72103885942137,0.837789661319073,336.838037160118,586.428861629815,529.717634190171,4.3093991718103,27.231914893617,0,313,0.867883773293589,52,0,7,2.957954,3.316625,2.236068
575,591.017391304348,511.478260869565,3.46260869565217,10.3170707192238,11.7066054615465,10.1068382003468,7.47496142765673,55.9476174581858,1.38636688721776,-18.3744731667774,-0.559786703884841,-0.828283454936332,0.0241943057862457,-0.790555434621326,0.525083497076421,-0.315133980853671,-0.24831623173774,0.195534752350392,0.948738746799581,8.56528821451943,6.38426115049929,3.49219052155974,0.958333333333333,358.834599660023,591.065774218217,511.468321643245,3.09702087770222,211.500869565217,0,776,0.931897991151716,53,0,1,4.472136,4.472136,4.472136
401,594.827930174564,707.274314214464,4.54862842892768,9.14917462433869,11.6160649590072,8.33686117829511,6.40704604162543,-12.8291787395676,-55.1858142434721,-34.3209723363907,0.556664717498125,-0.126769278263131,0.821007882045829,-0.634736963108339,-0.702488387889109,0.321899134116518,0.535941582597148,-0.700313940293641,-0.47151564669018,8.43331032074215,4.34395339413526,2.56563993621926,0.897091722595078,286.570928748981,594.889214069068,707.316447613473,4.55855903793966,46.8653366583541,0,447,0.917659521278338,54,0,5,3.095508,3.162278,2.828427
461,599.318872017354,538.672451193059,2.9587852494577,9.5844552580197,13.8851866765352,10.1980760568139,6.04712352871191,87.7159262610143,7.02680188143187,11.7720626113074,0.039554706850289,0.991700514024488,-0.122333624362047,0.977194515458453,-0.0639543202450751,-0.202486354799305,0.208629585926606,0.111534458377477,0.971613997671161,12.0499005651394,6.50004720378502,2.28548143571882,0.764510779436153,362.81721112591,599.573999070447,538.495451829228,2.67432441404953,32.6702819956616,0,310,0.795420648442232,55,0,10,2.47919,3,2
523,606.518164435946,634.894837476099,2.90439770554493,9.9961866221489,19.0702175011561,7.11179833036397,5.89244072872017,-32.2205779245409,0.15743190340028,-10.674695640964,-0.84599853408498,0.533178141395498,0.00274770160454251,0.52352272681618,0.831632782928086,-0.185231932631063,0.101046696299368,0.15526745923512,0.982690989716327,22.7295747213375,3.16110471823548,2.17005360884251,0.895547945205479,377.460324357489,606.44918798792,634.990574961536,2.55963302752294,167.772466539197,0,815,0.831662797887581,56,0,8,3.224758,3.605551,2.828427
782,606.419437340153,503.245524296675,4.56649616368286,11.4306091990536,16.7288858663684,10.4957208782883,7.88251960209195,48.0389635701037,-4.17391000392133,-61.347856472825,-0.666851702823891,-0.741627458782665,-0.0727840560867771,-0.313843091175406,0.368094276198622,-0.875219468448502,0.67587818470664,-0.560798819728946,-0.478218949047691,17.4909763956238,6.88500979718357,3.88338220483524,0.765915768854065,510.719833762113,606.616557430391,503.373355645424,4.38032817366244,27.5102301790281,0,305,0.803722085634894,57,0,10,2.801011,3.162278,2
838,610.546539379475,652.268496420048,5.67541766109785,11.6971968538032,13.4184731279799,10.9746646765627,9.08287822723086,-1.0507152678895,-56.8864582340923,4.7413062539207,0.546208081911819,-0.0100177276504079,0.837589622898311,0.050946335199781,-0.997680034286387,-0.045155510361703,0.836098799295827,0.0673364263904503,-0.544430531378467,11.253463817895,7.527704047687,5.15616730566903,0.815968841285297,494.696399096042,610.784623417308,652.000261062524,5.12217726145412,18.2840095465394,0,254,0.868909851341067,58,1,7,3.622525,4.24264,3
729,617.21536351166,468.183813443073,3.79835390946502,11.1663088361892,13.6365214283385,9.84794950730956,8.28684092118284,56.3833728156059,3.45522434986468,-21.0523392454236,-0.55262684554622,-0.831246821324711,0.0602684960754726,-0.78916205113699,0.498650692722438,-0.358567627781274,-0.268005273505752,0.245715707037618,0.93155620586635,11.622169791596,6.06138184365741,4.2919832783119,0.921618204804046,429.018698412092,617.390167002299,468.068421445184,3.34910464256897,202.308641975309,0,721,0.91304655549009,59,0,2,4.62894,4.89898,4.358899
479,617.839248434238,535.434237995825,4.60125260960334,9.70760947830282,10.843109120056,8.5585846791309,7.91213683798036,18.1395261476095,46.2666860775159,-46.213090098441,-0.656945729614496,-0.215224693207423,0.722565318691015,0.711143634446057,-0.495186621793385,0.499064064809027,-0.250393768948292,-0.841705733038944,-0.478366407099457,7.34831346184012,4.57808573186589,3.91261933393287,0.883763837638376,318.081643418368,617.981213872832,535.552917698872,4.34172859895403,30.3382045929019,0,263,0.930756033576399,60,0,2,3.383914,3.605551,3.162278
1141,620.21560035057,610.815950920245,10.546888694128,12.9646960878373,23.8921835987638,10.8191278333798,7.77343541817909,-57.8514527963891,-41.7077439055132,93.8960907974915,0.397250397845269,-0.632081034066733,0.665331261692178,-0.410744281958421,0.525859237295639,0.744822930225239,0.820659037755776,0.569162216704499,0.050725879250974,35.6772773198147,7.31584544218835,3.77664363753757,0.694461351186853,685.279519249413,619.174143145161,611.526797715054,10.9619875672043,20.8659070990359,0,286,0.770560604702676,61,0,16,3.133199,3.605551,2.828427
588,620.863945578231,620.5,5.56292517006803,10.3942438513616,18.3193384236238,7.84159113626488,6.95716193465933,-16.4415399818873,-28.2625371445234,-18.2092175431662,0.844770900227292,-0.249295258872454,0.473512407475123,0.410779229015861,0.869198490863764,-0.275235187592883,-0.342961442640868,0.427019738869143,0.836678905840122,20.9748850174537,3.84315947177175,3.02513138656705,0.75,418.158723225172,621.37323943662,619.920224471831,5.21643926056338,15.4557823129252,0,210,0.811698071537637,62,0,9,2.604709,3.316625,2
835,625.697005988024,512.471856287425,4.18323353293413,11.6832216949124,16.3421856069616,11.2623023540164,7.90743058180301,-79.2799907009448,-25.2907811483022,4.54199183421467,0.168180966327305,-0.888371957591453,0.427212391592687,-0.973169403692573,-0.218666015086,-0.071599480187016,-0.157023801641203,0.403708358609948,0.901311869946583,16.691689400774,7.92746589458019,3.90796615037709,0.78847969782814,557.964426850792,626.098274149491,511.978209585299,3.57126893469084,19.2910179640719,0,399,0.768543753093132,63,1,21,2.281589,3.316625,1.414214
482,625.904564315353,640.941908713693,4.59958506224066,9.72783372317443,12.4366105155812,9.0520017098464,6.40121055810842,-17.0774333502159,-26.0155161751409,-89.6866901936044,0.85905158337282,-0.263908449542996,0.438614531638503,-0.420875031395647,0.123576148917787,0.89866186264154,0.291366753512415,0.956598800792924,0.00491419059204471,9.66683006976663,5.12117093469139,2.56096853807742,0.909433962264151,327.422168712764,625.831546467235,640.941164165054,4.43590816379896,39.6701244813278,0,356,0.907975372774492,64,0,2,2.995352,3.162278,2.828427
964,625.678423236515,494.860995850622,6.67116182572614,12.2563024777047,18.0824840064417,10.2531718649293,8.88393705261151,-64.0579006410109,-30.2420032905644,5.49860568336085,0.377926516028255,-0.776855709598411,0.503653407560294,0.873986462179209,0.478847582358344,0.0827807755281286,-0.305481934670799,0.408901209748662,0.859930571764876,20.4360142402013,6.57047083073616,4.93277109717273,0.763866877971474,574.625185031076,625.9909606633,494.372046630509,6.05859983791534,16.6400414937759,0,261,0.821266592890961,65,0,12,3.255548,4.123106,2.828427
551,631.281306715063,789.150635208711,3.78402903811252,10.1714841226466,11.6167191147496,8.70968617339246,8.16754703698213,-9.32802473018785,11.1483127904424,18.3552260497449,-0.968156058116986,0.159027920519781,0.19334934090018,0.213921930159988,0.926702734059541,0.308965128264012,0.130043280979854,-0.340488124876223,0.931212425760239,8.43426018693686,4.74116457743649,4.16930153758223,0.930743243243243,343.349177751513,631.136286919831,789.189493670886,3.37195499296765,258.076225045372,0,962,0.946634900616827,66,0,2,4.182873,4.24264,4.123106
468,631.726495726496,812.717948717949,3.3525641025641,9.6327231129306,11.0632478462269,9.55564961393145,6.62729464247813,73.9580759605088,9.45433188584463,-20.0943669514931,-0.27258707018468,-0.948005523813168,0.164261425745223,-0.918153402654097,0.205281973105851,-0.338900635455989,-0.28755976485391,0.243197118275464,0.926371709034594,7.64971580669019,5.70690247151427,2.74506464238871,0.939759036144578,310.577231996391,631.527086564721,812.481791624242,3.04955799370058,224.549145299145,0,854,0.93859537859831,67,0,3,3.696289,3.741657,3.605551
472,634.406779661017,476.997881355932,4.16101694915254,9.66008895062633,11.8109587643196,8.54866565076822,7.78872538851728,-27.0584165076693,-48.8451022818146,-175.248007220848,0.586063773171275,-0.299367454119549,0.752933185077021,0.397787279171478,0.915856428899863,0.0545186405933255,-0.705899804721322,0.26755584287541,0.65583483945093,8.71867168327869,4.56748027553902,3.79151519860835,0.841354723707665,333.072010400119,634.394919351643,477.071216264416,4.09919549795902,53.4597457627119,0,650,0.880185044690409,68,0,4,3.149064,3.605551,2.828427
440,635.638636363636,658.575,2.94318181818182,9.43665370360164,12.0688706655005,8.92015481641951,6.10487345505745,-59.2327840490757,-3.25997775891211,-2.19220895182044,-0.510723491988157,0.857862284223915,-0.0568666513657207,0.859736634755349,0.509307805261217,-0.0381900295829905,0.00379915661301316,0.0683948887427263,0.997651094122038,9.10360244628617,4.97307262180576,2.32934249389157,0.948275862068966,303.824257060798,635.956194169379,658.582605082751,2.51450038086005,328.204545454545,0,1022,0.920796085212298,69,0,3,3.162278,3.162278,3.162278
916,636.204148471616,622.635371179039,4.58406113537118,12.0494054204448,13.2785392661626,10.6913318993975,9.48115210085996,-31.7008976390913,-19.102984886428,-13.1495387829653,-0.803950748434498,0.496547502141981,-0.327267126684257,0.575049775715093,0.789371586831698,-0.214965702736106,-0.151594688368793,0.361016725401145,0.920155407764907,11.0199753151888,7.14403611144221,5.61826532247758,0.923387096774194,480.285678972753,636.354652610313,622.292309552772,4.14533671937799,306.936681222707,0,985,0.94968913571208,70,0,3,5.091728,5.477226,4.89898
811,639.081381011097,573.863131935882,4.72256473489519,11.570196745193,15.12082184992,12.8031244689096,9.7635842706441,-73.3660712935053,-9.7878183351223,125.586064152194,-0.282089083860086,0.944206414396057,-0.16999998758917,-0.597148700836047,-0.0341136426191977,0.801404821845409,0.750892254492479,0.327582823726444,0.573454719871248,14.2899533385637,10.2449997603994,5.95797361312306,0.615326251896813,573.154780771034,639.318527796512,573.524295853807,5.1176092751389,38.3933415536375,0,358,0.733769137626748,71,3,25,2.526998,3.605551,2
1354,656.112259970458,158.823485967504,3.31757754800591,13.7258741944273,55.1716379088182,7.14502958513091,6.00404601874749,78.4906981596821,-2.29558043958427,73.0047046359804,0.199366897470928,0.979105949172407,0.0400547186735423,0.29405882206177,-0.0207851420264934,-0.955561294234223,0.934763204967151,-0.202285733965939,0.292058611366624,190.244351846359,3.19071548577471,2.25303553720235,0.681086519114688,971.263493846564,657.74780471222,159.26614889778,2.7374179545514,141.214918759232,0,716,0.609386508835827,72,0,39,2.4506,3,2
