Volume,Centroid_1,Centroid_2,Centroid_3,EquivDiameter,PrincipalAxisLength_1,PrincipalAxisLength_2,PrincipalAxisLength_3,Orientation_1,Orientation_2,Orientation_3,EigenVectors_1,EigenVectors_2,EigenVectors_3,EigenVectors_4,EigenVectors_5,EigenVectors_6,EigenVectors_7,EigenVectors_8,EigenVectors_9,EigenValues_1,EigenValues_2,EigenValues_3,Solidity,SurfaceArea,WeightedCentroid_1,WeightedCentroid_2,WeightedCentroid_3,MeanIntensity,MinIntensity,MaxIntensity,sphericity,id,nb_branch_pt,SkeletonSize,MeanWidth,MaxWidth,MinWidth
515,25.7203883495146,4.04660194174757,2.16116504854369,9.94495606681504,35.8428292804933,5.80631310089149,4.04361797511222,-84.5140929495513,0.47523935890318,4.49900228557439,-0.0955976250567604,0.995385501738499,0.0082943964400341,0.992414756769037,0.0946586917119418,0.0784390376689875,-0.0772919441504763,-0.0157300671384754,0.996884406717879,80.2942756769118,2.107079489099,1.02192789554066,0.787461773700306,482.431128684055,25.2017469480678,4.23088404399893,1.90678103910887,334.341747572816,0,1177,0.644051042871557,1,0,29,2.244812,2.828427,2
762,118.337270341207,237.143044619423,2.86876640419948,11.3323187855821,31.8380053692481,7.97065500843361,4.82760221734736,-84.7643034376202,-0.840808164754383,-32.4783907628388,-0.0912431954241158,0.995720514458056,-0.0146743441482264,0.840793395542281,0.0691335294112945,-0.536923664149401,0.533611417888783,0.0613287224595594,0.84350319649673,63.3536616182668,3.97070882896674,1.45660894805857,0.816720257234727,600.178856116765,117.512091452415,237.583049489658,2.54854447268473,455.409448818898,0,1762,0.672212752602628,2,0,14,2.207696,2.828427,2
1343,127.010424422934,788.994043186895,8.36038719285182,13.6886030615409,38.3000060364879,8.98218677516866,6.71776319608355,-34.8718521347888,-26.0580989268401,-125.484278987795,0.737035092347907,-0.513624688921933,0.439282314209848,0.0384190706892714,0.680754944365474,0.731503028516856,0.674761622838084,0.52226658389352,-0.521473266518149,91.680653899688,5.04247995400094,2.82052139741591,0.730288200108755,818.519249061932,125.760443652354,790.674307890487,9.35081240315775,364.737900223381,0,1475,0.719182706508235,3,0,25,3.021653,3.605551,2
786,142.865139949109,272.396946564885,9.06361323155216,11.450065592685,24.3104705688706,7.58407230866446,6.60753326292564,54.8045001752864,48.4732781811819,-47.2879633030389,-0.382114364679188,-0.541771976399064,0.748646604142751,0.871362831257258,0.0585651650345333,0.487131335214451,0.307758718169211,-0.838482705267754,-0.449701372421426,36.9374362049954,3.59488454894069,2.72871848879179,0.797160243407708,514.810963068112,143.154736773043,272.616658497709,8.7882220361158,329.657760814249,0,1491,0.800051668142449,4,0,13,3.12714,3.605551,2.828427
2162,158.278445883441,85.4976873265495,6.89962997224792,16.0430039009682,71.1783487275955,8.07269552789392,6.46468697537554,-19.0245566190657,-10.6342817582718,-55.0710251377903,0.929142172436428,-0.320374811152629,0.184539436920761,-0.329672446727637,-0.491967922177656,0.805781385623181,0.167364575907589,0.809523034834166,0.562726891843775,316.6473329742,4.07302581787993,2.61201110559938,0.625578703703704,1431.12362821837,157.179705010856,88.5653065053911,7.52784210059654,224.314061054579,0,1531,0.564994342133706,5,0,61,2.703194,3.162278,2
2740,197.884306569343,286.937591240876,6.05547445255474,17.361369497987,78.0806348909784,9.53938741276746,6.77100370967358,20.5057694376353,-6.8437149628719,-42.5163842130357,0.929963270070678,0.347805756840213,0.119161536698126,0.182774926999685,-0.718589812260244,0.670985847671951,0.319001006863163,-0.602212451900983,-0.731832303465551,381.036596561142,5.68749451317927,2.86540570227595,0.640486208508649,1678.62888990408,198.097207895961,286.853382935906,5.99452399733026,288.718248175183,0,1514,0.564109144348587,6,0,66,2.929148,3.464102,2
1370,197.151824817518,582.665693430657,4.05109489051095,13.7797281023566,43.521383802323,7.47651722092084,6.26863097378502,48.1912767227664,-4.26279428286221,83.641439213855,0.66480175954688,0.743312516159024,0.0743311766670941,0.131798091313119,-0.0187674156079068,-0.991098908907491,0.735301219657353,-0.668681005736474,0.110443781797196,118.381928004319,3.49364435967036,2.45598339284357,0.851460534493474,887.562831019379,196.936580863554,582.443494201387,3.99755578736373,285.494890510949,0,1176,0.672097163495995,7,0,28,2.813902,3.464102,2.236068
982,219.520366598778,833.149694501018,4.59877800407332,12.3321165858873,29.5647215718478,7.51642796735383,6.7444551313561,47.4961289214262,12.4874402369301,71.6608361470183,-0.659656692866185,-0.719791316522164,0.216225595654487,-0.093292762442962,0.363896399493723,0.926755561575578,0.745754321497776,-0.591168225714808,0.307198015736751,54.6295476013054,3.53104308677617,2.84297968867972,0.833616298811545,635.07801254287,219.61898334731,833.231698983272,4.52234398396253,537.946028513238,0,2231,0.752312086806567,8,0,20,2.859988,3.605551,2
3106,231.013844172569,509.538956857695,6.5099806825499,18.1023216082526,76.5946144202546,11.50481549878,8.51843088248834,-5.1913766078751,-6.4704252658575,-93.7864121612745,0.989554313205203,-0.0899063313922828,0.112690340280614,-0.106007881681008,0.0759406523300097,0.991461217771627,0.0976964187597725,0.993050788680657,-0.0656166203201712,366.670934886717,8.27254872881057,4.53522904373326,0.519224339685724,1932.97989498894,231.158570832109,507.941764733171,6.02166947593054,416.400515132003,0,1725,0.532587646287032,9,4,85,2.719782,3.162278,2
721,236.841886269071,409.671289875173,3.34396671289875,11.1253123814313,29.3966520399051,6.92510521127385,5.59690616993815,23.710020789593,-0.771668234869782,98.6520749645621,0.915509241477224,0.402071447175907,0.0134677442680829,0.0483000418293269,-0.143090014732661,0.988530400970598,0.399386948621363,-0.904358224958273,-0.150420298567837,54.0101969472035,2.99731763670077,1.95783491719324,0.782844733984799,538.51115399663,236.858378804442,409.692416685825,2.87717874251076,295.615811373093,0,1012,0.722070492479271,13,0,17,2.446622,2.828427,2
2514,265.904534606205,456.366348448687,5.99443118536197,16.8702771361988,60.2725436728045,11.1523435115332,8.47523835500265,-82.812465644739,8.44333586039932,-112.306193898302,-0.12376130237117,0.981388674804421,0.146831226246373,-0.393570005212375,0.0872871126497108,-0.915141306554571,0.91092578788424,0.171047446431972,-0.375442379116395,227.048720049382,7.77342286245238,4.48935407338177,0.478310502283105,1550.77368898356,267.087090582433,456.239125497043,6.04816258650422,408.041766109785,0,1456,0.576561823666598,14,1,59,2.832562,3.162278,1.732051
930,270.67311827957,436.744086021505,4.32150537634409,12.1104823784813,23.9013593822373,12.6261832952612,7.35158853301221,5.93132582853926,7.08913046037492,34.9263292110684,-0.987042761931087,-0.102546395632827,0.123413219965153,-0.0144457288900618,0.822800992808956,0.568145973451745,0.159805841683858,-0.559001576898771,0.813621121891757,35.7046862699289,9.96378153784582,3.37786587241978,0.528709494030699,709.431807273888,270.765018293039,436.751897768218,4.33966897137424,349.448387096774,0,1190,0.649474494767552,15,4,28,2.349929,3,1.414214
1568,278.610969387755,396.711096938775,3.09757653061224,14.4139323253827,70.9218428045716,12.6741750327353,6.43152636376734,-12.2417202735118,-1.87776175237364,-14.9997088219973,-0.976736977161306,0.211922590127831,-0.0327672586480137,0.213099558885665,0.9421654536019,-0.258675155439909,0.0239469298351483,0.259640277754892,0.965408447611079,314.369236674773,10.0396695475256,2.58528321048964,0.406217616580311,1252.42013499354,277.314749144965,399.7704109684,2.98175714314971,404.827168367347,0,1880,0.521152456214807,16,1,70,2.232782,3,2
1246,282.727126805778,173.433386837881,4.65890850722311,13.3507748929216,25.7681813737967,21.2404063173896,6.91717578223803,29.3412432020489,-4.90542907077565,24.8854515441095,-0.86852384859608,-0.488215256404162,-0.0855113316120797,-0.475880609844291,0.773146306643682,0.419264157420426,0.138578387904026,-0.404834104217336,0.903828179726915,41.4999482070551,28.1971787829877,2.99045755014877,0.526627218934911,889.480630846527,281.518970872742,172.627209350051,4.07274741433071,402.809791332263,0,1642,0.629544340366436,17,1,38,2.606408,3.316625,2
1851,301.840086439762,293.759589411129,10.343057806591,15.2336017889543,57.5446035467808,7.95230965230453,7.26092684821015,78.4085049708983,-20.6889591225783,88.2290819045742,0.187974800967878,0.91643243926269,0.353294577467761,0.101227618499999,0.33971436045596,-0.935065303897443,0.97694341875766,-0.211531883098115,0.028910534050068,206.961337334761,3.95245180038344,3.29506616844118,0.583543505674653,1208.02913188109,302.698998748436,293.886341417338,10.6578057477507,228.779038357645,0,1048,0.603500539687643,18,1,50,2.712766,3.316625,1.414214
779,287.098844672657,314.507060333761,5.45699614890886,11.4159733197957,28.2475826977037,6.97090648316395,5.90423015777456,-31.2107970892365,17.1567309069142,64.1178342819628,-0.817208462238484,0.495129542678295,0.294986550901892,-0.453186081704031,-0.235816625605586,-0.859658591789637,0.356079632379555,0.836204075005126,-0.417097159363694,49.8703705164754,3.03709607481358,2.17874585974841,0.793279022403259,552.24394353933,286.588225943962,315.463151886479,5.22790919468809,177.671373555841,0,829,0.741386717881065,19,0,20,2.643137,3,2
1452,287.899449035813,646.409090909091,3.09917355371901,14.0493424352244,60.1282401257293,7.69894241645486,5.8821498579593,-11.1722023292476,0.915392024098152,-20.3946446397609,0.980924070122555,-0.193733679238859,-0.015975925099229,-0.176150721686425,-0.920630498260481,0.348439964587889,0.0822124802177449,0.338978977521074,0.937194942845519,225.962828788585,3.704607145743,2.16248043446817,0.620247757368646,1085.10662127379,288.256431635006,645.629196055013,2.80653266331658,183.376033057851,0,1136,0.571464761160478,20,3,49,2.379764,3,1.414214
930,288.561290322581,440.235483870968,3.95806451612903,12.1104823784813,28.100279740586,9.27482288600521,6.20129220046525,22.1358260903367,-5.89868672637088,-27.5309037014198,0.921388640736417,0.374808422840266,0.102769737227897,0.290133267380718,-0.83930056664572,0.459779562385241,-0.258583951321205,0.393818746374734,0.882066400631463,49.3516075936992,5.37639622292287,2.40350155972195,0.704012112036336,643.425287854326,287.821744923858,438.392861675127,3.57243972081218,338.924731182796,0,1410,0.716101579000353,21,3,22,2.553618,3,2
2659,297.127491538172,407.035727717187,5.77886423467469,17.1885762481503,54.6609537660363,19.1114047713332,7.69188891471543,3.12453494100792,-6.3840681142218,26.712946869828,-0.992321516071969,-0.0541683959816779,-0.111192596954116,-0.0985980075314949,0.889217504515287,0.446733323778767,-0.0746755760034533,-0.454266457643945,0.887730558113313,186.738741663297,22.8278620208586,3.69782219227012,0.461952744961779,1745.88166306725,297.520566887153,407.543041683857,5.94873050343121,248.860097781121,0,1154,0.531636608827008,22,1,80,2.547847,3.162278,1
1595,289.45078369906,735.520376175549,6.98934169278997,14.496194975873,48.6494693590196,9.44789576244704,7.1080815178105,29.8509748270887,6.84570933343817,-81.3378570819149,-0.861139585074368,-0.494197233390634,0.119196096945282,0.177166631704498,-0.0719728583713618,0.981545664892031,0.47649826823235,-0.866365397604786,-0.149533936632031,147.923179307137,5.57892089612901,3.15780142898995,0.614170196380439,1018.69060335077,292.164389676006,740.225195833468,6.30833628598205,408.750470219436,0,2198,0.648060596113193,23,0,33,2.906969,3.605551,2.236068
1287,302.009324009324,266.40404040404,3.66045066045066,13.4956345118724,45.5402505133989,7.45887693374784,6.18847743317311,-28.7981728598883,-0.827289629392662,-104.474191946088,0.876230695156533,-0.48167551392459,0.0144384261947702,0.10815328468806,0.22576594117194,0.968159391225397,-0.469598377208315,-0.846769413177066,0.249917836560511,129.619651051446,3.47717781954972,2.39357830880577,0.769736842105263,881.840552156037,302.068643125352,266.43477032172,3.45656718956472,296.942501942502,0,1340,0.648853158070366,24,0,28,2.55113,3,2.236068
1333,295.14703675919,524.259564891223,3.59189797449362,13.6545431968229,46.0070638069814,7.74104245749752,6.07116675805788,-0.164478139161888,4.28016277046216,-64.8251444581948,-0.997206924343007,0.00286267489893633,0.0746334719464619,0.0663229086902924,-0.425574309446714,0.902489766657668,-0.0343456230867842,-0.904918953404876,-0.424195787276824,132.290620008729,3.74523364554873,2.30369161275921,0.837311557788945,907.757582089677,295.242012752795,523.506448983238,3.28882325132981,403.071267816954,0,1182,0.645259398603195,25,0,40,2.641075,3,2
583,298.686106346484,326.032590051458,3.36192109777015,10.3646978026932,23.5939663319777,6.37083298115712,5.82314793094005,-36.3212522089831,5.17104123066918,-92.4672804075975,-0.80242946655328,0.589901410734085,0.0901292229021944,-0.0980489332748393,0.0186503000278461,-0.995006820575888,0.588636864196156,0.807259866414036,-0.0428736537573968,34.792202954656,2.53671955461246,2.11931573910071,0.844927536231884,433.020258409802,298.90924356772,325.66158389469,3.62698565886236,177.732418524871,0,756,0.779390209762823,26,0,15,2.661245,3.162278,2
434,298.165898617512,779.903225806452,2.95622119815668,9.39356336032121,20.4969269262906,6.51696713379143,5.40616827333646,7.47652788350422,7.33286580122571,-52.9040743948281,-0.983389175813181,-0.129055819809258,0.127633554627432,0.179420490210667,-0.584776696026642,0.791103345636161,0.0274593624477555,-0.800862541986778,-0.598218331595112,26.257750838856,2.65442878893234,1.82666596247685,0.839458413926499,356.663086580694,298.240719153515,780.288432568149,2.55811513629842,256.958525345622,0,845,0.77723517521076,27,0,14,2.469891,3,2
602,302.063122923588,193.049833887043,3.58139534883721,10.4760916610398,22.0588308999334,7.21265386531893,5.66565985791894,-34.8852189342025,-2.11132110325264,101.71397769172,-0.819742576227242,0.571546006216312,-0.0368411658136391,-0.145709018206278,-0.145910369626511,0.978508582511578,0.553887164261538,0.807493236388787,0.202888349721403,30.4120012919909,3.25139848630626,2.00623135160212,0.890532544378698,426.518345749509,301.945422915787,193.212018899194,3.59815537278557,161.373754152824,0,917,0.808371020269293,28,0,13,2.708146,2.828427,2.236068
1191,318.560033585223,232.727959697733,5.0176322418136,13.1513715150992,35.9736153136189,8.35205265596843,6.16975923761026,-25.7313569343198,9.03426562560212,-81.3705338093909,-0.889664285498025,0.428766335144601,0.157025122053625,-0.0747112336923753,0.20256644641599,-0.97641439273833,0.450461641729295,0.880412553654857,0.148182470952145,80.881312420765,4.35979897300433,2.37912056562982,0.787698412698413,769.22018269071,318.900478167895,232.050798400292,4.96911072401862,317.648194794291,0,1387,0.706384717516764,29,0,23,2.82285,3.162278,2.236068
670,321.040298507463,295.468656716418,4.93731343283582,10.8565555814727,19.9778391185024,10.5139277231392,5.98055604166368,39.228885637909,21.922718996589,-80.318844555706,-0.718611235036479,-0.5866885408538,0.373355660075194,0.39144321175792,0.102489889451011,0.914476918532646,0.574778309305414,-0.803300926546931,-0.156004860696236,24.9446284902978,6.90891726046215,2.23544066046749,0.705263157894737,481.46046003198,321.210096290675,295.772845318281,4.66332653448439,251.725373134328,0,945,0.769083274096305,30,3,13,2.462157,2.828427,2
3113,332.604882749759,555.768069386444,5.43462897526502,18.1159104874852,72.330580504884,13.5659473128681,10.5993392126582,34.5389111587617,-2.13415640139929,5.25334858185705,-0.82316996578154,-0.566572529590487,-0.0372394434525595,-0.567392956442196,0.818348127933674,0.0914963085989604,0.0213644661764108,-0.0964464111353532,0.995108863071829,326.982054760844,11.5021829059695,7.02162448406208,0.389563258665999,1953.23010889896,331.575230384901,554.771136504484,5.71293588219086,350.919049148731,0,1451,0.527857619240532,31,2,73,2.626594,3.464102,2
728,327.152472527473,883.537087912088,4.81593406593407,11.1612007344534,25.7936013642106,6.83667321248718,6.22320297894046,-17.1659271562249,14.7374865106876,81.1546263201981,-0.92402106128081,0.285430255664829,0.25439073776495,-0.28555113090318,-0.0727307100443198,-0.955599704612953,0.254255049014567,0.955635816076166,-0.148709640181935,41.581866958488,2.92125628839623,2.42051595731835,0.814317673378076,514.082232998447,327.224306408755,883.448191376896,4.91242606931627,192.302197802198,0,900,0.761270702084957,32,0,16,2.756222,3,2
1279,338.397185301016,792.98749022674,10.9718530101642,13.4676133889257,48.2669173423026,10.214037896441,6.06159924532107,-37.594312477161,19.0583182476137,113.168278091743,-0.748918882759391,0.576626759415752,0.326530377410916,0.00215929746833091,0.49487669751127,-0.868960523668816,0.662658165633586,0.650075868330788,0.371867612105576,145.605956858042,6.52041063437075,2.29643658817979,0.580045351473923,877.248238426316,337.770875886679,793.778278358032,10.7396676855326,161.917904612979,0,780,0.649544110533224,33,0,31,2.831158,3.162278,2.236068
1334,327.191154422789,432.450524737631,8.58395802098951,13.6579568327643,21.735876610414,13.4696043578797,8.0082123397222,26.0198673448607,24.2819704797433,-34.0329115491565,-0.819141578667598,-0.399873707662973,0.411227542873557,0.57036717329766,-0.643755777732821,0.51015662914447,-0.0607318839028799,-0.652441197776074,-0.755401960364235,29.5280207514463,11.3393900973633,4.00821655487993,0.730958904109589,741.762145051129,327.424324289929,432.289398619401,8.72490914478839,412.332083958021,0,1711,0.790053821947099,34,0,16,3.316826,4,2.236068
1747,342.463651974814,619.184315970235,3.42072123640527,14.9427808636821,52.9974772093662,9.94359873027693,6.22213582914938,36.3093031219163,1.78737446314442,30.1945543107434,0.805440074943744,0.591855926530389,-0.0311905098623085,0.499162474512332,-0.705787838233845,-0.502693098659531,0.319535772196699,-0.389320034973865,0.863902078163149,175.545786909831,6.17969723179785,2.41968589227404,0.671664744329104,1216.13139102364,341.595289655855,618.252136425634,3.20184916828759,457.019461934745,0,1475,0.576809266953829,35,4,50,2.424993,3,2
8051,379.534219351633,273.191653210781,11.5163333747361,24.8666377720629,52.8773963205313,41.4711541880224,18.5484833390329,-71.0619713328374,-0.10477240254099,-14.180618506349,-0.324544745119263,0.945868576788392,-0.00182862237045415,0.917193250792376,0.314232106836031,-0.244979027131515,0.231143351875816,0.081183856016391,0.969526653788292,174.751190102409,107.491039355421,21.5028896361488,0.304915921830026,4347.05916556992,379.455535862914,273.748779918197,11.2064933465352,465.902123959757,0,1682,0.446877468070216,36,14,138,2.732292,4.123106,1
1342,374.570789865872,642.177347242921,3.51266766020864,13.6852046991715,53.3644676346989,7.45010216022887,6.46120492707736,45.0211679826612,0.0386958217328106,-58.7580319424615,-0.706845330427207,-0.707367812901722,0.00067536944466029,0.367286964828207,-0.366199367511095,0.854984390911178,-0.60454111880048,0.604589778697182,0.518653289948455,177.985400370927,3.46900138736542,2.60919806935553,0.632422243166824,977.418090213757,376.321851393164,644.110569092741,3.2554764872431,187.122950819672,0,778,0.601966184778961,37,0,40,2.341148,2.828427,2
841,376.957193816885,609.883472057075,3.89892984542212,11.7111386987679,27.4509917392595,8.52988097158799,5.42767498020537,32.227045909661,1.00955854769765,65.5088164956088,-0.845810217086235,-0.533192873311134,0.0176192089139462,-0.207507376753153,0.359238282941569,0.909883808330612,-0.491473056500111,0.765932905625167,-0.414488864524765,47.0973092168059,4.54742933684118,1.8412284806717,0.847782258064516,578.594104706538,377.716209180716,611.123784794418,3.61099668959827,363.140309155767,0,1212,0.744687591479182,38,0,15,2.397224,2.828427,2.236068
2067,394.209482341558,434.615868408321,4.32994678277697,15.8044948068214,51.9281931938497,10.0642843187636,7.30653627577297,87.0925590004047,0.959667630141576,60.4568655480524,0.0507155285496394,0.998572691565965,-0.0167485767345824,-0.491704876008296,0.039562502812531,0.869862703695747,0.869283756936478,-0.0358801899369549,0.493009494732597,168.533578023611,6.33061367805696,3.33659202182415,0.731940509915014,1218.00415810329,393.717367581859,434.578344848929,4.31582828194485,359.552491533624,0,1753,0.644261735247818,39,0,42,3.053015,3.605551,2.236068
638,390.269592476489,577.612852664577,4.68965517241379,10.6808877803097,20.7147002897289,8.08680216749702,5.66806204500928,69.2251389420992,-10.720006423441,75.7362429522663,0.348506565311757,0.918664008996539,0.186009710792232,0.294309417032596,0.0811617903086993,-0.952257701906275,0.88990175917375,-0.386612470528686,0.242086052161561,26.8186755058309,4.08727308101466,2.00793295912967,0.841688654353562,438.878780601845,390.384992431341,577.676798257206,4.74900085698039,195.700626959248,0,860,0.816619964759645,40,0,12,2.673597,3.162278,2.236068
1696,395.043632075472,622.744693396226,3.69457547169811,14.7959347883514,50.5523896320004,8.46559880086128,7.16694768170947,28.5593363279792,-0.6939457673737,-14.2004128214935,0.878258068495621,0.478033555839521,0.0121113423601409,0.460850983455459,-0.852904483440258,0.245296378235889,-0.127589718122102,0.209851999320787,0.969372478570849,159.721506094099,4.47914769107148,3.21032119202255,0.674622116149562,1098.47530429883,395.468151391227,623.323353408971,3.44257718828084,702.727594339623,0,2224,0.626100992341565,41,0,35,2.644679,3.605551,2
1028,380.17607003891,666.518482490272,3.10214007782101,12.5217442926204,45.1333998905595,16.0586945333573,6.75690154455911,43.4570601585955,2.88255172759796,-2.98945893461453,-0.72497159315752,-0.686940482078097,0.0502887979271631,-0.688778519214144,0.723098316043147,-0.0520862439108162,0.000583595595232272,0.0723988909989463,0.997375586225322,127.313986605072,16.1176043822299,2.85348240517908,0.361589869855786,842.106713291107,381.264327522257,666.57324994124,2.62982050826373,339.371595330739,0,1407,0.584941459897585,42,0,44,2.258638,3,2
1423,407.711876317639,538.291637385805,3.85804638088545,13.9551794647968,46.1726497113616,7.82978834756938,5.92621341583016,77.826020864537,-1.31293529658203,84.277824585972,0.210825517211638,0.977255132482711,0.0229130383983411,0.102270520934122,0.00126030850288863,-0.994755825401561,0.972159113437872,-0.212063239762756,0.0996786862925837,133.244598835506,3.83159909798331,2.19500034062284,0.822543352601156,927.148159216217,407.815854152389,538.340558220672,3.43346208958943,451.187631763879,0,1432,0.65989005630897,43,0,36,2.732343,3,2
1895,401.947757255937,404.698153034301,4.43007915567282,15.353363444944,60.0212678761246,8.7305413317536,7.19571782490691,-56.0816480485176,-5.05543949528828,-102.295050833972,0.555840216442484,-0.826605459751068,0.0881196215090525,0.128665827130674,0.190273624420271,0.973263095354362,0.821271428161209,0.529640785589346,-0.212117607770661,225.159537341094,4.76389699659109,3.23614718848017,0.627483443708609,1211.12224713237,402.947033944856,403.93684164269,3.76243107618339,936.658047493404,0,2772,0.611461267542192,44,0,41,2.677909,3.162278,2
589,409.903225806452,231.388794567063,2.15110356536503,10.4001329426223,38.8775056795871,6.14354661041286,4.05126302662701,-84.3206148925897,-1.2774264592944,7.41978253356285,0.0989371296239024,-0.99484393069527,0.0222934506204862,-0.986474073387446,-0.100997881102823,-0.129105888894043,-0.130691801258396,0.00921854497873376,0.99138018515215,94.4662779916454,2.3589478096447,1.02579575693219,0.82033426183844,537.746322415197,409.654862195865,231.456450716158,1.92694924677663,320.636672325976,0,1026,0.631902691764012,45,0,33,2.418793,2.828427,2
1499,406.034022681788,870.364242828552,11.1474316210807,14.1993240376782,47.9455997184204,10.7186635246227,7.1015292135779,-4.96070459798301,29.7563933906703,-174.251399116653,-0.864891579865512,0.0750705317098536,0.49631337917342,0.135564029880878,0.986945266061896,0.0869565155722688,-0.483306268198744,0.142490199897445,-0.863777514208949,143.673783272437,7.18060923462986,3.15198232320628,0.504034969737727,994.094911796534,406.567151345664,869.963804286017,11.4335986110691,242.842561707805,0,1309,0.637172996660764,46,1,38,2.744449,3.162278,2
1650,421.091515151515,352.78303030303,5.17575757575758,14.6609385676304,23.1319401241342,11.7672771528008,8.67382211888317,-89.9994969511319,12.4180089008966,177.007676173994,8.57445192370766e-06,-0.976604735601363,-0.215042298926213,-0.998636438878047,-0.0112344414303707,0.0509808814235358,0.0522040503356954,-0.214748638474705,0.97527317168156,33.4429158691581,8.65430072442673,4.70219938437669,0.894308943089431,778.491431786185,420.581545286605,352.728036505884,4.99707532011131,362.847272727273,0,1001,0.86740033116237,47,0,7,4.255172,4.582576,4
2411,440.541683948569,61.3293239319784,11.0676068021568,16.6366621033383,62.384520153184,9.09156334932848,8.35488962318642,-43.230122653607,21.4281205737163,-73.5405430317991,-0.678244744335694,0.637585566699031,0.365333699401089,-0.0612111881756883,0.446415515717723,-0.892729733888482,0.732282225117563,0.627851759943026,0.263751607224137,243.239272171439,5.16603275842829,4.36276128847677,0.585905224787363,1411.66924845619,441.10914005332,60.6833539839407,11.4222021614229,628.992534218167,0,2737,0.615955461746787,48,3,44,2.971563,3.605551,2
1764,427.874149659864,495.62641723356,5.46541950113379,14.9910937282967,23.9608382167786,11.9591023004766,9.65428094616727,-75.554367820269,1.76772024158165,10.1852277306085,-0.249342499576843,0.967923933354807,0.0308476440547868,0.954485004143612,0.240247653168017,0.176746830274916,-0.163666413077766,-0.0735141101164853,0.983772829897248,35.8826105031649,8.938757989579,5.82532128672052,0.80145388459791,897.60839462748,428.185241013206,495.631475898679,5.31716201898395,207.598639455782,0,814,0.786555923660327,49,3,19,2.668171,4.358899,2
2452,452.750407830343,643.676590538336,6.86500815660685,16.7304368563326,72.7337952857296,9.04740915843998,6.47284114164038,65.6297700491068,-8.42827837780436,84.9123559496888,0.408174825913365,0.901060583540038,0.146571266901395,0.141019591409275,0.096393566711542,-0.985302874823467,0.901946110546165,-0.422845249573782,0.0877217680141669,330.637811041651,5.11597578001405,2.61860452780703,0.665039327366423,1487.96559998304,452.404940197249,643.522023148116,6.85732402531523,236.36704730832,0,1058,0.590978313188248,50,1,53,2.760615,3.162278,2.236068
2317,462.861890375486,204.517911091929,4.40569702201122,16.417579847045,64.5967779492041,8.74229518082787,6.47271292204563,89.323481272056,-3.48692093111961,-60.9824759395625,0.0117853463139012,0.99807912971366,0.0608206909060194,-0.484415311282376,0.0589096511505529,-0.872852484212835,0.874758773495562,0.0191756051102513,-0.484179082944726,260.796482588674,4.77673281429542,2.61850078570104,0.761169513797635,1413.2232974869,460.706437045131,204.464784735397,4.13333623823793,386.291756581787,0,1362,0.599180069058363,51,0,59,2.933618,3.162278,2
606,451.942244224422,432.021452145215,3.47359735973597,10.4992433201177,21.5825396861732,7.56452758893252,5.85092710665722,-57.2762297207333,5.56449883238101,125.665644484179,0.538041956991476,-0.837322162335927,-0.0969662259648708,-0.44792877708149,-0.381468267383747,0.808604830335265,-0.71405228322516,-0.391629362331694,-0.58030662531166,29.1128762065776,3.57637985273257,2.13958425046351,0.838174273858921,434.546543773717,452.322083259866,431.771281608531,3.39315267551513,271.407590759076,0,970,0.796947245444495,52,1,14,2.687546,3,2.236068
1434,458.959553695955,136.628312412831,3.31171548117155,13.9910457379818,58.718609260821,6.84658666133507,5.60699438622782,48.342903294203,-1.25230515091563,-83.509729502445,0.664512325124794,0.746957645395792,0.0218551079158888,-0.0700187902921976,0.0913548483418978,-0.99335374398572,0.743989743721819,-0.658565537869393,-0.113007493413219,215.492192095311,2.92973430694821,1.96489912794939,0.806978052898143,1025.30607377069,459.221601053489,136.855271883602,2.83887252521779,369.099721059972,0,1397,0.599786512241618,53,0,36,2.640895,2.828427,2.236068
2372,460.727655986509,524.076728499157,3.54131534569983,16.5464699196488,83.5005951773563,9.39356795634907,7.14853495642006,81.7368929533226,1.33613773215732,-12.3297349125802,-0.143679934946943,-0.989349459161011,0.0233178890866223,-0.967508482801696,0.135476566620563,-0.213479356387132,-0.208046658229355,0.0532329555305546,0.976669258472427,435.771837185796,5.51494493440924,3.19384700144747,0.536166365280289,1641.13564434315,463.063057768901,524.45214110243,3.13408711381606,357.985666104553,0,1238,0.524102344890029,54,1,70,2.492855,3,2
2264,463.969964664311,881.097614840989,4.75839222614841,16.2914322518487,66.3670367666355,18.1014531588712,6.08966651305964,-76.8410490544796,-7.86130396243398,18.2353543241001,0.225513828364078,-0.964591085294017,0.136775551133557,-0.915096534822953,-0.257896473466362,-0.309980226673636,-0.33427809556057,0.0552580052564812,0.94085318072666,275.286473073997,20.4789129039255,2.3177523900175,0.45171588188348,1490.93126971003,467.40731892703,879.778084357388,4.03168446395584,450.946113074205,0,2228,0.559256168189143,55,0,60,2.680957,3.605551,2
4416,425.287817028986,566.484601449275,5.08333333333333,20.3552675035768,120.218991476493,12.5526525001122,9.83213670768737,58.5692750766958,-0.823919670771264,26.0241499879229,-0.521413358886144,-0.853183061151142,-0.0143796154272724,-0.770047385851766,0.463211951523705,0.438704583414013,0.367634509693977,-0.239819415665972,0.898516285412625,903.28786947657,9.84806779928594,6.04193201491586,0.352321685016754,2683.12770860187,421.389766786468,564.177296313666,4.91341080463099,523.900588768116,0,2132,0.48513449603932,56,1,103,2.810611,3.605551,2
358,455.374301675978,580.561452513967,9.17877094972067,8.80970707217934,42.7351317831138,7.33452392153795,7.17260369058201,74.6007880536308,13.1956929700152,31.8251014117707,-0.258531481008036,-0.938643048467705,0.228277683734187,-0.787192777904234,0.3416771864829,0.513404548725997,-0.559900887428486,-0.046967305653864,-0.827227337831875,114.143218032506,3.36220257222578,3.21539023138439,0.248956884561892,505.854327400561,456.264226117096,580.80524736024,8.98434010469708,312.687150837989,0,958,0.482000334174345,59,1,41,1.361052,2,1
652,468.739263803681,157.217791411043,3.20092024539877,10.7584488107169,28.8956619548206,7.56184823682012,6.34719231707296,-86.3294559050613,-4.38248499663993,125.091697223291,-0.0638320865933331,0.995030818627078,-0.0764142310271392,0.577710182981995,-0.0255925635266035,-0.815840649374035,-0.813742225277791,-0.0962220903663215,-0.573205809570598,52.1849549879542,3.57384679729372,2.51792814436938,0.667349027635619,512.959596005839,469.407113349525,157.247351671943,2.94462093941102,565.815950920245,0,1756,0.708869073962849,60,0,17,2.500276,3.162278,2
935,472.083422459893,227.763636363636,3.49839572192513,12.1321469727439,43.8616180211427,7.35209441447116,5.74767142234036,-87.2421260205495,6.62060008496724,126.140235024504,-0.0477945332295978,0.992180884249393,0.115294299613888,-0.584600564091546,-0.121377771137412,0.802190511747403,-0.809912256393994,0.0290607915206391,-0.585830698529005,120.240095964539,3.37833076745613,2.06473292369926,0.686490455212922,737.483438562449,473.729904167679,227.833227475668,3.23770961374406,343.514438502674,0,1532,0.627007775392566,61,0,39,2.217778,2.828427,2
5136,451.081775700935,417.592095015576,11.9632009345794,21.4063257951056,57.2276948563452,29.8832772194885,10.0788075094212,-62.284534744836,16.6612766281959,-43.6673408422547,0.445555279936106,-0.848101459317131,-0.286713109615188,0.548297664695999,0.511675141193261,-0.661481837070203,-0.707707682175326,-0.137522596648729,-0.692991610339562,204.688066160685,55.8131410860501,6.34889755074782,0.407878017789072,2800.55103946301,450.517177003487,416.829972842318,12.6720835949986,444.28718847352,0,1764,0.514032575919157,62,2,86,2.915977,3.605551,2
644,470.312111801242,376.33850931677,3.05900621118012,10.71426577159,29.5584591581248,6.48750852281105,5.51152312202863,-19.3943832873111,-1.89596626773901,109.650772064524,-0.942738827932584,0.331886874277797,-0.0330848151031679,-0.141060019180217,-0.306857163753579,0.941244257375303,0.302234301986346,0.892014452649296,0.336102131751054,54.6064067376582,2.63048542709662,1.89855544529102,0.768496420047733,516.942741836631,470.068996011139,377.077594641379,2.82819046185495,247.583850931677,0,1007,0.697641425403823,63,0,22,2.370771,3,2
3107,464.728999034438,553.266173157387,9.41937560347602,18.1042641258776,52.4857991467043,23.1588408177727,7.97719895554651,-83.9208363340614,20.6028415341082,-89.2928783119729,-0.099129160211176,0.930778273846701,0.351888071026546,-0.024991087183978,0.351189561340364,-0.935970799526847,0.994760702459235,0.101576064801306,0.0115519652999462,172.172444504262,33.5207442514334,3.97723144852327,0.457046190055899,1806.05813697015,465.84163004301,553.100598930768,10.6289484879343,384.334728033473,0,1869,0.570137885260585,64,2,66,2.881163,3.605551,1.414214
1068,491.213483146067,271.343632958801,3.44288389513109,12.6820913405962,39.5395802779954,6.73977564230127,6.24245373883565,81.1924917689372,-1.57936174957223,-75.0808623114189,0.153057168396348,0.987832912467925,0.0275615719368281,-0.250341890902016,0.0657388287429881,-0.965923052864515,0.955982447988505,-0.140941631325301,-0.25735775818356,97.7111505350027,2.83903598178482,2.43551429259395,0.77956204379562,732.223019091071,492.5537037469,271.571851212552,3.44353603445997,240.848314606742,0,941,0.690062216004866,65,0,22,2.912023,3,2
678,497.15191740413,658.501474926254,2.55604719764012,10.8995949039911,36.482525653584,5.9759378317082,5.10047793219182,-89.6864002472331,0.520643510332615,-13.662688468309,0.00547309491980133,-0.999943735898588,-0.00908681842962462,-0.971676842557747,-0.00746476668638148,0.236195662312682,0.236250203955483,-0.00753672976111056,0.971663027409966,83.1859173790258,2.23198956052758,1.62592969604848,0.834975369458128,561.313410144436,497.096214748125,658.585120223083,2.23033902961132,284.561946902655,0,918,0.664913528247331,66,0,29,2.627102,3,2
914,502.940919037199,225.863238512035,3.7582056892779,12.0406294483521,33.5618823111657,7.28346061760667,5.98871069921019,77.0085331243335,-7.0488825335896,80.5539043377025,0.223106813239707,0.967038835051153,0.12271610077301,0.187131985026041,0.0810585541647636,-0.978984745017476,0.956663457055947,-0.241382274203445,0.162879181094873,70.3999965167835,3.3155499105142,2.24154098992716,0.812444444444444,642.451262250944,502.222093164495,225.814084752968,3.37164070328869,288.236323851204,0,986,0.708937693961153,67,0,24,2.625587,3,2
1162,514.716006884682,487.462994836489,2.91135972461274,13.0437510663718,57.5885498703562,10.4686944230709,5.57322766510109,-78.2669123850873,-1.40961681080968,-4.7152020743983,-0.203291211108553,0.978809238221815,-0.0245999727164332,0.976203084341896,0.200684588500343,-0.0821780631301106,0.0754998119692107,0.0407206472207839,0.996314010381533,207.277567260657,6.84959768272716,1.94130416294051,0.499784946236559,917.486185022506,515.459460912818,487.691103717147,2.56581636082544,256.05851979346,0,1411,0.582579693761381,68,0,46,2.259552,2.828427,2
1396,493.913323782235,704.708452722063,2.65042979942693,13.8663534263815,47.3015298320091,12.9256730149713,5.44833638011478,-86.1073848442948,1.88117749323023,0.23853083422472,-0.0678501114594293,0.9971553343318,0.0328268425008895,0.997693668705281,0.0677497630799821,0.00416089269313126,-0.0019250455424389,-0.0330334499597225,0.999452392754862,139.839670278028,10.4420639306224,1.85527308193014,0.604067503245348,1160.4210256655,494.190826377576,704.763991988983,2.48134541423845,341.220630372493,0,1066,0.520545641090102,69,1,75,2.182582,3.316625,2
1972,517.229208924949,181.897058823529,7.05628803245436,15.5585610896157,46.6060785873015,11.1426382467219,6.65165272347085,40.9635312342339,-9.66566430603473,87.4517450119153,0.744407424394554,0.646272103065738,0.16789864593038,0.155806960297858,0.0763883660260253,-0.984829431251227,0.649293290916369,-0.759274118046218,0.0438296250968343,135.757910080358,7.75989919358183,2.76528024710357,0.637568703524087,1158.03231364189,517.773517874619,182.475384107383,7.09790859398,509.862068965517,0,1822,0.656701568345359,70,1,36,2.895556,3.605551,2
2861,480.817196784341,740.120936735407,6.90912268437609,17.6132599649742,86.0295523496443,7.58440079633848,6.76649235936465,76.1531957521556,5.63378553668202,-72.6911222687853,-0.238170662870149,-0.966249159386167,0.0981697373609652,0.311307202669912,0.0197952387187589,0.950103138659115,0.919979652445546,-0.256847640654132,-0.296085677763342,462.567742342512,3.59519596496872,2.86158867808373,0.729660800816118,1740.55743744316,479.657594340959,739.843800271367,7.08229471967663,222.055924501922,0,1270,0.559939369173812,71,0,74,2.952277,3.162278,2
1213,528.304204451772,364.033800494641,3.06677658697444,13.2318547905295,50.2737458603839,7.2678762788235,6.28886092277186,85.6949650979614,-1.15547003935529,13.8467733926312,-0.0750510906431431,-0.996975772450448,-0.0201653896591923,-0.968562042403148,0.0680723800191716,0.239277498094509,0.237181162424668,-0.0374894681925181,0.970741796754176,157.965595177154,3.30137660026789,2.47186073162294,0.583734359961501,912.96688452896,527.508322009259,364.011960390352,2.64252956565683,608.493816982688,0,1944,0.602471212513144,72,0,38,2.756769,3.162278,2
599,514.499165275459,632.155258764608,2.79632721202003,10.4586605279069,15.6485175958222,11.951670798943,5.94689841248583,82.7091039280619,-4.03978822471176,3.15669932525706,-0.126591684247647,-0.989450077360307,-0.07044920078345,-0.990901879293352,0.122866386551126,0.0549301071250759,0.045694760008639,-0.0767619402279024,0.99600180393421,15.3047564341722,8.92765218039415,2.21035004552666,0.796542553191489,470.146571349582,514.39939219057,632.26067043222,2.534153978389,271.919866444073,0,850,0.73091812726463,73,0,17,2.420266,3.316625,2
3746,505.221569674319,240.344100373732,4.49572877736252,19.2688760721551,98.8257773206139,9.02010242611716,7.48180576050766,-82.2922685676944,2.04975192146031,92.7030196419591,-0.134034089244818,0.990331037550481,0.0357672893087964,0.0419412494402055,0.0417296737301734,-0.998248248646482,0.99008878112809,0.132299170044866,0.0471289198871895,610.408391438972,5.08514048610272,3.49858858987286,0.600416733450874,2223.50079488156,502.484640192231,240.722707513666,4.42312644830502,433.497330485852,0,1860,0.524596454176962,74,0,90,2.97464,3.741657,2
816,520.218137254902,674.343137254902,3.41053921568627,11.5939256811142,35.7444738654902,8.10862519326093,6.5832296789256,-71.6473109933244,-3.3834772416162,21.1230050584808,0.314316566196347,-0.947481879835193,0.0590185021709782,-0.878666091060459,-0.313896043894449,-0.359743205700883,-0.359375843143457,-0.061215692525551,0.931182926364926,79.8542132450445,4.10936265779912,2.70868206284293,0.552097428958051,636.673081436087,522.821166075725,673.248929512156,2.71977323626992,559.232843137255,0,1945,0.663276191927798,75,0,26,2.490696,3,2
1851,513.979470556456,509.444084278768,3.94597514856834,15.2336017889543,61.8125808431387,9.85424989730256,7.98015522797131,-60.5274513504036,3.74571889865832,-3.26928468194399,0.490955481187894,-0.868731773029377,-0.0653285697134035,-0.867341639568013,-0.494449262980714,0.0569069996511824,0.0817385818511303,-0.028723385369151,0.996239816193823,238.799696905597,6.06914006490547,3.98017984140736,0.524362606232295,1231.18336415556,510.273354760238,511.620060203714,3.4036910448674,397.533765532145,0,1990,0.592150815446298,76,0,47,2.596762,3.605551,2
938,533.998933901919,731.48933901919,3.11194029850746,12.1451086780855,41.6364932724966,6.57269840793156,5.57539457599974,56.3769176445765,-2.13591619453104,-85.249858399575,0.553342343015675,0.832119695936216,0.0372701363150548,-0.0483896995453217,0.0767826902700739,-0.995872911295816,0.83154716547159,-0.549255159383969,-0.0827531358091875,108.349848251916,2.70002277260163,1.94281404238046,0.765714285714286,716.231948899514,532.376574876967,730.405565370683,2.75196291814699,275.768656716418,0,1016,0.64699212375703,77,0,28,2.437513,2.828427,2.236068
