Volume,Centroid_1,Centroid_2,Centroid_3,EquivDiameter,PrincipalAxisLength_1,PrincipalAxisLength_2,PrincipalAxisLength_3,Orientation_1,Orientation_2,Orientation_3,EigenVectors_1,EigenVectors_2,EigenVectors_3,EigenVectors_4,EigenVectors_5,EigenVectors_6,EigenVectors_7,EigenVectors_8,EigenVectors_9,EigenValues_1,EigenValues_2,EigenValues_3,Solidity,SurfaceArea,WeightedCentroid_1,WeightedCentroid_2,WeightedCentroid_3,MeanIntensity,MinIntensity,MaxIntensity,sphericity,id,nb_branch_pt,SkeletonSize,MeanWidth,MaxWidth,MinWidth,channel_2_MaxIntensity,channel_2_MeanIntensity,channel_2_MinIntensity,channel_2_WeightedCentroid_1,channel_2_WeightedCentroid_2,channel_2_WeightedCentroid_3,channel_2_Ratio_MaxIntensity,channel_2_Ratio_MeanIntensity,channel_2_Ratio_MinIntensity,channel_2_Ratio_WeightedCentroid_1,channel_2_Ratio_WeightedCentroid_2,channel_2_Ratio_WeightedCentroid_3
1848,31.20670995671,367.974025974026,15.1861471861472,15.2253674080045,43.1672569803718,10.6463824321528,7.08284936828543,64.5154689922878,-45.3182951632972,-68.1294421776594,0.302550136194186,0.634750526420772,0.711024039183931,-0.0523542166679583,0.755926956365424,-0.652559171751643,0.951694515633018,-0.160206759684663,-0.261937670191549,116.463254700591,7.08409118072821,3.13542219836384,0.6784140969163,1045.30605294861,30.922416253452,367.866895602985,14.9440964201751,527.094155844156,0,1517,0.696693839824986,1,0,30,3.290943,3.605551,2.828427,551,59.9415584415584,0,28.0110316686527,366.193361138194,11.181408659228,125,0.346240886619862,0.000683994528043776,27.8351207824728,366.031439998281,10.9251399655564
3270,44.4330275229358,766.278593272171,6.64036697247706,18.4154800090608,64.9661559991441,12.7545690373472,9.14435045031807,6.85428201076608,5.15189970397678,-101.092332637437,-0.988841894471463,-0.118862514028002,0.0897964949039241,0.0645283636579288,0.201532135535806,0.977354024205153,0.134267635794027,-0.9722430257427,0.191613415169611,263.787589081571,10.1674394580285,5.22619657238955,0.584345961401001,1877.13694346586,44.6191217054881,768.533017464858,6.71531706667823,303.291437308869,0,1311,0.567570745765179,2,2,75,2.756283,3.605551,2,297,12.0385321100917,0,44.7699283645786,772.151755321851,5.30356144896611,58,0.210845003525649,0.000847457627118644,43.7415485683382,761.4697168336,6.28910175287875
897,159.279821627648,446.255295429208,4.80936454849498,11.9655116397488,33.2164356387965,8.12941794505977,6.46251372142558,8.99186898343364,-4.28190605991059,90.3347039913199,0.984953595563742,0.155858043055926,0.0746638131951074,0.0728319591329645,0.0174391917527106,-0.997191747017526,0.156722430796969,-0.98762550848274,-0.00582534799816483,68.9582247841442,4.13046475784123,2.61025522497588,0.654266958424508,647.220835654794,159.617065103121,448.373259600509,5.0447867075787,130.433667781494,0,627,0.694960194411886,3,0,27,2.199742,2.828427,2,702,58.6789297658863,0,159.192134511257,445.709565878218,3.79443336183148,278,8.20539246924336,0.00224215246636771,158.839851701776,443.387571091743,3.59805994078183
1287,184.304584304584,476.033411033411,6.33799533799534,13.4956345118724,31.4631942663225,11.0650345121374,6.09667866660554,67.0045581755925,-18.9407064894027,-79.0604822864828,0.369505720226034,0.870693506857549,0.324589494340687,-0.0501933771666512,0.367502776206766,-0.928666966338809,0.927871837922052,-0.326855513333373,-0.179497425593603,61.870787090022,7.65218679717452,2.3230931727402,0.757504414361389,800.602834080331,182.82468277399,475.43252317004,5.97864943544872,377.936285936286,0,1565,0.714692732556014,4,0,19,2.700275,3.162278,2,618,81.1204351204351,0,181.07455795866,474.655926131683,4.83321200743281,92,0.68770759408409,0.00112233445566779,186.436865897148,476.894478351479,5.42840756738797
606,173.707920792079,826.239273927393,3.56600660066007,10.4992433201177,26.0866715222038,6.22199693396811,5.67367549180053,66.9023287327725,8.62224504374258,-36.6979883016908,-0.387866057339846,-0.909441669492778,0.149919216092644,-0.7726691911565,0.232135193457459,-0.59084310353598,0.502535812257399,-0.345005944512059,-0.792734921427168,42.5321519442099,2.41957786539429,2.01191209914113,0.809078771695594,467.970573563287,175.168280570456,826.847364178302,3.27342482658413,165.810231023102,0,743,0.740026597059219,5,0,14,2.545263,3.162278,2,141,11.7970297029703,0,176.46761784865,827.112323401874,2.76234438382991,69,0.698855545676245,0.00151745068285281,172.717185645959,825.686837051271,3.32884466403153
368,184.991847826087,643.192934782609,4.04891304347826,8.89098202280317,14.6456752177551,7.27821320387197,5.14835714005513,-86.2039653014186,16.7418292574954,85.9050113991494,-0.0633985836396361,0.955511498303667,0.288059709438807,-0.0902757931131648,0.281966226617964,-0.955167696388763,0.993896826018816,0.0865610978229176,-0.0683832989363204,13.4059876614979,3.31077421506351,1.65659882759729,0.922305764411028,283.370577692206,185.131129797685,643.261551910748,4.15656481558571,130.554347826087,0,815,0.876384285079059,6,0,6,2.677416,3,2,251,26.1875,0,184.552350316489,643.0365258898,3.43364117463941,71,2.17082683537991,0.00122549019607843,185.284923032528,643.308098673152,3.63042924600541
916,195.060043668122,423.133187772926,2.61135371179039,12.0494054204448,57.3367148680023,5.58494446579074,4.88659306470525,-9.43388704959602,-1.94889159632034,-41.3918963401741,-0.985904774743593,0.16381462070885,-0.0340080164049704,0.14514778760908,0.736372655549939,-0.66082329855304,0.0832099446579234,0.656445033647408,0.749770646871214,205.468679490912,1.9494752928729,1.49242448625159,0.744110479285134,791.128775459963,195.09896539469,423.27360440168,2.40751734214371,165.875545851528,0,662,0.576545949922417,7,0,47,2.19776,2.828427,2,344,42.4879912663755,0,195.263701533955,422.379968652843,2.26840360749248,341,3.05425654976632,0.00190114068441065,195.058152575183,422.28702329813,2.3508813586496
1595,200.734169278997,451.702194357367,7.06144200626959,14.496194975873,24.4560246981004,17.00320869683,11.208678110582,40.9569357535706,18.1388948584557,34.5768380634394,0.717672389691117,0.622916685179278,-0.311321609272956,0.406281416462339,-0.737619145089329,-0.539308267538188,0.565580897584419,-0.260562468753556,0.782448367730839,37.3810715021311,18.0693191242472,7.852154061665,0.534875922199866,950.84640865936,200.046425802332,451.255590860027,7.1145309150615,164.957993730408,0,700,0.694300608016404,8,1,23,2.808721,4.123106,2,894,187.164890282132,0,200.665408269911,453.616508334227,4.81366571979848,724,15.3796965666728,0.00217864923747277,203.100174125871,455.016461270818,4.68102642281674
1771,225.444381705251,342.490118577075,4.30095990965556,15.0108970455451,57.5474718918086,8.35450252167789,6.14111028324224,-35.1400173392551,3.08149810101363,102.057384909299,-0.816565517533659,0.574744298746697,0.0537563636526508,0.0772435393358626,0.201078699077977,-0.976524854987305,0.572061352658836,0.793244191806833,0.208589215825906,206.981970071157,4.36235702404515,2.35707721943393,0.676987767584098,1196.18009472282,225.460946939925,342.376467862464,4.30417453632556,192.530773574252,0,1010,0.591788599039472,9,0,45,2.448039,3,2,374,45.343308865048,0,225.314957099984,342.616303251435,3.5159583079088,265,2.83811036585928,0.00112107623318386,223.974112581008,344.284347993061,3.50890805482799
795,236.574842767296,345.932075471698,2.75723270440252,11.4936023825847,42.153633052158,5.84784306780349,5.51854384348045,-31.4252197235709,0.571715775528545,-6.7336469252686,0.853278902298869,-0.521359330282714,-0.00997815708424233,-0.516790384085124,-0.848045150660436,0.117248118784348,0.0695903284141353,0.0948887304608884,0.993052523798582,111.058048718499,2.13732928410358,1.903395384526,0.724043715846995,648.474676056591,236.875725094361,345.48543285858,2.39136377842421,366.250314465409,0,1426,0.639984107419197,10,0,28,2.33018,2.828427,2,187,14.9937106918239,0,236.645553691275,345.638842281879,2.3119966442953,44,0.131013533805864,0.000772200772200772,236.93858892346,344.615854024245,4.15416151312454
2001,226.981509245377,506.35932033983,6.16041979010495,15.6344577106439,46.5553664289771,11.6041167915982,6.77215832452697,-42.0560923606889,-4.96798892001313,-106.4958338662,0.739700035899592,-0.667341324205646,0.0865991564485325,0.12855076339621,0.266448104241824,0.955238247232694,0.660544137904799,0.695457378099761,-0.282878908945528,135.462633958521,8.41597040706571,2.86638302327874,0.669902912621359,1206.24095673313,227.218197346459,506.128565164188,6.35127385098572,217.675662168916,0,1417,0.636621712467695,11,1,34,2.665775,3.605551,2,327,34.4332833583208,0,228.470094773661,504.518062147139,5.32643938404377,129,1.37819275936038,0.000705218617771509,225.404388965075,507.436144583122,5.30649671584385
1155,256.649350649351,972.955844155844,5.41038961038961,13.0175060235015,33.7284535152659,9.09550056815109,5.58650736276984,-70.5003217578813,5.36910872058903,-97.7446621003095,-0.332337030871309,0.938507573333,0.0935715379174987,-0.157978736612567,0.0424173901728468,-0.986531035390789,0.929835908475221,0.342643108507274,-0.13416737122912,71.1005360332156,5.17050816157731,1.9505665321426,0.827363896848137,739.145649712046,257.148511854717,972.77519517644,5.66830334622499,180.212121212121,0,945,0.720236989969062,12,0,24,2.54912,3,2,456,89.7861471861472,0,255.82371773237,972.876782735311,4.78571497449447,279,6.80206623065106,0.00186219739292365,254.595341916009,973.191773236345,3.67442357641935
1707,264.326889279438,541.86877562976,4.16461628588166,14.8278539464399,53.683301509076,8.30568265321105,6.30083813836952,15.4119280487052,-2.59305524294789,-71.95908055956,0.963052980480966,0.265484701888227,0.0452419036960915,-0.0408331588766644,0.309991721227973,-0.949861982556557,0.26619844087237,-0.912920043505146,-0.30937903006455,180.118553807148,4.31152277099067,2.48128507787076,0.728242320819113,1110.98012083352,264.144806429842,541.026421866372,4.11946131664519,190.966608084359,0,759,0.621727652524083,13,0,45,2.795502,3.162278,2,652,88.3889865260691,0,263.948296659597,540.794160922587,3.54015774125133,326,4.14295454077674,0.00174216027874564,265.228358969072,545.361705201848,3.5382055976121
811,261.880394574599,405.524044389642,2.32182490752158,11.570196745193,57.7312008259971,5.50134199654402,4.5675044003151,-6.59813258650428,-1.24164417384443,1.46721103359839,0.993143264231456,-0.114877794029089,0.021669082830136,-0.114315942434417,-0.993114577502477,-0.025598852658028,-0.0244606217627466,-0.0229462064639575,0.999437416545875,208.305721800725,1.89154773518363,1.30388102793111,0.688455008488964,744.375562803716,261.918788586684,405.082596362423,1.98896490349853,221.689272503083,0,1194,0.564988038603717,14,0,46,2.189277,2.828427,2,730,136.367447595561,0,261.633072318571,408.439770692804,1.90564587590647,278,3.79591613903276,0.00223713646532438,261.915744121087,407.004292802296,2.73230183734032
677,271.084194977843,579.819793205318,2.69423929098966,10.8942335677085,35.3834824106127,6.79520242507087,5.09070712998196,22.039923437598,1.61274625440681,-15.9258540137166,-0.926555431590797,-0.375103914384586,0.0281440154020962,-0.368007646052025,0.888447185272583,-0.274284471723194,-0.0778807077320178,0.264496979934715,0.961236673753439,78.2494267188838,2.88592349985556,1.61970619270307,0.698658410732714,560.376513087346,270.985777834809,579.79267718893,2.53028358783524,207.19940915805,0,728,0.665370148276439,15,0,29,2.364289,3,1,1440,514.22599704579,30,271.238100025565,579.622981004277,2.3562423340639,708,13.5725515435405,0.152542372881356,271.750760786998,580.102707977244,2.85259716127789
645,303.117829457364,650.474418604651,2.98294573643411,10.7198085898429,19.5148500225508,9.4850292757433,6.21077975769245,33.0397576638701,1.72534405400917,18.2525477799297,-0.837912391487915,-0.544973677734987,0.0301083836664373,-0.50988297592846,0.801255425447678,0.313064041449984,0.194736167799769,-0.246968487395989,0.949254650335724,23.8018357126658,5.62286127260672,2.41086157491014,0.710352422907489,490.235864835698,303.118938979476,650.626313444369,2.8013152774096,274.885271317829,0,820,0.736408603773551,16,1,11,2.5803,3.316625,2,1095,287.306976744186,0,303.716004813478,650.458613265124,2.71141258303519,705,4.47417082714734,0.00224215246636771,303.449572800283,649.89812964483,2.35104746379592
4371,320.525280256234,589.132921528254,10.9556165637154,20.2858897755108,54.8421486259394,21.9859921849116,8.93710307944535,32.5122329944127,-10.1140338857167,99.2910936127395,0.830172355561433,0.529127336903379,0.17560786258912,0.0593669383258709,0.229294769397916,-0.971544891068122,0.554336925249792,-0.816975011899565,-0.158941508852509,187.978829119351,30.2114907721871,4.99198821578948,0.498972602739726,2582.20983982228,319.742963440732,587.803331724424,9.38736678441607,267.802562342713,0,1125,0.500664114091745,17,7,93,2.471829,3.162278,1.414214,419,43.7016700983757,0,318.263946183646,585.933378703801,8.58995916657942,245,1.02686513626506,0.001085776330076,319.641326138591,588.270174404742,12.7169690238606
1913,320.980658651333,679.042864610559,4.91374803972818,15.4018225672494,39.7332903549556,12.1239571158723,8.25816005690904,68.5623945097386,7.09702507835587,-66.7344050494459,-0.362687556500981,-0.923684548743255,0.123549952538711,0.409150796468511,-0.0387147249753598,0.911645104094387,0.837289294156166,-0.381192896684936,-0.391967617805881,98.6708976519503,9.18689600921948,4.26232547034549,0.624755062050947,1201.48774342715,320.641412227286,678.853306584778,4.51502396522331,390.332984840565,0,1321,0.62026140654815,18,0,31,2.626535,3.605551,2,1118,113.783063251438,0,318.708541028268,677.846090587916,2.89191287609054,66,0.497887056130298,0.000818330605564648,317.730505015589,677.753198571722,4.54495109090336
1294,313.499227202473,741.221792890263,3.98918083462133,13.5200578954456,46.2833368093692,7.32226892657336,6.29012090328108,12.7482568474543,5.68788731110732,-78.1267799081959,-0.97054694697782,-0.219581313454126,0.099109386507001,0.139999783040014,-0.179272614488454,0.973787138158655,0.196057859982155,-0.95898142655436,-0.20473382491172,133.884204138094,3.35097638956639,2.47285131111835,0.699081577525662,900.425987330146,313.808730101743,742.262274559265,3.7462638573663,247.540185471406,0,961,0.637762463565539,19,0,38,2.575031,3.162278,2,957,243.552550231839,0,314.18002773221,743.70783450788,3.20001459589982,566,6.92397490539248,0.0018450184501845,313.500030265062,741.711058811309,4.04142428938162
2104,320.950095057034,915.044201520913,6.88070342205323,15.8982395941167,21.7696016924602,21.4822945358324,17.8186916995039,8.08538093134877,-16.1653415619879,32.2453368503886,-0.950914871086664,-0.135087695095507,-0.27841016967779,-0.266024508927393,0.816471338600502,0.51245049896926,-0.158088167160519,-0.561360728834577,0.812331375441169,29.6197223655229,28.8430611577659,19.8441108676232,0.391441860465116,1381.57027605185,320.733206175951,914.157869603353,6.20228047948543,341.383079847909,0,1495,0.574744689464984,20,3,55,2.485934,3.162278,2,301,25.9648288973384,0,320.340966501922,914.022753066081,5.28676551345415,208,0.556150101345374,0.000931966449207828,323.722899125792,917.8056288169,10.4186293134609
1195,317.614225941423,534.605020920502,7.07531380753138,13.1660781211633,26.9355493056943,14.3981595402205,6.11400568359144,21.8719111033146,13.1632648956203,-80.271176768589,-0.903635399854611,-0.36274461148017,0.22772661454406,0.271247885081686,-0.0732059075040101,0.959721563759629,0.331462892294614,-0.929008741588913,-0.16454515818788,45.345238524968,12.9566873841026,2.33631659368677,0.631940772078265,836.173361463368,317.799088734878,534.872915175532,6.62842728209067,239.677824267782,0,925,0.651277988180095,21,3,32,2.311176,2.828427,2,808,81.5589958158996,0,317.883761017001,534.99477750531,6.29651252270092,513,2.04084365554609,0.00159489633173844,316.284180617232,533.036794969844,7.52316277535673
1432,334.780027932961,616.649441340782,4.2018156424581,13.9845382739092,47.5209557536108,9.30516241103627,6.28055594982905,51.8025352903161,3.08483638632219,-80.2634995779002,-0.617477565451893,-0.78474546897942,0.053814543386274,0.165704778689558,-0.0628948456196451,0.984167752323721,0.768936526953329,-0.616618834703215,-0.16887223041756,141.14007723354,5.41162796848513,2.46533643993332,0.615649183147034,959.954264997732,334.689080939357,616.48965059743,4.06048536763215,265.277234636872,0,1032,0.640023018895645,22,3,29,2.525339,2.828427,2.236068,624,56.2506983240223,0,333.430174671947,615.430435376345,3.88007597671041,140,1.16410279765595,0.00145348837209302,336.332417992838,617.664851133731,4.44616053319466
1686,337.182087781732,481.955516014235,8.36832740213523,14.7667973856746,38.0662236622899,17.705373678656,9.23001705540988,59.9871615094833,25.3253100329259,-8.88725863341015,-0.452122232048837,-0.782693599124629,0.427757194184401,0.888572475430949,-0.436965383668068,0.139643150144696,0.0776172866937098,0.443229041653581,0.893041753470214,90.5648364942174,19.5925160688027,5.32457592769731,0.407936123880958,1089.74042317092,338.451298093963,482.881251722916,7.63300417437877,240.977461447212,0,1041,0.628636283071682,23,0,28,2.726608,3.605551,2.236068,864,84.1103202846975,0,338.944799379451,482.543248007898,7.26752697270996,168,2.21727008485978,0.00134408602150538,333.878660446674,480.011863603759,9.94383894827031
2503,356.301238513783,723.008389932082,6.54454654414702,16.8456358783804,45.8124615760588,14.4097551234848,9.60863417949929,38.5574860592766,-5.62810529322102,-78.7759069646669,0.778213563015757,0.62029486071831,0.09807107680031,-0.0461001623769176,0.212169037495411,-0.976145006931395,0.626305377086244,-0.755128191299148,-0.193708516431609,131.173852228617,12.9775651699248,5.7703656747151,0.524078726968174,1558.40025101023,355.23336538804,721.47491006874,6.07391815364889,224.346783859369,0,853,0.572065400136951,24,3,56,2.444019,4,1.732051,758,120.624051138634,0,353.656292022443,719.802992163539,5.40131557157147,206,3.17825706050636,0.00127551020408163,357.96937404201,726.040236625967,7.20344541359639
898,349.43986636971,387.805122494432,6.57015590200445,11.9699564810342,15.8446863266768,10.5074535627189,9.02532893747607,-50.9130885570171,-18.0455126851381,-33.4272826051359,-0.599484763095798,0.738010230779975,-0.309772364939262,0.755389996027801,0.393750554811128,-0.523780922225168,0.264582638729555,0.547997627595245,0.79353300336715,15.6908802994237,6.90041127329339,5.09103515185268,0.774137931034483,536.649962095424,349.564970887153,387.669920549176,6.60111097300967,116.473273942094,0,528,0.838771977246616,25,0,7,3.269117,4.24264,3,1543,534.190423162584,69,349.884676560288,387.545948222129,6.21177270102543,1042,57.7653906451764,0.285714285714286,349.610245485377,387.551198827423,5.86814770350085
2169,343.428769017981,587.285846011987,5.5154449054864,16.0602996216329,50.1180462251711,14.0829930997117,7.8329233391929,55.2949366651666,-0.50408829321301,-67.2615414476467,-0.569330140452357,-0.82206191272796,-0.00879788693650369,0.313140150879861,-0.226739512211501,0.922243156390454,-0.760135801735082,0.522305854116281,0.386510229717694,156.988659839274,12.395668415408,3.83466800235454,0.537946428571429,1354.3846416791,342.719400800846,586.915064267768,5.27780169669333,228.089903181189,0,893,0.598294676785038,26,0,39,2.549069,3.162278,2,682,165.111111111111,0,348.488333714949,590.555768081625,5.00650609003535,484,3.79124953877589,0.00181488203266788,351.216593978225,592.213487478065,5.52950951473158
7161,352.094400223433,557.971791649211,14.192989805893,23.9143373005279,65.0774488347599,24.7109418138819,21.6291209765525,27.422509913178,-9.11312421374194,-65.9933088317901,0.876430397361247,0.454735297545814,0.158384240842095,-0.0589448750570282,0.427762038289538,-0.901967372083321,0.477907167016481,-0.781175683034425,-0.401707968492015,264.69214667755,38.1644153330659,29.2386796386465,0.317110973341599,4240.88634033101,353.376759079482,560.203072491599,13.9945526653723,295.244379276637,0,1847,0.423652662874666,27,26,157,2.433325,3.162278,1,518,58.5071917329982,0,353.965353127909,560.023390696231,13.1730219347447,334,0.819801094537298,0.00106157112526539,349.580619015536,552.509247254714,13.5242642922862
2075,369.68,406.22265060241,5.33012048192771,15.8248581661863,35.8985748955094,14.2556489644053,10.3339681293912,-80.2193835409443,1.1614840167516,-12.8821190502564,0.169841215950731,-0.985262947140808,-0.0202703319110757,-0.959894365360932,-0.170053979547554,0.222900092840656,0.223062252998373,0.0184002454181504,0.974630526022985,80.5442299705309,12.7014704622719,6.6744310812046,0.503030303030303,1295.7623954506,368.698624300588,406.482946404782,5.01492959375016,383.454457831325,0,1132,0.607161399206826,28,1,37,2.55668,3.162278,2,760,110.738313253012,0,368.350680209938,406.375364475895,4.47212575397551,195,0.872002031270388,0.0010183299389002,374.182498013088,406.930972445752,5.64507938910164
2218,368.469792605951,632.595130748422,4.2380522993688,16.1803398720091,36.6526153321407,20.7703575206752,8.79011551989581,37.3116322531546,1.88065805395829,-3.50306593804538,-0.794922021731737,-0.605823383987421,0.0328177814600257,-0.606612173875728,0.792648877573185,-0.0610690378811896,-0.0109840735473069,0.068452788810972,0.997593888229227,83.9633881678672,26.9629844710419,4.82913317831957,0.528598665395615,1463.10143817347,369.491906171876,632.955902504262,4.09407761260565,356.002705139766,0,1097,0.562148058607967,29,0,43,2.562882,3.464102,2,509,63.797565374211,0,370.398026896956,630.99517324721,3.67709518526109,108,0.343939145771823,0.000935453695042095,366.318281025058,628.618953422765,3.71673859268074
662,363.63746223565,688.460725075529,5.95619335347432,10.8131722792263,13.1552175718695,10.8049686507848,7.33477544200705,50.1716218334538,13.7710945458373,-79.1189859112992,-0.622078933501593,-0.745890806493054,0.238043494518674,0.294692450681623,0.0586173774694872,0.953792620316313,0.725378632167215,-0.663483916796587,-0.183343754045452,10.8162343352015,7.29670922152767,3.36243317404186,0.806333739342265,414.515461308257,363.755520266183,688.203839339729,5.78292714544983,139.83081570997,0,1038,0.886166612120555,30,0,8,3.125829,3.605551,2,459,90.5966767371601,0,363.968036681951,688.39529804085,4.7625677365569,200,4.97366342870207,0.00164203612479475,363.33146732639,688.501695875146,5.14425228171017
1647,375.136004857316,342.452337583485,5.83120825743777,14.6520477597692,44.9299051588579,13.681892404695,8.33162681824919,-36.0776768401742,11.1969751817647,35.023895394619,-0.792835254916257,0.577672390420252,0.194182563347037,0.572314488098078,0.596233340579743,0.562993721362996,-0.209447810384613,-0.557494764932615,0.803325090979872,126.168523598998,11.6996362358531,4.33850033991056,0.46225091215268,1115.64771517327,374.686877702108,342.503386994787,5.43515092472975,200.685488767456,0,685,0.604532207477805,31,3,37,2.326969,3,1.414214,631,91.581663630844,0,374.205940265853,342.013279411277,4.45476845559718,348,4.19290305815465,0.0016750418760469,374.318723151701,342.383813932808,5.34074877687684
461,369.631236442516,502.030368763557,3.04989154013015,9.5844552580197,13.4238727162823,8.63940452240235,6.1996278893466,-2.90371936576034,-0.476898862312113,-13.7070839085358,-0.998681475550682,0.0506560172427314,-0.00832335923865636,0.0511847865597989,0.970172556085504,-0.236950056010432,0.0039278514151455,0.237063660934406,0.971486177280787,11.2625224189342,4.66495690635664,2.40221162289776,0.920159680638723,324.257898320114,369.568001256374,502.561996526495,2.90988286157712,234.811279826464,0,676,0.89000854824165,32,0,4,3.461088,3.605551,3.316625,990,190.472885032538,0,369.674949890671,502.539996355685,2.57105275145773,236,2.35632618306155,0.00810810810810811,369.684669660525,500.718529882091,3.12268936305193
501,372.904191616766,370.860279441118,3.78642714570858,9.85401081345117,17.1160470712838,8.24286064082384,5.49132543018329,19.3672599993591,0.220674494367635,-73.1235081565834,-0.943405310436014,-0.331619640988244,0.00385148697969654,0.09975013098474,-0.272659412521571,0.956925679523713,-0.316285206118867,0.903152954085973,0.290307440338904,18.3099417091502,4.24654697150268,1.8846659362611,0.839195979899497,370.738152496981,373.064977443486,371.080950555143,3.61658821513938,244.672654690619,0,1040,0.822827239265217,33,0,7,2.708202,3,2.236068,585,112.616766467066,0,373.238031938463,371.483773772177,3.2346998458021,273,1.96572481879453,0.00211864406779661,372.562594465358,371.561173223454,3.3037782984783
1704,370.670187793427,457.606220657277,3.90258215962441,14.819162353624,62.4432505982452,8.16920120698675,5.70757573925448,-42.4251627098577,-1.11541713718604,102.268555961852,-0.738019261035976,0.674498796745377,-0.0194664719184396,-0.157395404035552,-0.1440218151206,0.976977176579808,0.656166333431088,0.724091907121194,0.212453884203597,243.697471579703,4.17099052251461,2.03602630120784,0.710888610763454,1163.22845513857,370.904061239457,457.473239823982,3.74649798313165,256.056338028169,0,884,0.593105794937853,34,0,34,2.507908,2.828427,2.236068,618,88.6109154929577,0,370.78085739074,457.573370950971,3.26446921380461,156,1.38502977252709,0.00175438596491228,370.111736061627,458.049451050222,3.6097266708614
1146,375.675392670157,691.231239092496,4.48167539267016,12.9836061147659,35.0784768720105,9.1398128596947,6.13037473990672,22.0165795532627,-3.63601820602681,-67.6991444391097,0.925209268392969,0.374120273804985,0.0634179028968177,0.0878580721960677,-0.373792881350369,0.923341670781612,0.369145999341369,-0.848712497009366,-0.378706124310645,76.906221228761,5.22101119439004,2.34884340323041,0.705665024630542,759.385926199457,375.131573252543,689.963129764447,4.33908367461098,213.711169284468,0,791,0.697393655680635,35,0,25,2.541862,3,2,256,33.5724258289703,0,374.941570931018,689.744086915839,4.00475645890731,104,1.11108557620153,0.00155038759689922,375.982737104073,692.90516558653,4.53473303896227
1437,379.157967988866,579.054279749478,5.83089770354906,14.0007955987944,29.3594592258233,11.5147703210135,7.06541397624242,56.2275450007359,9.61437652138651,-73.6511231017874,-0.548088028063837,-0.819576183595555,0.167016145255599,0.323074765702999,-0.0232577585227505,0.946087613508627,0.771506454450672,-0.572497996460636,-0.277531682496811,53.873615377049,8.28687097160578,3.12000466598011,0.704411764705882,846.317959980387,380.343377647722,579.755783153805,5.64670627212566,331.031315240084,0,1119,0.727648680209504,36,1,18,2.906364,3.605551,2.236068,446,68.9937369519833,0,380.061798999435,579.387940773017,5.34327846364883,177,0.834707228002275,0.00137741046831956,377.157149006125,576.882074760786,4.97281262396057
1229,376.275020341741,393.558991049634,6.72172497965826,13.289778833068,24.6160183416753,13.660715900183,9.40564793881031,40.807118663247,-28.3276827005991,68.2568082799049,0.666272062937018,0.575255090756058,0.474513560089582,0.575705111243761,0.00764242518290028,-0.817621684047782,0.473967470442285,-0.817938368030601,0.326085361624804,37.8717724373561,11.6634474315946,5.52913832180291,0.542365401588703,801.64008977624,376.486366885583,393.940309609972,6.43388509136398,364.247355573637,0,1058,0.692159129785176,37,1,19,2.568418,3,2.236068,410,77.9650122050448,0,375.114017052985,392.49161439798,5.20301819054676,107,0.835092387998264,0.00132450331125828,373.269193122481,389.210702520741,4.83257117038926
781,387.20742637644,456.60947503201,3.25608194622279,11.4257347382497,32.4838306597914,6.87955032324795,5.73811470486279,-54.4511772874198,0.100304427301567,101.614053618525,-0.581395575626587,0.813619149169782,0.00175064161652641,-0.162799605204548,-0.118440877963816,0.979524398354836,0.797167155110566,0.569206147657771,0.201317878693192,65.9499533958754,2.95801329063131,2.05787252288517,0.768700787401575,587.042762174259,386.769303839041,456.965308164152,3.03335287043868,253.411011523688,0,831,0.698631895602978,38,0,21,2.388472,2.828427,2,263,22.3790012804097,0,388.211523057558,456.034958233207,3.12512873326468,61,0.724398969261074,0.00140646976090014,388.66607057865,456.489316734503,3.56214947109329
2943,383.156642881414,639.958545701665,12.208290859667,17.7799504611654,31.1480444024028,20.0147229688831,7.88057239140545,66.5870119749955,0.647243112007881,-77.5569851011071,-0.397330567223856,-0.917606023485874,0.011296283105989,0.202111024221491,-0.0754949810816991,0.976448483904611,-0.895142197775141,0.39025593332314,0.215454756894285,60.6375418808784,25.036820970071,3.88146382601137,0.684577808792743,1416.30159319209,382.294811708445,639.639265604985,11.9440757453752,448.5582738702,0,1752,0.701221498005813,39,4,30,2.824974,3.605551,2,517,54.8623853211009,0,383.984776415211,639.686300012387,10.7234423386597,145,0.262098534687917,0.0009000900090009,387.866040948777,640.567108862916,9.5420238537985
1258,405.616852146264,302.535771065183,3.46263910969793,13.3934976637689,51.9138571119947,7.31864260022827,5.42725869579108,-65.7518749034716,0.384364154003621,-118.987063513697,-0.410679775523031,0.911754966946905,0.00670836969772746,0.444267387075721,0.193674575660266,0.87470946463596,0.796221458362724,0.362205796461714,-0.484601228075488,168.440535015288,3.34765809436725,1.84094605943999,0.721330275229358,920.173025290319,405.343886409097,302.681304009381,3.37274232167667,161.346581875994,0,739,0.612446824758862,40,0,38,2.329736,2.828427,2,734,94.7678855325914,0,404.426126927142,302.917051116442,3.03821570568203,332,5.48284582882356,0.00191204588910134,403.408989990673,303.343029817873,3.1120328757862
1058,416.293005671077,767.857277882798,2.81001890359168,12.6423850965519,58.3392769884366,5.63415223246207,5.33823107823748,64.6461265572761,1.17724566867933,-80.2284060954495,-0.42811736972064,-0.903489571397657,0.0205453673405804,0.16204351693417,-0.0543787344697782,0.985284147775184,0.889076721303109,-0.425146501353526,-0.169685108432561,212.716952470846,1.98397946115985,1.78104444029125,0.741935483870968,857.493337960228,416.739202098345,768.071640709518,2.59927333591884,185.221172022684,0,975,0.585567747708201,41,0,41,2.260588,2.828427,2,374,18.5122873345936,0,419.653528030226,769.297355253753,2.2575308894108,88,1.23044217649913,0.00119617224880383,411.841868309476,765.688650775817,2.91620254221807
1402,405.442938659058,528.763908701854,5.39514978601997,13.8861908689176,46.3161764764668,9.21953967487799,6.2730474755911,24.7795747166838,-7.21961966355364,92.7914633994474,0.900728656645357,0.415805478298554,0.125672953791819,0.0935545133428533,0.0968275177307437,-0.990894537699792,0.424187977353239,-0.904284377851908,-0.0483148408044037,134.074262712451,5.31249448854059,2.45944528943874,0.583437369954224,963.44182153686,405.068263988522,527.835265423243,5.26770923003348,149.144079885877,0,728,0.628768301370089,42,0,31,2.321521,3,2,351,26.5599144079886,0,405.006606332411,527.761822918065,5.0491446679378,222,1.60772981892261,0.00137174211248285,405.486330772177,528.682936292785,5.23805870400315
1889,399.961355214399,589.921122286924,9.02329274748544,15.3371422353546,39.1340919514174,12.6872383545937,6.83315773596931,68.6793879611327,27.0081083505532,-61.2499623297777,-0.323934474762127,-0.82996661405366,0.454116588132265,0.592827503899612,0.196006609351137,0.781112642139933,0.7373072674813,-0.522242116883515,-0.428533738079378,95.7173220538747,10.0603760666422,2.91825279028983,0.647805212620027,1126.01180437315,399.34062260356,589.616953079587,9.19450016237798,387.960825833774,0,1357,0.656290049585027,43,0,27,2.659033,3,2,339,54.1858125992589,0,400.434664947195,590.095880105904,8.66222144064402,75,0.320425852289874,0.000836120401337793,402.359009286615,590.861784609667,7.45059667708283
617,408.554294975689,208.512155591572,3.70664505672609,10.5623895493394,13.8411100247799,9.00432049429974,7.24208558057118,-47.8410686225106,1.68279576804763,5.51110026241723,-0.670899952315965,0.740966184041894,0.0293661044204048,0.739752313541747,0.665996288931456,0.095997175683256,-0.0515729443804583,-0.0861281442730667,0.994948327387914,11.9735204198788,5.06736172275414,3.27798772226981,0.903367496339678,381.015319848374,408.41243535496,208.51661537804,3.5566953028166,151.682333873582,0,696,0.919881311480297,44,0,2,3.741657,3.741657,3.741657,1966,750.941653160454,140,408.408703497068,208.45015550438,3.15545689798438,1374,43.3254692443887,0.412350597609562,408.925221327831,208.097347019273,3.48015529254926
3656,409.185722100656,566.6102297593,9.06947483588621,19.1133078526734,78.2594693874759,14.4091667772904,12.5728149931402,59.3213678528195,-10.8621429702577,2.03007800687493,0.501080782468044,0.844633607706828,0.188446592363356,0.862908840948071,-0.504160714578093,-0.0347894537146327,0.0656230268645765,0.180044557285841,-0.981467052802526,382.78403430058,12.9765054509855,9.87972980323312,0.351606078091941,2250.28494401865,405.337565064762,564.153342008635,7.72753096880926,271.148796498906,0,1009,0.510016313859819,45,6,88,2.487432,3.605551,1,624,104.63375273523,0,408.971380845452,566.4064479363,8.56224300140377,370,3.06793822941844,0.00136425648021828,422.420383764394,575.649938196441,12.9295032065227
899,418.996662958843,559.273637374861,3.61735261401557,11.9743980237354,35.3761505319061,11.8386899102136,8.22895358967308,-7.29637230356778,-3.0354793271178,-1.27201396514601,-0.990510782311229,0.126823614546872,-0.0529543286093197,0.128136524132893,0.991508757953882,-0.0221678615091744,-0.0496932722643404,0.0287428894514086,0.998350852655341,78.2170016535052,8.75966117438703,4.23222982381209,0.39291958041958,799.428032173461,418.390268586659,560.188970366913,3.63906786426275,254.991101223582,0,828,0.563479187177208,48,0,36,2.233125,3.162278,1,593,115.573971078977,0,418.636067025341,560.013512863206,3.24708135629108,373,3.53229113360983,0.00186219739292365,421.612050388878,558.440738440089,4.11539005904636
2003,422.355966050924,397.912131802297,5.36145781328008,15.6396648576436,41.452374911296,11.5726908761352,6.58061024380135,-28.2573262571853,1.56446235692669,-91.3855411247647,-0.880501871614078,0.473255824352323,0.0273016263381562,-0.0354886107390703,-0.00837669170820721,-0.999334973641889,0.472712399448032,0.880885211450748,-0.024170884457448,107.393711611665,8.3704483821614,2.70652694880145,0.785490196078431,1127.3299400802,422.509937350933,397.633753354393,5.39932899485807,394.784822765851,0,1530,0.681637878388477,51,4,31,2.900949,3.162278,2.44949,635,72.071392910634,0,423.790619220139,394.048088446165,4.02531189603696,189,0.723379673996048,0.000846023688663283,426.263981958572,390.113031052234,5.0519851225138
1749,421.662664379645,623.64265294454,5.1600914808462,14.9484809523004,49.2192735964327,10.36402299845,8.53227001197281,45.0588177913788,2.74241730030862,-62.2576085469262,-0.705571519962363,-0.707021637921412,0.0478459374338389,0.359406212454387,-0.298844127107559,0.884035837589469,-0.610733988465675,0.640946636783628,0.464963874003738,151.408555835031,6.71331079452503,4.54997697232566,0.526331628046946,1156.44253966827,422.306930209063,624.042703427898,5.1900851135481,210.528301886792,0,895,0.607043675390627,52,0,41,2.389003,3,2,425,46.4282447112636,0,423.861310542714,625.295949657032,4.53845301281972,139,1.4230950113469,0.00111607142857143,422.523444232877,624.391341203406,4.74267337576928
5014,427.666733147188,709.837255684085,12.4611088950937,21.2354712155493,50.1641858795334,23.0192440545928,16.448898896564,70.5975364569859,-18.296641381217,78.6358555789139,0.315406859534368,0.895523421176286,0.313936801097592,0.288099098889389,0.224844230923519,-0.930829727200165,0.904166700436258,-0.38403499052187,0.187082077915224,157.277846559774,33.1178498028068,16.9103921818365,0.363254364993117,3122.45125464158,428.176027265451,710.788803073185,12.3788682950268,325.421220582369,0,1186,0.453709643655615,53,13,127,2.370154,3.316625,1.732051,618,72.8639808536099,0,424.451732632616,708.546222696666,9.56828707505337,312,0.82997645155003,0.00093984962406015,422.079163538793,704.634249728091,9.13737862915238
588,419.668367346939,592.639455782313,7.11224489795918,10.3942438513616,18.350612975524,10.1938486715552,5.54818038780386,-65.8097961019653,-75.7378000791729,-125.298714153485,0.100950080104352,-0.224726869050536,0.969178474613251,0.202975410720603,0.95831790859241,0.201066577814095,0.973966151347021,-0.176421711809552,-0.142356298183326,21.0465622860918,6.49465942116048,1.92389410097571,0.733167082294264,438.170301946262,419.72729219335,592.54781935983,6.16534736900272,246.214285714286,0,982,0.774627188859867,54,0,13,2.452234,3,2,278,40.9795918367347,0,419.530668990704,592.466135458167,6.34520252324037,200,1.13264164601103,0.00137362637362637,418.814035195205,592.721943539004,11.209280475165
957,414.956112852665,739.548589341693,3.00522466039707,12.2265643652344,45.5144716818785,6.42903900423601,5.9134254227369,82.7438334820542,1.45328132398346,60.2636975696927,0.126265106114374,0.991672274918177,-0.0253618243928269,-0.489255055797864,0.0844945188646797,0.868038113597586,0.862952265976604,-0.0971945237162717,0.49584938358882,129.472945780032,2.58328390737424,2.18553751439192,0.723903177004539,754.828194277359,414.344928361865,739.472914233629,2.81644116557951,183.422152560084,0,718,0.622172248933221,55,0,40,2.223612,3,2,374,59.9780564263323,0,415.189985888256,739.477046638443,2.59960974929877,375,3.52048561103741,0.00139082058414465,417.820603739284,739.985777809457,2.44637645738548
1380,426.983333333333,474.250724637681,4.42173913043478,13.8131741755527,41.3962623342786,8.8021862848216,6.3597793328956,2.64361623146158,-1.42303190855484,92.029716219326,0.998627663839879,0.0461092130720996,0.0248340388092069,0.0231584529255129,0.0365248410173134,-0.999064373324741,0.0469731313816985,-0.998268439077652,-0.0354068986168801,107.103158453026,4.84240521204385,2.52792457269538,0.725933719095213,890.699756009385,427.011507940034,474.646759559588,4.47483360140761,163.088405797101,0,638,0.672985202934285,56,0,32,2.659361,3,2,245,34.3630434782609,0,427.054343012589,473.708905337298,3.88751818814449,134,2.00369807818051,0.00161812297734628,427.291327423934,474.924865580293,3.87161210349702
790,439.653164556962,578.186075949367,2.75569620253165,11.4694560879701,29.5486156756722,7.88375228629984,5.66186043970555,-19.4879341621212,-1.53285696299322,3.38232943306938,0.942374415866799,-0.333488960242353,0.0267502096474606,-0.331539411490792,-0.941596137383273,-0.058977391373636,-0.0448562030052419,-0.0467100359813035,0.997900843566423,54.5700430217864,3.88459688198363,2.00354147741892,0.765503875968992,577.250160631548,439.613733188539,578.299343784516,2.54257511207641,272.756962025316,0,823,0.715931475343492,57,0,17,2.972167,3.605551,2.236068,613,181.344303797468,0,439.53666708548,578.331734863397,2.41373846518965,164.666666666667,1.39154296658729,0.00298507462686567,440.967670529359,576.727256393612,2.62105505961003
394,442.560913705584,490.994923857868,2.63451776649746,9.09562471688421,20.1854612955411,6.4410104299919,4.99243772885416,-5.08621317990221,4.34887087579987,156.538521465165,-0.993194580901113,0.0883993686417222,0.0758292561773336,0.0512541535645381,0.916392401198436,-0.39698611911268,0.104582676438527,0.39039789785488,0.914686801664616,25.4658029821117,2.59291345995403,1.55777715478041,0.834745762711864,332.361694497373,442.644101066252,490.679040844208,2.504546096952,161.626903553299,0,583,0.781994996968294,58,0,15,2.49126,3.162278,2,553,164.997461928934,0,442.615945484471,491.209263332769,2.25447245765971,333,8.24708250760485,0.00418410041841004,442.759350742109,490.496834937085,2.34784631619802
