Volume,Centroid_1,Centroid_2,Centroid_3,EquivDiameter,PrincipalAxisLength_1,PrincipalAxisLength_2,PrincipalAxisLength_3,Orientation_1,Orientation_2,Orientation_3,EigenVectors_1,EigenVectors_2,EigenVectors_3,EigenVectors_4,EigenVectors_5,EigenVectors_6,EigenVectors_7,EigenVectors_8,EigenVectors_9,EigenValues_1,EigenValues_2,EigenValues_3,Solidity,SurfaceArea,WeightedCentroid_1,WeightedCentroid_2,WeightedCentroid_3,MeanIntensity,MinIntensity,MaxIntensity,sphericity,id,nb_branch_pt,SkeletonSize,MeanWidth,MaxWidth,MinWidth,channel_2_MaxIntensity,channel_2_MeanIntensity,channel_2_MinIntensity,channel_2_WeightedCentroid_1,channel_2_WeightedCentroid_2,channel_2_WeightedCentroid_3,channel_2_Ratio_MaxIntensity,channel_2_Ratio_MeanIntensity,channel_2_Ratio_MinIntensity,channel_2_Ratio_WeightedCentroid_1,channel_2_Ratio_WeightedCentroid_2,channel_2_Ratio_WeightedCentroid_3
779,10.4698331193838,529.155327342747,3.07702182284981,11.4159733197957,36.8523815393445,6.23050704467916,5.598398605329,-9.61315849702263,3.72862554301404,-103.359956879127,-0.983870687828732,0.166641698676054,0.0650308687761198,-0.100969750070273,-0.217257317050978,-0.970878142589768,0.147660350812817,0.961784696514854,-0.230578876629378,84.8811265700886,2.42620112711229,1.95887918400936,0.778221778221778,609.098387602744,10.6662168148431,527.816450154014,2.9770163491949,124.607188703466,0,603,0.672184220322299,1,0,26,2.483226,3,2,1258,339.064184852375,0,10.3638459703708,529.951542984352,2.52725730792675,768,40.0416869191953,0.0409556313993174,10.246344279461,531.081563460475,2.80883103695544
1383,10.2306579898771,509.384671005061,7.94649313087491,13.8231764775095,28.1740553550894,12.4496981512213,9.49029452270741,-34.9787357321732,-7.86117409369968,-64.1501988892327,-0.811664775403166,0.567884984121645,-0.136773305797907,-0.350808297645956,-0.286691300002198,0.891482830348289,0.467047996112257,0.771566421840796,0.431915994164741,49.6110871969776,9.68718650353262,5.62910563298314,0.574335548172757,861.361067936589,9.34357444855954,510.887788010881,8.45618629346793,220.61460592914,0,1427,0.69691584611806,2,2,24,2.526069,3,2,976,233.261026753435,0,11.0508958462492,509.076574705518,7.08071295722257,580,16.723516345065,0.0021978021978022,12.5206483677204,506.397514642537,6.4073397412703
1326,115.447209653092,629.448717948718,4.20663650075415,13.6305998104302,42.8579498738435,8.78856570772933,5.56481708984044,-71.6368289222089,-6.77476408957981,-45.7592979278726,0.312839307238889,-0.942451827864477,0.117966605449156,-0.688772654840683,-0.139585067004122,0.711412847095955,0.654005961585986,0.303810074264103,0.692802743200134,114.800241711805,4.82743044994226,1.93544932771127,0.792114695340502,890.3890964406,116.260592581231,629.25456962446,3.99702431168034,147.5,0,750,0.655541173364539,3,3,35,2.533587,3,2,720,93.1274509803922,0,118.49928332537,628.506676816183,3.35253103565557,413,11.6462717473287,0.00253807106598985,115.840462958705,628.982881228318,3.68720166383605
1246,128.185393258427,856.838683788122,3.830658105939,13.3507748929216,47.2400557922545,7.53700303220442,5.32969248820634,83.6558365371438,-2.13405356915991,-72.50769041103,0.110423782499267,0.993186762741923,0.0372376499362429,-0.294812573230034,0.0685121573306314,-0.953095814156892,0.949153377976416,-0.0942663174846791,-0.300369316781587,139.476429453457,3.55040091921617,1.77535137617769,0.812785388127854,873.136620036707,126.757804895008,856.638202266722,3.64686761229314,92.3402889245586,0,705,0.641328612458674,4,0,37,2.42029,3,2,692,179.820224719101,0,126.705680722676,856.303624986611,3.19011764915914,620,40.9214262735608,0.00272479564032698,127.983910754527,856.284595995547,3.32127206757856
2345,220.61407249467,786.161194029851,5.12238805970149,16.4834484756275,54.1276596924437,13.3689297086738,7.71816266364003,87.5826458354891,3.96910812361805,-33.2429400434456,-0.0420771094950447,-0.996713750583255,0.0692186120548691,0.837209892336485,0.00263524064712109,0.546875352965064,0.545260591855374,-0.0809614408529901,-0.834347728506847,183.112721486312,11.1705175972162,3.72312718140044,0.551634909433075,1479.15471142303,220.50283978067,786.019029269829,4.72236121827504,186.806823027719,0,1038,0.577075214061875,5,1,54,2.380104,3,1.414214,824,161.391044776119,0,221.138034994266,785.496897971263,4.11079051529612,536,11.9140282338013,0.00323624595469256,221.596120250681,785.542640877132,5.15855623576688
1334,262.105697151424,423.485757121439,4.06746626686657,13.6579568327643,42.0308865865501,8.52114706740111,5.67696734296975,-75.1869401659578,2.63175593406471,-109.450254557023,-0.255396468540904,0.965745465711247,0.0459166561827246,0.332990872097062,0.0432765397396395,0.941936420470193,0.907683713061369,0.255857062764214,-0.332637100271145,110.412214203215,4.5381217090174,2.01424738832153,0.807017543859649,874.172552002715,263.025371695753,423.151975883354,3.77268420728831,182.769865067466,0,771,0.670384830009514,6,0,30,2.669464,3,2,737,174.248125937031,0,262.509591433746,423.163731947498,3.31542674244021,554,11.496197987421,0.00333333333333333,260.710330632886,423.906870166113,4.14516189572746
899,250.02447163515,265.566184649611,3.0622914349277,11.9743980237354,41.3919584448528,6.38417489606738,5.32919585451115,4.93249882372588,-1.45570523552433,-55.4394280391713,-0.995975145018482,-0.0859542982968796,-0.0254041159992631,-0.0279321559314815,0.566975193037199,-0.823261152457378,0.0851663382471762,-0.819238053977427,-0.567094088970116,107.080888993776,2.54735556897356,1.77502052848368,0.821004566210046,680.657275200172,250.149303293464,265.634448864966,2.82355582823638,175.86318131257,0,761,0.661803045656571,7,0,26,2.571673,3,2,1251,311.914349276974,0,250.015994379678,264.861535389125,2.64009971078167,656,22.9739756219877,0.0114942528735632,249.442985074022,262.463845448496,2.69120878053386
1516,262.965039577836,921.913588390501,4.28825857519789,14.2528000648902,55.9936793755153,8.39812228663036,5.41994505928978,-72.1428532441375,-5.71571362870721,42.7240336975126,0.305120257771634,-0.947091829472047,0.0995926445309226,0.678518425299072,0.289585633331057,0.675094739646162,0.668217311080041,0.138409636642619,-0.730977699835924,195.955758125501,4.40802862132487,1.83598777785749,0.690346083788707,1080.42341450588,264.774468731026,921.279280510018,3.96089860352155,86.9129287598945,0,591,0.590685447192383,8,0,42,2.340043,2.828427,2,544,88.3660949868074,0,265.826116166404,920.409747467584,3.49874219000769,410,17.2467149781026,0.00200803212851406,264.029974164302,920.919121238016,3.82705561716374
601,272.459234608985,291.289517470882,2.78535773710483,10.4702877309537,24.7486425533577,6.59304621296221,5.7242337650701,77.0470059835458,0.959762489367012,-13.6809951410245,-0.224120149239073,-0.974417563690936,0.0167502321081419,-0.947791889591779,0.213930995858999,-0.236482690772121,-0.226849493561482,0.0688762700891817,0.971491310660832,38.2809567646166,2.71676614789095,2.04792826232304,0.837047353760446,460.263845286036,272.256228855451,291.138925924918,2.55796214161973,183.44925124792,0,912,0.748273292099254,9,0,14,2.77977,3.605551,2,934,269.83693843594,0,272.115864637545,291.100559899366,2.31984559603384,497,15.9730619291749,0.00380228136882129,272.757407947178,291.569060322857,2.76144145977861
779,276.450577663671,544.274711168164,4.21437740693196,11.4159733197957,25.1970756679278,8.31402701282675,5.95618614313809,-42.5526596763124,-0.642754212471054,-107.661974223878,-0.736609748176755,0.676224989680511,-0.0112179419935661,0.197305833696506,0.230730737088985,0.952803093483486,0.646897586083226,0.699630681355504,-0.303381645499079,39.680788888455,4.3201903231258,2.21725958573188,0.765978367748279,542.384395714481,275.78779209559,545.092492521864,4.23585267053003,157.498074454429,0,837,0.754863760840656,10,0,17,2.427456,3,2,998,235.731707317073,0,275.781588477142,544.822261551447,3.66826585345931,573,24.4310296865645,0.0027027027027027,277.035153149311,543.471161738547,3.23101057193667
939,288.190628328009,319.438764643238,3.39084132055378,12.1494231042666,38.0624978869089,6.62787631814097,5.82691651105814,-49.0075050409072,-0.883182285249892,-120.17108041774,0.655882237570628,-0.754705839605582,0.0154138283557282,0.370606754467168,0.339733027200322,0.864425881017347,-0.65762384687803,-0.561249112154789,0.502523939850435,90.5471090869339,2.74554653053587,2.12205975167763,0.795762711864407,680.888816400537,289.819490503467,317.802692568586,3.17489448296654,113.039403620873,0,665,0.681059389955305,11,0,22,2.712172,2.828427,2,676,99.5090521831736,0,289.701858966813,317.868780701848,2.99392116782072,390,13.7771821039394,0.00303030303030303,286.519609356422,320.916007623898,3.5585009996967
2418,287.659222497932,612.362696443342,6.79280397022332,16.6527472838997,46.3664425034041,13.8569538015449,8.21380570582848,-5.50872381073933,3.89033229472242,100.165269975394,-0.993087976510825,0.0957761070007289,0.0678469471488582,0.0495311256229536,-0.182083926837302,0.982034679215571,-0.106409297075764,-0.978607368108013,-0.176081460070471,134.365436901342,12.0009480411343,4.21666276081879,0.568272620446533,1482.45757590881,287.698632614424,611.905322341748,6.87349222446826,180.653019023987,0,899,0.587677930540048,12,2,58,2.55592,3,2,790,93.0181968569065,0,287.819658720067,612.435340879787,5.45805137872469,311,5.24086714807515,0.00171232876712329,287.930233287111,612.413411592987,5.43576934490673
3108,304.647683397683,386.074646074646,4.13030888030888,18.1062062267428,75.6164887519575,14.5196812404869,8.16625693599186,-18.3316893309571,-3.20503373396644,-15.0742677317273,-0.947766902304744,0.314025568507961,-0.055909223021981,0.317497284901988,0.912014273729608,-0.259664087993164,0.0305511534239758,0.263852054827526,0.964079208461502,357.365835698432,13.1763214578341,4.16798452153969,0.47226865218052,1938.38783978917,303.811651456895,387.753101403623,3.89418353638764,347.28120978121,0,1745,0.53132973510381,13,1,75,2.819974,4,2,1165,280.203346203346,0,302.96616839214,389.455259785594,3.85301284230059,476,4.20049780716401,0.00221729490022173,303.320748433311,391.385355247992,5.044605227803
708,311.738700564972,302.368644067797,3.08898305084746,11.058041406114,32.3757019315839,6.5501427848755,5.61492227382633,-53.9021126386016,-3.97658573841442,-127.071449785954,0.58774813014781,-0.806066299019168,0.0693488074395968,0.454477906107935,0.399864946383103,0.795963477499933,0.669329491631364,0.436308544770304,-0.601359198310727,65.511629722673,2.68152315639102,1.97045950881944,0.795505617977528,549.24041844398,311.673424102129,302.382607822188,2.84762896200312,154.673728813559,0,758,0.69942927652032,14,0,17,2.286543,2.828427,2,561,127.524011299435,0,312.102140950524,301.983796116827,2.60096137871454,333,9.8299809014187,0.00230414746543779,311.302173315335,302.260600592212,3.06028551489666
777,313.67824967825,533.709137709138,2.58944658944659,11.4061951794054,39.4852327184512,6.14815673010757,4.92822979924565,-17.000058766096,0.357175643047581,-29.0207371538799,-0.956285874484765,0.292367004580833,0.00623385060290165,0.252771534197324,0.837119062392254,-0.485116714697654,0.147050595920042,0.46233452176097,0.874427190924216,97.4427251768906,2.36248944862292,1.51796555963579,0.835483870967742,634.459165738503,313.696893420199,534.044857150915,2.2479270665877,182.532818532819,0,787,0.644210493210132,15,0,34,2.522662,3,2,831,213.870012870013,0,313.579562755375,534.110243896568,2.17994066567576,413,8.63508215251671,0.00374531835205993,313.87856850786,532.489202467517,2.71719847793615
1791,318.169179229481,587.767169179229,4.73813512004467,15.0671919547119,47.7688863763119,9.99172751383855,8.69864683638347,23.5461014477237,6.67987305543749,14.7942758229508,-0.910515719490321,-0.396774939177858,0.11632184748116,0.359013791139547,-0.898213867109181,-0.253615746168059,0.205110268715715,-0.189159976139718,0.960285520610505,142.616656602062,6.2396636694249,4.72915354900776,0.567490494296578,1251.11141967476,318.69361904023,588.548456979846,4.33287877250673,187.114461194863,0,840,0.570057320166751,16,1,48,2.37257,3.605551,2,1415,331.871580122836,0,319.716801652809,590.175600876204,3.97873757953639,576,16.4530104195622,0.00204498977505112,318.27411137504,587.419819691624,5.17158263529803
1312,321.573170731707,441.708841463415,3.94893292682927,13.5824590467962,55.9287831226712,7.13489620276773,5.40620518760441,-27.768563028024,-5.33407236792574,89.7221620099458,0.881005034047076,-0.463883676917462,0.0929627036679002,-0.0799966147792334,0.0476016504020706,0.995657885271272,0.466294618891933,0.884616310706814,-0.00482816982843267,195.501798848924,3.18167148901685,1.82669090815507,0.742921857304643,977.673403043573,322.277042906425,440.521345407503,3.47831500646831,141.40243902439,0,691,0.59280639569036,17,0,43,2.314551,2.828427,2,425,92.9131097560976,0,322.431321881511,440.13058030221,3.303161556004,296,9.05160567237625,0.00246913580246914,320.709050322289,442.373721315406,4.14932422530076
1403,322.351389878831,808.134711332858,4.71703492516037,13.8894916037386,40.7342751439713,8.54548879804105,6.96111720700543,7.73912853972038,5.43766844092533,-83.7998341285591,-0.986432335085061,-0.134056918780641,0.0947628135170876,0.107894307359507,-0.0943320985652113,0.98967685312919,0.12373385445401,-0.986473617339726,-0.107516210659742,103.705073219047,4.56408617484033,3.02857204810421,0.712182741116751,890.62543989095,322.370437668376,807.168221881526,4.89095199338797,112.971489665004,0,707,0.680498975411314,18,0,29,2.872055,3,2.44949,789,108.160370634355,0,322.428497057641,807.249009878154,4.4562731879617,305,15.0551588495767,0.0024390243902439,322.026409646417,806.710516985925,4.38696224195916
4338,325.325034578147,463.587367450438,6.10949746426925,20.2347095609139,55.7755173836301,15.3197737327374,12.9843322419494,-27.0935322314283,-5.18105054516378,93.7103003589041,0.886626887072084,-0.453583613133045,0.0903032060230247,-0.109697794108792,-0.0165686318421848,0.993826883519732,0.44928738808087,0.891059698525329,0.0644473162778704,194.431771213227,14.6684667013919,10.5370552355829,0.569515557306026,2458.10825238888,325.215153585631,464.043657741709,5.45708007884505,234.482480405717,0,1113,0.523290461007773,19,15,108,2.374918,4.123106,1,1848,477.50622406639,0,323.244401671895,467.064047306633,6.52480035453906,1110,13.5065631257548,0.00154798761609907,323.751669805142,467.49552021406,8.87880124250469
1557,333.836223506744,580.938985228003,4.27488760436737,14.3801471481003,45.8612203075701,14.5307371823337,8.59004939116322,43.9087649371928,-0.817525951352774,-37.6460599966224,-0.720371692017383,-0.693441452831641,-0.0142680354203358,-0.542843639772483,0.57649129592096,-0.610719713523261,-0.431723763648209,0.432199881099145,0.791718292500123,131.453220506217,13.1963951913785,4.61180928391397,0.394476817836331,1129.55154667418,334.280196794931,581.030832636113,3.7201488357015,269.443159922929,0,1235,0.575135901547012,20,1,41,2.461669,3.316625,2,736,125.042389210019,0,331.562804649419,580.388518216045,5.39509273669558,380,3.6135066116014,0.00126582278481013,332.171372067092,581.516149677853,6.36336357647518
1286,348.003888024883,728.701399688958,3.21695178849145,13.492138233345,40.294272434699,13.2534974882911,6.57330499289481,50.78061715722,0.400246429670343,8.53678981931515,-0.632275998406931,-0.77471172946665,0.00698556120220649,-0.765491532680944,0.626089482070147,0.148440809196507,0.119372422411114,-0.0885081728877408,0.988896621543312,101.476774440109,10.9784497295087,2.70052115810099,0.562062937062937,972.336295841694,345.496693045207,726.437944346236,3.04517944566516,141.202954898911,0,983,0.588159260422709,21,1,41,2.377023,3.162278,2,1137,360.083203732504,0,347.051586487485,727.086544711672,2.90033623644095,815,35.6061955497427,0.0613496932515337,352.991609962671,732.006699013555,3.14856235040072
1149,349.21409921671,851.110530896432,3.16710182767624,12.9949257422211,70.1197796646681,7.50236264810096,5.01339819143619,-82.4734981530181,-4.08104845586503,-22.0447042350461,-0.130652637658009,0.988870604456164,-0.0711675200882116,0.922404321860696,0.0949274745094465,-0.37437820662529,0.363455850531691,0.114558728282744,0.924541044242237,307.29896876385,3.51784033147632,1.57088508911849,0.541981132075472,1011.01422717427,356.343786281914,850.038956208082,2.5862255537395,77.2106179286336,0,584,0.524735213968729,22,0,67,2.211393,3,2,1327,322.738903394256,0,355.789319547929,850.071049303314,2.54753024995483,1116,65.5091318129974,0.0317460317460317,349.130630142022,851.01772521629,3.11181204391768
3657,356.14109926169,215.000273448182,14.803664205633,19.1150503367612,79.4443800089335,13.6259760815855,11.9500136933823,-35.7579218352963,20.7238846539182,44.9039247411126,-0.758986824195661,0.546551668974226,0.35386476772755,0.616609737979387,0.428799978701876,0.66024465866394,0.209120615259177,0.719313458380113,-0.662462615448498,394.46309468774,11.6042015109963,8.92517670450157,0.373087125076515,2139.46379754897,358.231026670786,211.340661792469,17.0526768040824,238.990976210008,0,1492,0.536532238745231,23,1,75,2.695505,3.162278,1.414214,968,174.363686081488,0,355.04601598374,216.226701879407,15.0470494692997,458,9.54551972794551,0.00196078431372549,347.843391077559,229.335928451779,8.48613176408245
764,342.930628272251,574.32722513089,6.59162303664921,11.3422246636902,14.8418196231455,12.9229648384085,7.82579681435141,-70.9197419854499,-23.4160610076282,103.798602967939,0.299970503199978,-0.867229412414932,0.397405137677413,0.351565955478872,-0.286766348221304,-0.891160165445048,-0.886802726742639,-0.4070358802001,-0.218866891218272,13.7674756078741,10.4376887634213,3.82769348621954,0.692028985507246,519.956008380344,343.277725183423,574.191812304588,6.31640279525156,210.15445026178,0,870,0.777284061547079,28,0,9,2.312375,3,1.732051,691,232.952879581152,0,343.052529554547,574.155200701218,6.03315615588619,393,7.76916559428144,0.00549450549450549,342.097693657624,574.873235741504,7.06017512952099
945,367.591534391534,646.701587301587,2.37777777777778,12.1752455477399,58.9355781548716,8.45561205438599,4.57445750661472,-75.932725198976,-0.132968378199894,5.54251998192604,0.243060363042363,-0.970008388681149,0.00232073391744973,-0.965421520018481,-0.242142082510397,-0.0965841631052113,-0.094249395769527,-0.0212352952823527,0.995322115514043,217.087648278061,4.46858595089234,1.30785384248898,0.537542662116041,826.617082523366,368.022678780157,646.612048759068,2.07575467088866,171.103703703704,0,932,0.563379388630692,29,0,47,2.215868,2.828427,2,603,123,0,366.3991912935,646.481679356476,1.99642104357552,332,7.94183722857906,0.00290697674418605,369.028434210535,645.855704535526,2.55888242919548
1546,358.747736093144,544.29042690815,20.529107373868,14.3462024685031,103.529779149207,13.6418830318443,6.87198276272926,29.3101939420153,-4.22381905964142,-66.5905343904345,0.869613836637859,0.488207989346285,0.0736527953742482,-0.135555455571336,0.379526113743627,-0.915196507560812,0.474759406007749,-0.785883507986468,-0.396220416286253,669.90094816773,11.6313107909077,2.95150919320311,0.194538819680383,834.397254163485,359.425647908478,546.218061547311,21.0340076055348,202.412677878396,0,893,0.774909380109768,30,0,51,2.212383,3.316625,1,590,143.625485122898,0,358.077628408656,542.858970028598,20.1643810939224,346,7.83173375194422,0.0018796992481203,353.765779121395,534.126765203201,19.0999988543791
2679,349.607316162747,501.569988801792,8.72863008585293,17.2315639881328,120.794691431385,16.257129906641,8.26792766329952,5.65704430917739,1.3272343243323,-62.3472547579521,-0.994862771204092,-0.0985472644930161,0.0231625372759263,0.0661661221296517,-0.459828898872701,0.885539060710392,-0.0766166480240371,0.88252241921804,0.463987142950209,911.959842375221,16.5183920500877,4.27241424034716,0.224691772204982,1260.87825806189,350.403515990944,503.165019647132,7.63316787238472,229.506532288167,0,1178,0.739820073542943,31,0,64,2.410718,3.162278,1,833,140.926465098918,0,349.031127662618,501.274819755153,8.11582287533572,487,9.17996787139333,0.00110864745011086,346.883320632692,488.673987246615,10.3094252087125
1979,357.974229408792,531.859525012633,11.5528044466902,15.5769487359064,67.5662010200076,15.6223513483454,12.0018804864976,8.51831935087489,-23.5065808590585,57.2344644448853,0.906898274888428,0.135833311326045,0.398854397667365,-0.411859672538047,0.485551864640534,0.771110236529741,0.0889220396822216,0.86359058487127,-0.496290411533862,285.324470017254,15.2536163531969,9.00282095076087,0.218770727393323,1703.92771998193,357.989297669017,532.061990026338,11.1645919831192,266.290045477514,0,971,0.447366526690766,32,12,88,2.345983,3.316625,1,937,138.531076301162,0,358.211367375152,538.323272041524,12.762067166874,469,2.84873295437717,0.00120772946859903,360.043359597892,540.361968222057,15.2208641823133
4294,367.870284117373,565.939916162087,16.5204937121565,20.166063912234,67.4286208851288,22.9740506054269,11.2253270180418,39.1846701795497,-6.12424685917409,74.5115137811837,0.770689902210491,0.628216058950747,0.106684853222822,0.248414530100954,-0.142032059380444,-0.958184280471597,0.586794083018486,-0.764965017098521,0.265520671040792,284.163682154402,32.9879375762949,7.87549791637371,0.347298608864445,2517.57721212779,367.648491874577,565.65795456182,16.9609148533021,226.393572426642,0,1395,0.507468807054056,33,11,83,2.498079,3.316625,1,1059,266.756171401956,0,369.47317432173,568.417214704077,15.9673281528411,544,5.72644083458795,0.00186915887850467,369.329761281917,568.469994207175,14.7523233023741
1180,353.177118644068,527.288983050847,2.62881355932203,13.110757812727,88.0477968964219,18.3040353979153,7.00726583939,-3.6200932267671,-1.64327358052245,2.59842506578961,0.997594209132115,-0.0631145495490726,0.0286766026803696,-0.0617781217206423,-0.997060601819438,-0.0453168840072806,-0.0314524654477133,-0.0434362744106525,0.998560980853239,484.525908644598,20.9398569905086,3.06886090899263,0.176964607078584,1429.85319004917,353.103801163511,528.313332972941,2.55001892057103,203.795762711864,0,871,0.377671326855928,34,5,94,2.019509,3,1,1132,237.363559322034,0,351.086508217031,533.654509816523,2.22571039919454,495,8.4359917456262,0.00157232704402516,350.564473637679,528.983154151838,2.56956791671493
1481,367.933153274814,473.852802160702,3.56515867656989,14.1422598291117,50.9892053511982,15.8321522355429,7.62660370983315,-22.5665804749701,1.36230758545101,-7.56320607634646,-0.923173200048033,0.383648296315683,0.0237745125533179,0.377528577584223,0.916601432235398,-0.131582626251537,0.072273202643215,0.112497996240343,0.991020072966033,162.493691396667,15.6660652755878,3.63531775917755,0.423748211731044,1058.80095848917,368.776500144491,472.652727154083,3.21813969964483,144.865631330182,0,793,0.593435019422672,47,0,45,2.355799,2.828427,2,597,128.060094530722,0,368.265094354545,473.603742545754,2.94038184722947,449,11.3776827739388,0.00269541778975741,366.13632862833,475.576238148415,3.4449264658314
794,369,674.239294710327,3.86649874055416,11.4887812400801,25.3472377925484,7.99119480031907,6.03378914140823,60.6093310272142,-3.01118023802871,64.9129355307581,-0.490084270435981,-0.870090754371968,-0.0525308197885043,-0.392772304070686,0.166628496329559,0.904414098389645,-0.778169213620172,0.463871774704358,-0.423409555402796,40.1551539819997,3.99119964604041,2.27541321268599,0.814358974358974,542.388111904093,367.811976468872,673.612054729107,3.52576950371073,189.89798488665,0,779,0.764517851595263,48,0,13,2.727605,3.162278,2.236068,1226,400.437027707809,0,368.124155912778,673.793088156202,3.23181222027571,687,19.8819636839376,0.0158730158730159,370.108230798886,675.016939999498,3.90104035845461
796,386.256281407035,172.121859296482,2.39949748743719,11.4984194838958,47.8225108725991,5.89293125318665,4.45937235752597,-83.5678930123188,0.372592283415597,15.2677297982712,-0.112023426341896,0.993684287905611,0.00650291627978645,0.958825183513406,0.106370311479314,0.263324180994223,-0.260969384049367,-0.0357336368889849,0.964685486458452,142.937034134991,2.170414922174,1.24287511394167,0.772065955383123,674.772413792368,386.15751315227,172.087114701751,2.13916540887636,143.993718592965,0,920,0.615557816274146,49,0,40,2.337685,2.828427,2,798,152.104271356784,0,386.016906875903,172.134866818088,1.98814784224654,284,14.1014205753496,0.0045045045045045,385.708608259328,172.336956373901,2.14098745389605
1131,385.598585322723,574.825817860301,3.20601237842617,12.9267096524532,43.5973066182603,7.84235507969271,5.89591297021228,51.3606488086924,2.96715639367732,-41.6496923531103,-0.623579093558737,-0.780044648535994,0.0517635041976737,0.605129329046118,-0.439707408445913,0.663683576778855,0.494942026104735,-0.445182817781793,-0.746220241984364,118.795321522913,3.84390832474887,2.17261185951984,0.743101182654402,802.799938705709,384.980610945851,574.254146919431,2.77897486639105,280.58709106985,0,1021,0.653910830432211,50,0,28,2.691258,3.316625,2,1199,365.314765694076,26,385.162264534539,574.468360557735,2.77578532859276,476,6.80090276793923,0.130434782608696,390.119586348855,578.856595598455,3.41729948243089
1425,376.072280701754,390.482807017544,5.2919298245614,13.9617143191655,41.5788943428302,9.367292448504,6.574507901225,-9.59652411544376,-5.69384785943833,-78.643565504711,0.981141423524935,-0.165886426601597,0.0992129049711621,-0.128736221993145,-0.177940517476299,0.97558400836996,0.144182149347259,0.969958177299217,0.195940404460093,108.050278423265,5.48413548848751,2.70150963395434,0.645380434782609,925.69482454555,376.197237880805,390.346996017333,5.13890578007133,128.098947368421,0,600,0.66154521383195,51,0,31,2.605524,3,2,766,184.708070175439,0,376.266134516677,389.342571872542,4.62692765065024,476,19.1482496706007,0.00342465753424658,375.815123843471,391.15892396051,5.18886248952498
538,379.973977695167,760.657992565056,2.65613382899628,10.0908531134231,22.8948886751004,7.24037709982476,5.21493453552622,59.9171905800299,-2.05036854355486,-9.35323887070396,0.500930220664162,0.864747850854026,0.0357780445063495,0.850883162713041,-0.49961852024584,0.162416679065941,-0.158324847818672,0.0509164872187913,0.986073401878629,32.7609954653276,3.27644128422918,1.69972138811401,0.82262996941896,421.816766509964,380.49776674938,760.824754815077,2.48375280633345,157.304832713755,0,587,0.758371150323555,52,0,13,2.788892,3.605551,2,973,374.721189591078,2,380.151106150794,760.55806547619,2.33186507936508,558,22.3812005589797,0.0731707317073171,378.629262362094,759.990330819416,2.73672624310183
566,382.473498233216,363.825088339223,3.89399293286219,10.2629592135202,17.1900491136194,9.41282628530374,6.90453957319424,-16.3446441921587,5.69639090921383,2.14873629705306,-0.954847702563245,0.280024818309198,0.0992570704816232,0.2847877373563,0.957864298499503,0.0373085822771921,0.0846274752144513,-0.0638912105923449,0.99436215919949,18.4686117830405,5.53758116733157,2.97954166986284,0.69790382244143,439.900248742995,382.462407503274,364.487179877585,3.63191631901093,116.038869257951,0,533,0.7522130628501,53,1,16,2.352686,3,2,785,248.80035335689,0,381.918343144843,363.950753083702,3.47733647680389,580,29.2229257678412,0.118279569892473,381.624626125602,362.399902518281,3.84471854219407
833,404.361344537815,246.333733493397,2.4249699879952,11.6738863160312,48.6735061525707,6.12766353009662,4.57691237093671,-72.3128798286703,0.505484834985886,4.29649990423153,-0.303807075621885,0.952692725135597,0.00882226024263006,0.950253164677358,0.302335379249814,0.074914894877708,-0.0687035939579942,-0.0311430558484838,0.997150904452116,148.069387574021,2.34676627112975,1.30925792820209,0.745080500894454,702.001732817987,404.31770184019,246.304904687317,2.08882886338693,225.327731092437,0,1088,0.609877495187553,54,0,37,2.339801,3,2,690,199.141656662665,0,404.25602676553,246.347746933116,2.01524550140157,333,7.37910653508121,0.00518134715025907,408.244982100456,245.495430678427,2.69293092633532
1465,398.77747440273,387.853242320819,3.47030716723549,14.0911466302572,46.2305421903447,10.43142148114,5.99032959872994,-26.0675576650716,-0.874788082720063,-25.3584172689193,-0.898171840113242,0.439379396403242,-0.01526733912359,0.402963422001802,0.80885102056469,-0.428229502790333,0.175806217626654,0.390775859730076,0.903541034649799,133.578939450828,6.80090963232435,2.24275304383875,0.644239226033421,1043.34112812671,398.921043216836,388.478346486283,3.0143284479519,227.047781569966,0,1002,0.597883011677215,55,4,44,2.273252,2.828427,1,1116,340.21228668942,0,397.783401650445,388.98802995921,3.17580270098373,796,14.0910693989337,0.0040650406504065,397.31364868759,387.185812543836,4.05152734308392
2272,394.964348591549,431.788732394366,3.34375,16.3105986604081,54.7675911338547,18.6317183270024,6.97267291853999,-2.52675127296649,-1.04005000339268,1.42015588382971,-0.998863158652753,0.0440785729313874,-0.0181513000795613,0.0436228724201545,0.998740710970546,0.0247797750567832,-0.0192206994685646,-0.0239597925362926,0.999528135198583,187.468064912818,21.6963079885473,3.03863547680881,0.498573622997586,1536.50784321224,395.748697022462,428.283296632861,2.89125878928317,298.020686619718,0,1187,0.543944881431236,56,1,61,2.704091,3.605551,2,1260,309.668573943662,0,395.52181242156,431.732206030129,2.64645726704067,776,6.32785665107008,0.00218818380743982,393.421947761358,440.821699424296,3.91863826724252
1310,408.111450381679,450.432061068702,2.89465648854962,13.5755538808645,70.7589290575699,7.13218884567633,5.64110865409286,3.59379315894927,2.12591092191149,-12.6492918968669,-0.997346598316829,-0.0626392600792485,0.0370956321225957,-0.0692683508055093,0.973300796223206,-0.21883202610212,0.022397732084646,0.220820930094949,0.975057156493642,312.926627585888,3.17925735814927,1.98888167795508,0.564898663216904,1074.45771905127,408.198924203196,451.101423980002,2.4491652531024,171.007633587786,0,814,0.538859641700603,57,1,64,2.376316,3,2,1153,228.051908396947,0,408.262301337582,451.677664787714,2.33161393549078,701,15.3437927328008,0.00625,407.998572028591,449.591721609461,3.03000588101929
1447,407.418797512094,502.721492743607,5.64616447823082,14.0331974630213,25.7847366235648,12.0313925111342,10.4630691152574,6.28979772264923,-11.9915248870457,101.919880465953,0.972290179307375,0.107166599179742,0.207767002295074,0.17943493653488,0.227571980862262,-0.957086253729072,0.149849627203928,-0.967846224121722,-0.202036570155428,41.5532901716629,9.04715035981093,6.84223845691583,0.579263410728583,880.293715165585,407.245680062745,502.981847256441,5.23240223154032,249.362128541811,0,858,0.702806135124561,58,3,22,2.557551,3.741657,2,2540,997.159640635798,170,407.239725828026,503.664779019884,5.30784467284408,1396,16.2839381177331,0.538283062645012,407.86396183943,503.922051704641,6.78419991469332
677,409.459379615953,621.31905465288,3.98522895125554,10.8942335677085,18.3371445164747,9.38213000900127,7.02840600255702,53.3401511568293,4.92479402843839,-28.3005667204912,-0.594858926119728,-0.799232736264024,0.0858480710301979,-0.730610756572409,0.493048222461852,-0.472346665816432,-0.335187679362438,0.343701154509452,0.877222170258193,21.0156793136299,5.50152271911264,3.08740568354873,0.726394849785408,489.983712982947,409.772561154907,621.573570251714,3.82105101026366,316.471196454948,0,936,0.760959586459842,59,0,17,2.492657,3.162278,2,897,393.344165435746,45,409.492497014578,621.45091139868,3.66788962575199,410,4.23277750430654,0.120418848167539,409.097153909932,621.32025360602,5.5789242761955
1195,404.234309623431,648.818410041841,7.70460251046025,13.1660781211633,28.2379421100542,13.1276557750014,7.52724069565458,87.6019090138312,3.44211807369775,-75.3958634939189,-0.0417668791465172,-0.997321766871559,0.0600401626459471,0.254349459589954,0.0474993391911737,0.965945218520543,-0.966210060086656,0.0556157001267931,0.251684353281542,49.8363359131732,10.770959134183,3.5412095306449,0.557629491367242,796.326478356076,406.212192018998,648.809053899326,7.12459183240745,197.330543933054,0,787,0.683866880513474,60,0,25,2.695633,3.162278,2,898,105.779916317992,0,406.989850245635,648.547319373136,5.95022427555436,256,5.75229394683382,0.00163934426229508,401.812180972862,648.326733168355,7.79712466677344
4504,438.450488454707,270.859680284192,8.60190941385435,20.4895892919407,78.0892661701427,13.6579527157348,8.32687125604862,-66.3480533152846,7.83347630029528,-95.1625548026678,-0.397436021948032,0.907451619021246,0.136294415123447,-0.136879931116452,0.0882403203514183,-0.986649649228051,0.907363484451341,0.410786081799272,-0.0891420332072536,381.120843186963,11.6587295240778,4.33354905717559,0.559225229699528,2423.9378712448,439.000359420927,270.402511802789,8.48487684653627,246.474023090586,0,1035,0.544120257556878,61,3,70,2.99363,4.123106,2,2010,327.40053285968,0,425.142562246883,276.629240776557,5.4811116415708,1257,11.6091553935973,0.0010515247108307,420.454388724037,279.514263351054,6.37655131728448
490,419.269387755102,633.695918367347,2.7530612244898,9.7813579571064,21.3403918963723,6.71561418800418,5.9152633552361,9.39960012877907,2.09240966703523,7.45916412228645,0.985915493271868,0.163210182161695,-0.0365113210557459,0.15726076999028,-0.978998674552262,-0.129732977484439,0.0569182778073417,-0.12216395402761,0.9908765200507,28.4632703931721,2.81871712013269,2.18689628511244,0.723781388478582,417.853124423542,419.135620027731,633.36745625458,2.5604527697085,387.095918367347,6,1193,0.719323955831993,62,0,21,2.331246,3,1,1384,455.440816326531,19,419.100467813197,632.650453025999,2.4282552001649,31.8571428571429,1.58961910975367,0.0628415300546448,419.294835558719,633.18167117286,2.73967906007518
1179,433.49957591179,205.90245971162,3.53774385072095,13.1070531621164,42.0185935823179,7.59923587249183,5.83302146159776,-49.6773363838292,0.564771380496726,-118.431665559168,-0.647059969605313,0.762375390515935,0.00985696048721766,0.368601435881581,0.301478233667921,0.87934285468781,0.667417693202996,0.57262085061596,-0.476087160338783,110.347637914751,3.60927411536041,2.12650871071624,0.825052484254724,804.547765304456,434.035091019059,205.380509824748,3.21255605711925,229.984732824427,0,1050,0.670823335411794,63,0,20,2.742271,3,2.44949,712,176.743002544529,0,433.288943276706,205.897922065457,2.91942604856512,314,8.17847695278408,0.0021551724137931,430.599556014411,207.803212584694,3.50079218925899
823,420.528554070474,265.617253948967,5.13730255164034,11.6269838966019,23.6192503422731,9.03948517605942,7.87297297556467,79.8551483486722,12.8901785223486,-74.6126009698132,-0.171698591903248,-0.95955904396025,0.223083021972835,0.299080321510865,0.164986590910899,0.939856577411978,0.93865358616659,-0.228091792867893,-0.258657262033971,34.8668116706854,5.10701826551237,3.87398146712322,0.635521235521236,575.796312443619,423.066832679244,266.205908719645,4.14594896109329,304.96354799514,0,1194,0.737590195910568,64,0,13,2.395678,3,2,1283,425.103280680437,17,421.140027439547,265.913471102727,4.67513576859315,778,21.8871178455419,0.113924050632911,414.079873010802,264.390919033742,7.55564729013041
774,437.461240310078,308.860465116279,2.66537467700258,11.3914964579939,38.8727182194543,6.18141977797455,5.46314956071682,65.3557616899455,-0.448596628987174,-10.1804591529642,0.416969912457644,0.908886567439716,0.00782940819699256,0.894027390410828,-0.411675487685194,0.176743650619653,-0.163863105366244,0.0666970791475027,0.984225778128638,94.4430138605685,2.38812190447094,1.86537519517252,0.701086956521739,632.370365648429,437.6065203357,308.873531310523,2.36460942543577,200.129198966408,0,1080,0.644673653623216,65,1,31,2.41411,3,2,911,175.410852713178,0,437.995109304107,309.297676919451,2.11594779329444,381,5.64053303891095,0.00273972602739726,438.862828043973,309.886567799703,2.65239218716278
947,422.803590285111,501.200633579725,5.30200633579725,12.1838287339085,16.2782731765736,11.1343950946903,9.17490282669508,44.8346575390811,4.52951545052385,-17.9978022885042,-0.706929570702949,-0.702861226945304,0.0789726390763709,-0.687867231654362,0.657240536328983,-0.308015501269264,-0.164588133478418,0.272067956700036,0.948097976611678,16.5613861006973,7.74842213279149,5.26117761745608,0.748616600790514,583.622151917269,422.653772439467,501.014830869884,5.2008188085132,105.234424498416,0,572,0.799071564427997,66,1,19,2.693099,4.123106,2,2099,839.182682154171,114,422.696505374315,501.004343744731,4.65151892649609,1943,108.690079555983,0.954887218045113,423.413636521046,501.169447491479,4.83704588533449
6058,431.258666226477,676.682733575437,7.14344668207329,22.6174453125536,71.3195629356022,32.5538073444269,17.2963017094826,1.79136106829813,2.94810408889897,12.3678040502861,-0.99818846049323,-0.0312186835315248,0.0514314216866922,-0.019524065285502,0.976659774222253,0.213903006736383,0.0569087709661991,-0.212511362554326,0.975500032071973,317.905003582833,66.2343982886291,18.6976283015906,0.278375149342891,3427.62129302453,430.713121653046,675.8979466974,6.29502841153082,201.810333443381,0,1227,0.468861031205302,67,4,110,2.813223,4.358899,2,938,188.005447342357,0,433.60071276989,675.280789894437,8.07162116956425,577,11.546829529177,0.00198412698412698,435.119235205431,676.633005127461,10.7165033504947
1564,443.583120204604,647.479539641944,4.33695652173913,14.4016651430095,50.3900577224803,9.53182251268123,6.03751129345677,14.1036774622922,3.04459992356516,-68.6238989041806,-0.968487418164083,-0.243333309241353,0.0531132890294035,0.136786161012811,-0.341449235535524,0.929893523855061,-0.208138576465888,0.907855340990985,0.363973917775568,158.697369829681,5.67847752582855,2.27822141366365,0.629376257545272,1035.5424589291,443.579777881136,647.338086540898,4.14193070224199,169.087595907928,0,849,0.62922704359514,68,0,40,2.734552,3,2,1409,420.342710997442,0,443.763069350305,648.104554802439,3.51597010112319,1055,24.2073632013798,0.0135135135135135,443.640881163714,647.852081273526,3.95720943768953
4320,449.740509259259,509.739583333333,12.2900462962963,20.2066836115275,34.0661307384494,22.9437870068017,10.8599988371633,39.0596796363368,-39.0966714428306,121.6551779175,0.602620751101502,0.489032843652179,0.630630722508288,-0.0861293511852173,-0.745764308020322,0.660618900537506,-0.793366223887982,0.452418473000864,0.407292965911874,72.5313289680704,32.9010851383426,7.3712234214493,0.635200705778562,1896.91421195801,449.951660514962,509.249314556165,11.0783298233741,259.952546296296,0,1029,0.676226623687253,69,5,55,3.585807,5.385165,2.44949,1374,419.971296296296,0,451.037985951421,510.354179297968,11.4705116531333,670,7.56645326299613,0.003584229390681,451.768349856377,512.196812419081,15.0017803201369
977,463.129989764585,356.138178096213,2.73899692937564,12.3111506893063,45.7888655319517,6.45639718916735,5.21593627791537,77.8546212437376,0.726235455526555,20.2894426770509,0.210376009206757,0.977538379125306,-0.0126748604453246,0.916033849769735,-0.201635421423701,-0.346734975021738,0.341502446296183,-0.0613341190884529,0.937877500001661,131.038762918947,2.60531654151803,1.70037445345461,0.809444904722452,751.13513905825,463.003877937832,356.188328278999,2.41102729340409,270.010235414534,0,1047,0.633912167254307,70,0,35,2.494684,3,2,737,172.365404298874,0,463.072737097761,356.204957215218,2.34220105581321,424,6.1613901869045,0.00194931773879142,461.042495655781,355.398239324653,3.12346066801346
4794,491.164997914059,285.810387984981,16.421568627451,20.9202306845974,78.8272936070901,15.4045116403877,9.93687555734377,-76.1913099045076,5.04816895882427,114.479818106277,-0.237754922477472,0.967331272179402,0.0879932196337415,0.383282194737067,0.176671494682551,-0.906577047009337,0.892506221846811,0.181816921188359,0.412765370560949,388.358888588649,14.8311861799275,6.17134349013351,0.514157014157014,2812.77507670768,487.313930111816,286.511541790901,16.2224783921455,221.212765957447,0,1143,0.488818693262652,71,6,109,2.61611,3.162278,1,775,113.236754276179,0,487.246700328079,286.75040203958,16.0573244887696,483,5.96263157561693,0.00101936799184506,495.589821594204,285.970460307408,15.8837297197036
