Volume,Centroid_1,Centroid_2,Centroid_3,EquivDiameter,PrincipalAxisLength_1,PrincipalAxisLength_2,PrincipalAxisLength_3,Orientation_1,Orientation_2,Orientation_3,EigenVectors_1,EigenVectors_2,EigenVectors_3,EigenVectors_4,EigenVectors_5,EigenVectors_6,EigenVectors_7,EigenVectors_8,EigenVectors_9,EigenValues_1,EigenValues_2,EigenValues_3,Solidity,SurfaceArea,WeightedCentroid_1,WeightedCentroid_2,WeightedCentroid_3,MeanIntensity,MinIntensity,MaxIntensity,sphericity,id,nb_branch_pt,SkeletonSize,MeanWidth,MaxWidth,MinWidth
1558,100.585365853659,376.293966623877,4.86328626444159,14.3832250906489,35.5775629761249,11.9252233079172,7.26638018636025,-36.3454824169889,-2.74075927838913,-40.6897504437104,-0.804536723428047,0.591974823829228,-0.0478170326140786,0.474489623872139,0.592263469139394,-0.651216999133657,0.35718378671678,0.546616676543374,0.757383622368043,79.1101867075082,8.88818443398079,3.30001756329555,0.678276012189813,985.247904394188,100.550929040408,376.251626738738,4.91678735623742,218.488446726573,0,917,0.659655073352839,1,6,29,2.46686,3.162278,2
1197,153.308270676692,491.274018379282,2.23725981620718,13.1734191196852,79.1535753429373,15.379973498497,4.23681007225013,-2.17192109753536,-0.038287370390694,1.02500765223193,-0.999281385988694,0.037898087959431,-0.000668240625514876,0.0378800866259079,0.999122159631154,0.0178888001607562,-0.00134560533889872,-0.0178506320055338,0.999839759303097,391.580530598129,14.7839740509043,1.12190997427001,0.43228602383532,1079.35719298205,153.216063079158,490.073951667401,1.90823208183656,305.354218880535,0,1460,0.50510503927846,2,0,66,2.211402,2.828427,2
2181,162.138010087116,831.02934433746,5.33654287024301,16.0898630562726,51.4573955836361,11.7195063506214,7.11615414256222,75.6398374898093,-4.59565731586944,-76.6260614124351,0.247218991719046,0.965641245523186,0.0801233741042431,-0.204745455735736,0.132882553173813,-0.969753332253916,0.947080814127804,-0.22333654426994,-0.230561747704551,165.491472515676,8.58417681889095,3.16497811129409,0.649880810488677,1426.74480076039,162.494770586818,831.105413490905,5.34340308858034,308.364053186612,0,1520,0.570043856590452,3,4,52,2.417809,3.316625,1
1925,171.132467532468,413.352727272727,4.19116883116883,15.4339600053839,52.2269020956165,8.94952322009353,6.48707444846673,-7.29078553560813,0.865056150745185,-101.975252149555,-0.991801812320074,0.126890623917338,0.0150975044455875,0.0409809657220153,0.203937346703035,0.978125819651141,0.121036050526721,0.970725670919233,-0.207465530369019,170.47808140657,5.00587286668708,2.63013343124684,0.802417674030846,1177.99710575889,171.024701157937,414.151761268391,4.26553502772628,321.978701298701,0,1277,0.635272989309292,4,0,47,2.908356,3.162278,2
1129,183.278122232064,186.997342781222,4.08237378210806,12.9190855223139,35.9828197088699,8.92881213853121,6.09346967189873,-34.2750918428321,4.69471791106118,106.344403860667,-0.823570763823983,0.561277405912453,0.0818466284373916,0.0935808822340061,0.276772188480841,-0.95636801188864,0.559440627282901,0.779977454350902,0.280466317495704,80.9227071375646,4.98273038782389,2.32064829014685,0.754679144385027,774.476672667669,183.715709921209,186.390125708445,3.64130030155048,402.11426040744,0,1349,0.677025579856473,5,0,29,2.54276,3,2
1739,193.365727429557,234.664749856239,3.60379528464635,14.919936905473,65.5110466088253,7.20058520519078,5.88218083626355,-81.495807903365,0.0782445751533616,-103.162158890854,-0.147881635063868,0.989004123893882,0.00136562503378371,0.225400827006647,0.0323587070272881,0.973728597333077,0.962977408455441,0.144304390094058,-0.227707605942413,268.23107673648,3.24052670607577,2.16250321190659,0.730672268907563,1218.80297458452,196.5231281198,234.111270523969,3.5918626189056,183.168487636573,0,857,0.573786518964374,6,0,61,2.449872,3,2
2706,201.80007390983,175.641906873614,4.93828529194383,17.2892593873229,53.0137763952691,15.3570569548575,9.05354262778259,-7.6562747454981,4.32402560519053,8.96500694782648,-0.988264143122046,0.132850653171652,0.0753968657910584,0.143246744376885,0.977412424306217,0.155387654069642,0.0530504820399662,-0.16436440236167,0.984972075539007,175.653780480475,14.7399498946711,5.12291463206728,0.517399617590822,1688.79939751016,201.642242672396,176.464091926686,4.74902951761913,410.20509977827,0,1612,0.556063753989973,7,1,67,2.720968,3.162278,2
881,226.179341657208,517.684449489217,3.99659477866061,11.8939405121556,31.8715202588648,7.71797172291799,5.4660179261946,-15.5788740841917,1.14255387182946,99.7052702189955,0.9630701392834,-0.2685112716587,-0.019940005337997,-0.0263420992219875,-0.167665232239475,0.985491990686206,-0.267958953254469,-0.94857264713374,-0.168546529126111,63.4871127257018,3.72294296973511,1.86733449809256,0.791554357592093,626.099543214166,226.309582655024,517.179487938434,4.24365842829658,153.393870601589,0,798,0.709835981372863,8,0,19,2.627058,3,2
1017,245.892822025565,893.73058013766,2.58210422812193,12.4769215246604,65.6978254659488,5.44424476397976,4.87148834354274,79.1295146868247,-1.67456106118121,-29.8086672686645,0.18850904269313,0.981636587351619,0.0292224433541691,0.849380852001353,-0.177903308576258,0.496892927149378,-0.492967046643461,0.0688478261841912,0.867319703312069,269.762766934642,1.85248756563258,1.48321241757955,0.725910064239829,882.35989222951,245.294144364475,893.59718797728,2.28790041626321,197.004916420846,0,903,0.554266972556601,9,0,52,2.139426,3,2
610,232.513114754098,496.268852459016,4.5672131147541,10.5222933245503,19.8793856338298,8.35080324109138,5.54740657266204,-18.8395859348765,-0.104669679431095,-94.7405686624329,-0.946424799985248,0.322919124033867,-0.00182682951696319,0.0249643804452437,0.0788045178805981,0.996577456934779,0.321957881844612,0.943140014682235,-0.0826440259385052,24.6993733236575,4.3584946732139,1.92335748015088,0.833333333333333,431.535093629525,232.425144001021,496.492910341579,4.67035296195626,167.06393442623,0,799,0.806036227360841,10,0,12,2.744503,3,2.236068
4184,236.217734225621,713.189770554493,10.0229445506692,19.9923732442978,109.165273599958,13.6779928851455,8.90356022070823,-0.0291360611313114,-13.1013867543765,-61.5188979893038,0.973970355323896,-0.000495283640436649,0.226674880929404,-0.199483899829047,-0.476767492241627,0.856095165300345,-0.107647204604851,0.879029301579729,0.464456204937576,744.816060009609,11.6929680853807,4.95458653773618,0.412094947306215,2611.78881817041,236.015239334725,719.424974349707,11.7930895778195,327.988527724665,0,1843,0.480773494798262,11,1,106,2.628848,3.316625,1.732051
2170,243.994930875576,623.310138248848,4.40691244239631,16.0627673997328,51.2146238576393,13.0730158884987,10.0654712188884,-4.04566022410515,-0.264516466579488,1.91765616984968,-0.997497512773513,0.0705506796401561,-0.0046166668677545,0.0703578159441739,0.996960389456102,0.0334628090736862,-0.00696345792128296,-0.0330542502236599,0.999429300549033,163.933606054967,10.6814840263086,6.33210692864189,0.500345861194374,1538.06890635803,243.913288395306,621.090421121965,4.00057346777603,281.254377880184,0,1292,0.527005103807232,16,4,71,2.292788,3,2
1130,271.271681415929,268.646902654867,3.31504424778761,12.9228987118867,46.8423022381887,7.21379781032373,5.70587781549992,-41.077482629366,1.97681641605316,-104.248968510092,-0.753373059582419,0.65668799322724,0.0344951104738704,-0.186933888671429,-0.163573834471539,-0.968658516682972,0.630463919952286,0.73620953554505,-0.245989360361256,137.137579935863,3.25242992801447,2.03481510283838,0.777701307639367,819.249344556783,270.520777503099,269.513115344399,3.11620998400399,255.594690265487,0,1062,0.640403432279845,17,0,30,2.749446,2.828427,2.236068
2844,293.444092827004,721.220112517581,6.99789029535865,17.5783047692702,61.0955261488444,17.8503608315299,9.41165576977109,-77.7765003556185,8.48105961332632,3.30640357605606,-0.20941037227854,0.966641722348414,0.147482461999571,0.977503221450326,0.203059919951021,0.0570449030476803,-0.0251942064053956,-0.156110376095814,0.98741825101566,233.291457212758,19.9147113634885,5.53620402054159,0.402947010484557,1690.82285089574,296.013018761515,721.425972440804,7.62208649914362,303.629746835443,0,1424,0.574124055532391,18,1,61,2.93745,3.741657,1.414214
1414,277.690240452617,753.810466760962,10.4455445544554,13.9256966034574,26.6904101688474,17.3004988434756,8.13510590447216,44.598859905792,-53.3894790262396,4.72273473881578,0.424640930709154,0.418736169484231,0.802707979487022,0.746813796779664,-0.663218046032477,-0.0491016940278651,0.511809762417645,0.620323982917424,-0.594347476911829,44.5236246863321,18.7067037645687,4.13624675481113,0.545735237360093,859.938557188649,277.669547107696,754.77528822813,11.3838738336252,416.324611032532,0,1571,0.708461589023084,19,1,23,3.06674,3.741657,2.236068
1053,283.025641025641,363.867046533713,2.99145299145299,12.622438100505,48.6365533822592,6.13068021146377,5.75785807244727,16.1165194744651,2.06568105116591,-31.4625409840749,-0.96007486151812,-0.277411263627627,0.0360451257937293,-0.254854613268683,0.814236238409023,-0.521601834886721,-0.115348976487148,0.509963075990848,0.852427284141773,147.844645306584,2.34907749095209,2.07205809890288,0.75864553314121,799.1361460099,283.175223210703,364.385421716531,2.74070637639376,295.799620132953,0,1267,0.62634785880054,20,0,40,2.503189,3,2
1303,295.125095932464,426.006139677667,4.73369148119724,13.5513303073097,39.2202150211801,9.46176917161221,5.50836405763795,-47.9073015552745,5.943893397577,-101.718061874902,-0.666728204642064,0.738071785043966,0.103554532767928,-0.218678871705014,-0.060899449059562,-0.9738946596907,0.712497755929514,0.671968226351704,-0.202004085525893,96.1390791442251,5.59531724105448,1.89637966196734,0.813358302122347,858.85144564762,296.102447256899,425.090087344531,4.8903449505201,266.936300844206,0,1085,0.671731452804292,21,3,19,2.581534,2.828427,2.236068
1449,304.469289164941,859.313319530711,2.52933057280883,14.0396599080808,87.1015999857276,6.190562770987,4.67318060198293,-1.87341087410595,-0.714943113632718,-34.1069150563054,-0.999387685562326,0.032688817137203,-0.0124777874861007,0.0340612494669991,0.827321363908604,-0.560695275622288,0.0080053251729481,0.560776962842249,0.827928205048178,474.168045004606,2.39519171384576,1.3649135586719,0.723414877683475,1244.76266565358,304.55812095094,859.547611782036,2.23633665344331,314.35955831608,0,1427,0.497480994852914,22,0,77,2.16404,2.828427,2
2345,320.399573560768,440.440511727079,5.69637526652452,16.4834484756275,49.0542328486834,17.2982244591489,10.7898668995319,-72.3803753595749,-6.56228023511094,-34.7679744722722,-0.300713154000408,0.946842626635454,-0.114283154476947,0.802657454751397,0.186542251011427,-0.566518312960489,0.515085050591779,0.262089734582766,0.816086001401322,150.394860023303,18.7017855899436,7.27632673185086,0.341538013399359,1546.01061266044,320.255351467389,440.68483892841,5.1034108206601,398.093390191898,0,1433,0.552120092019415,23,2,56,2.4912,3.162278,2
752,312.397606382979,462.037234042553,4.24601063829787,11.2825276390428,21.2908968014133,8.52434547981752,6.17152659522219,21.3612523972819,0.470716767451029,85.4374433728682,-0.931270930215088,-0.364234760382454,0.00821546501797617,-0.0213481069547545,0.0770657524747979,0.996797435853916,-0.363701406191637,0.928113090697804,-0.0795448176162147,28.3313929130269,4.54152911620534,2.38048378222092,0.871378910776362,488.325710692581,312.173502818576,461.655791553681,3.97272525084899,310.912234042553,0,992,0.818941904416933,24,0,12,2.955558,3.162278,2.828427
902,315.811529933481,426.028824833703,3.83259423503326,11.9877029213729,31.5658713500903,9.47392048543615,6.07155558224501,-38.1782601322957,6.94305841834412,-104.650208200774,-0.780326896907329,0.613577431919427,0.120882873071999,-0.248266268537735,-0.126526441275666,-0.960393106787249,0.573980656354662,0.779431712658189,-0.25106256477897,62.2752646306533,5.60969808527293,2.30398669926816,0.609871534820825,668.982357586607,316.215430180513,425.42921971944,3.42864710335613,516.941241685144,0,1658,0.674849843464332,25,3,25,2.546679,3.162278,2
1987,310.862606945143,400.024660291897,4.67740312028183,15.5979101724454,51.2857702815543,10.0314579020966,8.27583122005164,-42.790258467602,-4.63057375636855,-106.413874414951,0.731450059422713,-0.677099215336404,0.0807308067675217,0.135127546836673,0.259972167372452,0.956114542446444,0.668372169271291,0.688441083014731,-0.281651413206276,164.389389585773,6.28938422759597,4.28058639892383,0.598313760915387,1244.81974891858,310.66439451128,400.168544450098,4.65253210233293,515.345244086563,0,1957,0.614011114855052,26,7,46,2.720697,3.605551,1.414214
814,330.361179361179,227.640049140049,3.88574938574939,11.5844457703613,23.8348725447571,8.47857090774206,6.25088536780991,-75.6536313043348,1.75936434715509,116.704070502922,0.247666334648357,-0.968358808261297,-0.0307018752620732,-0.428572710841961,-0.137921293784991,0.892918332347504,-0.868899774544465,-0.207987824603831,-0.449170620825923,35.5063218265511,4.49288528985062,2.44209799259375,0.829765545361876,530.795711305539,331.93948968685,227.223751299977,4.02415429281257,340.206388206388,0,1432,0.79427883327398,27,0,16,2.755198,3.162278,2.236068
2540,330.496456692913,404.481496062992,6.39645669291339,16.9282357317355,58.2673773634374,12.4093939556992,10.2637241276135,2.29950196426376,2.40820079757547,-20.2321965145711,-0.998312281261759,-0.0400876714917854,0.0420186586686169,-0.0521668879595354,0.936960234679589,-0.345520092657122,0.0255187163188189,0.347128934581282,0.937470158401804,212.192954050826,9.62456614673394,6.5840020604847,0.435901836279389,1571.18306594381,330.49164769428,405.08990184263,5.99134025072423,368.161811023622,0,1412,0.572989256706408,28,4,56,2.666379,3.162278,2
848,341.762971698113,925.670990566038,2.32783018867925,11.7435412239409,46.7913476231185,6.56775881476107,4.2280431047407,74.3855902389966,0.26893884607672,12.9809774285377,0.269159080211964,0.963084293974917,-0.0046938511143744,0.938198924928655,-0.263298984224118,-0.22462507021538,0.21756876338796,-0.0560561112224385,0.974433961637448,136.83938827422,2.69596599055446,1.11727178097158,0.844621513944223,708.861964406717,342.187100366185,925.90947642605,2.00821893617387,480.798349056604,0,1707,0.611204231182779,29,0,31,2.330485,3,2
1283,337.014029618083,720.959469992206,3.72174590802806,13.4816385106346,57.38965552923,7.88019848377482,5.50406395446217,-5.5636363011306,4.96523334307116,-56.6246009133633,-0.991554210268757,0.0965874236638849,0.086551243135345,0.0186020464899475,-0.554538080446072,0.831950407897954,-0.128351906743477,-0.826533959934593,-0.548057844675318,205.84828511023,3.88109550898043,1.89342000092562,0.651930894308943,962.708924303249,336.982117710331,721.348676342587,3.51515430285961,220.285268901013,0,1006,0.593116807406086,30,0,47,2.386158,3,2
749,342.691588785047,974.997329773031,2.56475300400534,11.2675042822062,41.9764847534699,5.73945724583979,4.91798743552467,30.5341820672229,1.20092977089624,-31.2984742095308,-0.861137019103339,-0.507940714627519,0.0209586438850547,-0.44349487991762,0.73044806342063,-0.519382246646829,-0.248506188688876,0.456554330905684,0.85428497418285,110.126579516143,2.05883559230141,1.51166252599865,0.815904139433551,632.326104935368,342.453562928162,974.509683962166,2.39223875654532,322.543391188251,0,1261,0.630760116479862,31,0,34,2.326255,2.828427,2
570,346.387719298246,222.143859649123,4.15789473684211,10.2870790653648,15.9747575275122,9.06460625287393,8.34578709444468,-86.2986015395173,-22.5605576084799,-9.78871990593015,0.0596164370632452,-0.921548218785366,0.383659694111076,0.987596708983904,-0.00147521963592043,-0.157004981230494,0.145253643107655,0.388261128856014,0.910030040703826,15.9495548789255,5.13544290747758,4.35326013911246,0.673758865248227,424.232506393201,346.132794590415,222.402910975163,3.83164905522171,517.340350877193,0,1487,0.78366434076904,32,0,10,2.473236,3.741657,2
1343,348.191362620998,641.105733432614,7.21593447505585,13.6886030615409,39.710757879477,8.60528571137583,6.87860680122887,-5.02334761981828,13.5142762625463,61.6837519570055,-0.968577171093,0.0851372457315271,0.23368763986726,-0.246468899045023,-0.454502345110844,-0.855967698042559,-0.0333368480965892,0.886667506835563,-0.461204278905771,98.5590182101529,4.62818388590055,2.95720197036951,0.69262506446622,860.363822399225,348.196384532855,640.481206919357,7.29971928690055,253.317200297841,0,959,0.684204604544957,33,0,27,2.798113,3,2
2081,351.524267179241,770.001441614608,6.55550216242191,15.8400963635321,42.7382392902516,20.3976461787274,8.55867932610292,78.9251066174752,-14.0343305412637,-14.951941740594,0.1863581222661,0.952083416165682,0.242503234880974,0.936131236690298,-0.246990965445359,0.25030735243109,-0.298209587300854,-0.180368044982067,0.937303798344593,114.159818601925,26.0039981020344,4.57818698794135,0.409968479117415,1306.63977861755,352.927099799535,770.861775366204,7.02257591221446,380.902931283037,0,1871,0.603267092642301,34,1,53,2.55022,3.605551,2
1240,346.425,797.829838709677,4.66693548387097,13.3293105875886,35.7616217785912,9.27265529485507,6.00397327317125,-0.388637964113733,-2.94224614958021,-83.3077768265846,0.99865880757606,-0.00677401863712736,0.0513293164017133,-0.0517688686941673,-0.116187458422103,0.991877239752752,0.000755172092568229,0.993204202154278,0.116382311964468,79.9308495146882,5.37388351357524,2.25298094155967,0.836142953472691,818.902963562177,346.463823193858,798.006617896457,4.6379120286146,209.232258064516,0,990,0.681605058906514,35,0,33,2.562232,3,2
3113,358.314808866046,486.78445229682,13.3209123032445,18.1159104874852,84.4498051112919,15.500886350249,11.8129999899516,-0.551169987411506,10.3594684234798,-85.3120415866178,-0.983653410633571,0.00946277312009504,0.179823312375844,-0.178427237058497,0.0834493048845566,-0.98040804494351,0.0242835093142194,0.996467094007204,0.0803967769019649,445.735598958448,15.0173423527085,8.72168554766233,0.235494364172782,1732.30996555798,358.566035954592,486.536260218175,13.6373404572508,537.619980725988,0,1870,0.595174891105724,37,4,123,1.949899,3.464102,1
3516,365.962172923777,527.054607508532,4.38879408418658,18.8661557174669,79.8560763051522,35.7633013209913,8.95610399372563,35.9349452962868,3.13072055292225,-0.764401988973325,-0.808475427186498,-0.585990420824787,0.0546141953817783,-0.587404012081967,0.809184204546705,-0.0133210248150924,0.0363869513097492,0.0428503187118287,0.998418669677544,398.562057678393,79.9383575860013,5.01323742165177,0.264639470118922,2321.53036679145,364.691040764225,526.005063216393,4.71976546395946,472.018486916951,0,1478,0.481661942996513,38,4,108,2.721186,3.741657,2
377,355.413793103448,541.122015915119,6.15915119363395,8.96287987778561,13.7522767033802,9.28491838931857,5.35214944744658,26.975705295496,11.0110513189744,-100.802954138554,-0.874792295951653,-0.445261807144816,0.190998329944971,-0.0821793368788366,-0.252142968074126,-0.964194212926486,-0.477477743495746,0.8591657853691,-0.183981405900996,11.8203196578958,5.38810684351914,1.79034398173767,0.718095238095238,344.010448021777,355.444329833783,541.199163499173,6.24717751621427,563.164456233422,0,1413,0.733623765629764,41,0,7,2.409659,3,1.414214
401,375.304239401496,514.750623441397,2.59600997506234,9.14917462433869,25.7822409343744,5.37041408414687,4.67718416619014,-84.2505558884733,0.93316172706628,-133.63120370431,-0.10016512206819,0.994837531320974,0.0162860245687695,-0.687723588749334,-0.0573960233483555,-0.723700187910389,-0.719029355310895,-0.0836898009257101,0.689922316947505,41.5452467248833,1.80258421470019,1.36725323277873,0.815040650406504,360.240746793015,374.216103614804,514.892406811878,2.41880228536065,225.658354114713,0,781,0.729996658149217,42,0,18,2.111598,2.828427,2
377,355.114058355438,479.212201591512,7.40318302387268,8.96287987778561,15.3958615005067,8.41704740975114,5.91964221445757,-22.0738088416076,27.8618254785622,30.8079541958846,-0.819274797901917,0.332236820118764,0.467340882953914,0.544580747322757,0.705983188764,0.452790842252801,-0.17950101717862,0.625464973072023,-0.75932401008519,14.814534458924,4.4279179436249,2.19013524669926,0.6032,345.750157114516,355.265938678239,479.111467596215,7.76396101586398,372.864721485411,0,1446,0.729932395114226,46,0,17,1.802528,2.828427,1
1146,367.19109947644,489.547120418848,13.1230366492147,12.9836061147659,50.6223211211038,10.6267335302437,8.94833931009646,31.9380239663861,22.666957353608,-104.829671896991,-0.783073750162646,-0.488141805445843,0.385373947721277,0.180747015499025,0.414274406786889,0.892024233005789,0.595084883184243,-0.7681759522775,0.236177238844373,160.16371223051,7.05796659517541,5.00454852553861,0.28026412325752,936.639800943222,367.614448600318,490.160054802172,12.7500820900311,462.396160558464,0,1527,0.565415783753105,47,0,43,1.640787,3.464102,1
777,370.657657657658,348.194337194337,3.03217503217503,11.4061951794054,35.4032064811894,7.99378169843707,5.31966030643251,-25.4733362584509,-3.16520345961067,-29.8615476997646,-0.901408317326973,0.429434902110523,-0.0552151274840542,0.397807623016862,0.771099656043018,-0.497146271755117,0.170915594734445,0.470096782907163,0.865908121094211,78.336689321858,3.99378411514171,1.7686741109896,0.658474576271186,627.572319086276,371.87743664889,345.519366383228,2.78505005389335,365.371943371943,0,1183,0.651279923686213,50,0,25,2.278928,2.828427,2
844,380.052132701422,295.255924170616,4.27962085308057,11.7250474276333,22.8218932557154,9.09081555227202,7.55864813657919,85.3011643410728,-1.0441658269624,-103.819160087047,-0.081904652434478,-0.996473554943845,-0.018223122870741,-0.239505004247334,0.00193067629093103,0.9708932101058,-0.967434225593695,0.0838852000452669,-0.238818534379753,32.5524257359544,5.16518296283942,3.57082260328826,0.734551784160139,569.524955644452,379.637582197181,295.131992661262,4.01840553416366,464.328199052133,0,1379,0.758344130989402,51,0,13,2.58296,3,2
1147,385.170880557977,454.52310374891,4.22319093286835,12.9873815165823,30.7435152109875,10.7845327575294,8.3915818379484,-41.4199411853398,3.56647160417453,12.9933568548087,-0.748428568412242,0.660291626103869,0.062206482632525,0.655122197033089,0.721428003235927,0.224402636128815,-0.103293682957577,-0.208702191277743,0.972509028450085,59.0727329705137,7.26913417488902,4.40116535893659,0.608165429480382,741.144346128928,384.91056925452,455.185170947212,4.08655670883141,285.755884917175,0,1142,0.714974034333653,52,0,23,2.70984,3.162278,2
1458,387.380658436214,279.418381344307,6.14334705075446,14.0686675523419,44.9451751133172,10.7686439169413,6.32551364722242,-81.6338707548555,8.39751698545031,95.6329416110835,-0.143938253463671,0.978751271705489,0.146040156548519,0.0759645920615422,0.15806975479228,-0.984501565957531,0.98666669141243,0.130613555019364,0.0971027255150546,126.254297872922,7.24773073811732,2.50075768132482,0.495244565217391,1008.28543526254,387.457892745647,279.497527265403,5.88473817864113,251.993827160494,0,1137,0.616697678138739,53,1,38,2.372763,3,2
567,387.20811287478,1015.36331569665,3.42680776014109,10.2689998030335,24.3676842575134,7.28665849423708,5.32081185284647,-7.77939742609699,-6.22822051125129,70.8797175230444,0.984948548517747,-0.134560369729586,0.108489002534918,-0.0572233399205029,0.338412652950935,0.939256283285373,0.163100723913559,0.931327215977793,-0.325619057547198,37.1115022546167,3.31846200072734,1.76943992333697,0.805397727272727,442.205633538957,387.194045857005,1015.31259693873,3.18900282728731,198.992945326279,0,1052,0.74917261288901,54,0,19,2.233799,3,1.414214
2703,396.117647058824,308.918608953015,6.56270810210877,17.2828677936213,71.3106595705269,17.9083408202166,9.47395964188878,-46.1256556091517,9.62843699178849,-30.0297928348693,0.683315809199124,-0.710706855604581,-0.167258094857004,-0.566083152416279,-0.660383093390254,0.493400480861913,0.461117522383388,0.242466359235602,0.853569385105885,317.825635523973,20.0442919333148,5.60974445600858,0.321479543292103,1799.00102039415,396.665303545118,308.295205019495,6.60824187389121,738.224195338513,0,2900,0.521615008128234,55,0,64,2.512105,3,1.414214
2349,407.819497658578,305.025117071094,6.43252447850149,16.4928154038976,48.1379389386465,19.1647534310494,12.1999655448136,-81.3000004760548,9.33854420581717,1.14224467346454,-0.149256118981176,0.975393159571342,0.162267665319101,0.988786750205779,0.148033231087141,0.0196704120799822,0.00483462140938918,-0.163384046820171,0.986550697977804,144.828822828804,22.9554858795575,9.30244745591487,0.327981010890813,1635.63531951077,405.185286808525,305.896909965988,5.76463357981422,587.408684546616,0,1918,0.52245993129229,56,5,61,2.462254,3.316625,1
545,411.089908256881,286.377981651376,12.8788990825688,10.134429207232,23.9298440197411,10.4151631162471,7.99738322703715,13.8838226159888,57.2419102371046,-13.7159728878949,-0.52528478203516,-0.129837455534441,0.840962622773817,0.426685382586995,-0.895253702228851,0.128298062854139,0.736217007443365,0.426219478421478,0.525662890230287,35.7898396755713,6.77972642112711,3.99738365500595,0.392651296829971,555.154504196876,411.325328149024,285.945607949275,13.5166469713719,722.009174311927,0,2399,0.581212025667023,57,0,26,1.496012,2.44949,1
1480,420.251351351351,430.211486486486,2.88783783783784,14.1390760694748,68.2929483253044,8.16926846686187,5.98763349030402,88.0467576398653,-2.21768172430451,8.70872364346409,-0.0340583794458523,-0.998670432187758,-0.0386961840940361,-0.988096217487949,0.0278353127058395,0.15129791919447,0.15001963796627,-0.0433885150758276,0.987730502203908,291.495424435169,4.17105920522891,2.24073467588814,0.59919028340081,1141.11185864595,423.46524352365,430.455312179813,2.68997749110536,418.753378378378,0,1489,0.550381358794388,60,0,55,2.376224,3.162278,2
1255,392.468525896414,699.000796812749,6.91474103585657,13.3828425298651,47.6369309457626,7.7300085149926,6.26208499807688,30.8831788807613,14.3307692453839,-66.4013659576975,-0.831510494866087,-0.497317265095292,0.24751936240564,0.400144035816443,-0.227142829048381,0.887857469311616,0.385324600211411,-0.837306200293559,-0.387870183723729,141.82982437071,3.73456447761614,2.45085678269623,0.654668753260303,881.856060345984,392.120349544287,698.51451191052,7.25041439123228,169.691633466135,0,842,0.63804146644404,61,0,30,2.511835,2.828427,2
4926,411.444376776289,349.40113682501,16.857490864799,21.1105036658284,94.6727927408589,22.0433314159898,9.6418300476661,-21.5315026015483,10.990176149048,121.823481646885,-0.91315564912672,0.360281681457605,0.190640684204709,-0.0428481996643377,-0.549956435461211,0.834093490491518,-0.405352676386235,-0.753488572641204,-0.517633247237498,560.183605334601,30.3692787446976,5.81030541675483,0.33102614071635,2687.17880690168,410.175083035132,351.577766707996,16.7209892477977,575.017458384084,0,2295,0.521015324329773,62,0,82,3.118256,4,2
569,419.84007029877,481.543057996485,3.00878734622144,10.2810597081886,28.6544543050792,6.51267032030885,5.0997529682512,-74.6656689118643,6.06064742486053,-38.1630205727943,0.262972859216656,-0.959008814329772,-0.105581103201381,0.741012039277266,0.270842236291796,-0.614447427113668,-0.617856320645475,-0.0833461281540002,-0.781861234465664,51.3173594701168,2.65092966881449,1.62546752107419,0.75065963060686,469.279226339147,419.682229800404,481.693785731685,2.71380980355633,245.311072056239,0,853,0.7076105604903,63,0,23,2.202513,2.828427,2
1476,424.412601626016,185.067073170732,5.21070460704607,14.1263266702529,51.2253679837615,8.58177361293484,5.66556651968941,-87.1762561041555,-1.77174880170616,102.248773658499,0.0492401283545468,-0.998308315025586,0.0309179221553288,-0.213387614209349,0.0197257874355894,0.976768457420738,0.975725953258224,0.0546937058611059,0.212055329283442,164.002395316986,4.60292739647905,2.0061652493141,0.720351390922401,1001.88234068928,423.618676674813,185.107549414394,5.20958372946148,136.113143631436,0,766,0.625736719592632,64,0,44,2.482986,3,2
1604,437.38216957606,618.72319201995,4.41209476309227,14.523409423316,44.0700415541582,10.0239958371326,6.95540830258926,-85.5778514056852,2.10837007231335,92.0675757100823,-0.0770522515767939,0.996348066104521,0.0367896955237198,0.0331359658919636,0.0394380810980628,-0.998672441556144,0.996476270811982,0.0757308981135453,0.0360537484814373,121.385535161577,6.28003078392828,3.02360654098298,0.707231040564374,1013.74643858024,437.211074624338,618.79541960312,4.36189839949567,331.293640897756,0,1278,0.653668703624403,65,0,38,2.725019,3,2
1870,447.022994652406,629.838502673797,4.17647058823529,15.2855473513784,62.4351098136619,8.25599421992096,6.75605780959449,87.5239056683004,-0.230275289866407,89.9688690466005,0.0432021991501341,0.999058265175886,0.00401905117427145,0.000716463539479904,0.00399182456117675,-0.999991775974517,0.999066092242445,-0.043204723357777,0.000543333221150213,243.633933590251,4.2600900349605,2.85276982041143,0.652705061082024,1202.98798627068,446.867956060791,629.772203998498,4.20976570563117,215.027272727273,0,993,0.610169607864802,66,0,44,2.745453,3,2
827,428.227327690447,357.501813784764,3.37726723095526,11.6457902114572,33.511855137156,7.01110625849669,5.66533391963043,-43.5591833433704,2.91031032444891,118.837852056293,0.723728308726666,-0.688214699316951,-0.0507726579146503,-0.300146709632523,-0.380177228527797,0.874858404317918,-0.621393022043545,-0.617920547119936,-0.481710400139533,70.1902771708581,3.07222568549571,2.00600052630718,0.820436507936508,601.639777445613,428.060770731476,357.853538903852,3.28395744311136,306.183796856106,0,1033,0.708192389875647,67,0,20,2.663785,2.828427,2.236068
955,434.902617801047,77.3905759162304,2.66178010471204,12.2180411387947,49.2445797422084,5.98286164483249,5.17646682434402,-3.7544051537072,-0.880780652152709,-13.2331066168786,-0.997735990484658,0.0654721120928532,-0.0153719169169023,0.0672524347190226,0.971127259683189,-0.228886337566453,5.75843980844954e-05,0.22940193555923,0.973331777271099,151.56428962417,2.23716459132545,1.67473804897089,0.81763698630137,747.031875844178,434.871014603175,78.3643453968254,2.39433650793651,412.303664921466,0,1383,0.627789294193641,68,0,40,2.6964,3,2
608,444.251644736842,645.692434210526,4.42269736842105,10.5107809594231,25.5489401990563,7.03566355682791,5.19841034333874,-81.260909065482,8.64836703091421,-93.0167155978275,-0.15020766612219,0.977152255998124,0.150369962545388,-0.0748311477811131,0.140422337184341,-0.9872597766249,0.985818419568171,0.159546343792215,-0.0520289133333606,40.7967715809347,3.09378510530478,1.6889668811082,0.821621621621622,463.069796750248,443.319010242335,645.992954210738,4.13451432588031,196.552631578947,0,802,0.749503022394864,69,0,17,2.197945,3,2
594,444.259259259259,480.207070707071,2.73905723905724,10.429478845749,24.984893540391,7.67544459295836,5.22217867403884,-80.8421337134755,0.638256107771192,15.5926793223853,-0.159145357268098,0.987192315677594,0.0111394401618515,0.951396146813213,0.150341749768664,0.268780077582898,-0.263662904271689,-0.0533731219211194,0.96313715677852,39.0153065765419,3.68202810622335,1.70444688147413,0.797315436241611,459.578031351889,444.337116786538,480.26049408493,2.53255620760274,378.961279461279,0,1071,0.743559672300848,70,0,17,2.730131,3,2.236068
1807,449.630879911455,584.0249031544,6.84726065301605,15.1119268750891,36.7322088350768,16.8214099156025,9.68707463256847,-43.8188706953554,3.32466133201084,33.5258529948261,-0.720317850879759,0.691215538787612,0.0579937293379015,0.600305267139706,0.579318294868032,0.55138362278501,-0.347528099508934,-0.431985407357411,0.83223363779768,84.328447868981,17.6849894717957,5.86496343355947,0.452428642964447,1158.86197489348,448.878391453229,584.439749109565,6.25483461075502,314.011621472053,0,1134,0.619095784271504,71,4,38,2.568064,3.162278,2
1242,446.40499194847,345.909017713366,5.07971014492754,13.3364730342048,26.2466220875124,17.0269636599557,8.95583011435012,-75.2048221809043,-14.7888429496717,12.3484740456818,0.246904959047407,-0.934816322560552,0.255257486221588,-0.930536943083429,-0.302235219300594,-0.206772507290665,-0.270442117198385,0.186473363483066,0.944504497584086,43.0553231877934,18.1198432173408,5.01293081481878,0.461195692536205,870.772706677069,446.770234034403,345.060622298024,4.49383903978402,353.114331723027,0,1213,0.641692623445393,72,1,35,2.412556,3.316625,2
6041,468.057275285549,235.634000993213,7.23141863929813,22.5962690832689,71.0265501233198,22.0422326273486,16.0147158407065,-75.390498595247,-6.49741836326505,-19.0520549932219,-0.25060974730285,0.961451985712009,-0.113158445231612,0.923977717574306,0.202669609817778,-0.324330397407468,0.288894326671498,0.185836240886281,0.939151191017867,315.298176401279,30.3662511998843,16.0294452161609,0.332965882158408,3458.89139284141,470.197971681883,235.287487456643,6.57829121071133,368.528058268499,0,2020,0.463752669617398,73,13,119,2.62881,4,1.732051
1352,469.938609467456,590.809911242604,2.96079881656805,13.7191126789517,43.4717281568412,9.35215107080615,6.19316417514734,-79.8108364325073,-1.75400043041833,-6.7927981550164,-0.17681571009098,0.983767928202303,-0.0306083012526203,0.977960601842988,0.172093606280704,-0.118223736703769,0.111037227576711,0.0508375266692899,0.992515128335194,118.111946808894,5.46642060319882,2.39720515627053,0.686642965972575,932.956867258424,468.577118282944,590.975295267453,2.65910839935466,697.76775147929,3,1758,0.633782660280159,74,3,39,2.828997,3.741657,2
1143,459.874015748031,215.612423447069,5.26946631671041,12.9722667150105,32.5144046700468,9.08048198033014,6.13269978945623,-22.8220636300878,7.89025803557996,-81.7744736339204,-0.912987825225362,0.384198510630929,0.137276128366298,-0.0697350560551704,0.184567105115433,-0.980342800078774,0.401982901312041,0.904613999525922,0.141715415232319,66.0741569404726,5.15344706219378,2.35062541922477,0.762508338892595,727.628078749189,460.115533787393,214.97852352742,5.5370409805448,250.615048118985,0,918,0.726561132550956,75,0,19,2.853633,3,2.44949
1664,472.607572115385,322.157451923077,3.98677884615385,14.7022871225924,56.6034407128863,9.73616429099783,8.12166628395635,-41.7383744248468,-3.11319434271625,-16.0970804967654,-0.745091232065368,0.664747782669307,-0.0543087592893812,0.650865309071868,0.70691217632195,-0.276856505097037,0.145648224658227,0.241631041888256,0.95937533543963,200.246843783578,5.92455594383129,4.12259145174708,0.463509749303621,1219.44553399249,473.845107608609,321.099453670579,3.42626981587098,420.639423076923,0,1493,0.556874414739839,76,3,45,2.602903,3.162278,1.732051
1132,454.968197879859,504.456713780919,3.9469964664311,12.9305183473267,37.2873691200852,7.87416097417301,7.39761175346395,-47.3972735058212,-0.959968023052976,109.240155431886,-0.676815989161216,0.735961565823826,-0.0167538188443063,-0.2532617095533,-0.211418308492588,0.944013138313378,0.691215323390523,0.643166286790807,0.329482175915268,86.8967434935927,3.87515069044932,3.42029122843675,0.664319248826291,772.849452604746,456.121725412248,503.457221702255,3.64102075473519,366.21554770318,0,1661,0.679652374810962,77,0,17,2.652455,3,2.236068
3577,476.705898797875,461.302767682415,7.49902152641879,18.9746353849163,71.5050881725147,14.6358542765684,11.2660091589294,-38.2416716109242,6.12757049658526,-28.9932272116297,0.780919643621878,-0.615443370595204,-0.106742530398587,-0.500771404915465,-0.719002622116332,0.481936955844673,0.373353063767354,0.322900428894502,0.869679712765152,319.561102159944,13.3880144003091,7.93268514806755,0.415881874200674,2042.18235169783,474.522638296655,464.207768365624,7.03839610222362,390.752026838133,0,1524,0.553862845417656,78,0,52,2.835141,4.24264,2
3190,468.790282131661,763.333855799373,8.5307210031348,18.2640611934827,61.482140289636,19.6008415757387,13.2186763953125,3.06715353779492,2.76411438427817,-19.1714623347842,-0.997405712261105,-0.0534441114444664,0.0482241858493075,-0.0663528592280665,0.94233964705027,-0.328014157727121,0.027913137071592,0.330363007234593,0.943441116461297,236.253348412155,24.0120619048255,10.9208378527495,0.297713485767615,1990.33721478975,468.941008496062,762.509234386793,8.19744924619225,323.956112852665,0,1165,0.526523690224053,79,1,89,2.680276,3.741657,2
4185,465.420310633214,356.413381123059,10.079091995221,19.9939658813829,63.6341375595339,19.7996217400518,9.83896395901066,-46.9098313689401,-16.8225136322973,-81.5772935266042,0.653913718530539,-0.699027819526213,0.289407940882749,-0.302543921236517,0.109004938815864,0.946881776694737,0.693443598600777,0.706737596878911,0.140206792693597,253.081466434105,24.5015638155708,6.05032573666941,0.440851153481513,2285.72238905005,466.621776451205,355.227099762154,8.93749752297011,464.241577060932,0,1921,0.549445073527218,80,1,66,2.875435,4.358899,2
1330,476.231578947368,494.629323308271,7.23533834586466,13.6442920344134,18.7386047260099,15.1023297009412,10.4384867096369,-53.3998487725215,42.8327333042118,65.5688103705119,-0.43723804415672,0.588738279484077,0.679860376115666,0.701100167035457,-0.250331256782056,0.667677180724915,-0.563277417020122,-0.768584087883717,0.303310156979774,21.9459566923526,14.2550226497458,6.81012529920413,0.622659176029963,856.843562994921,476.240871031084,494.87552147012,6.58996702604572,405.87969924812,0,1206,0.682574951143787,81,1,17,2.489582,3.316625,1.732051
3115,483.643017656501,514.534510433387,4.79165329052969,18.1197892822697,47.0420820104183,16.3219846216934,10.7768972663284,-40.0353769717604,-2.1676366575391,3.48681794883306,0.765099544878076,-0.64280018584616,0.0378233724501549,-0.640308407827175,-0.765709799062364,-0.0607753772979062,-0.0680281507406337,-0.0222805901182085,0.997434582321464,138.309842492182,16.6504488744247,7.25884466806231,0.4780540208717,1843.37721777401,483.681674759255,513.771483101899,4.62327112403367,513.188443017656,0,1620,0.559553920197949,82,8,75,2.535851,3.605551,1
1974,491.455420466059,321.990374873354,5.67223910840932,15.5638191370216,69.521951245693,11.8971278541395,8.63232245345171,-62.2162311958265,-5.65670819661881,-16.1781663300812,-0.463866102153848,0.880404801046896,-0.0985678728905734,0.862480084360111,0.423379704985796,-0.277268334810013,0.202376736199525,0.213628209044867,0.95572310056078,302.081356563033,8.84635319860887,4.65731193377292,0.371611445783133,1445.79972367993,489.942970024713,322.982971113981,5.60936134869503,223.233535967579,0,962,0.526349343958767,83,1,69,2.211598,3,1
1339,500.889469753547,788.483196415235,13.252427184466,13.6749994718975,38.2958885619003,8.28286185002722,7.63467038721715,39.9795411178328,-52.3854006558577,-34.3471935345144,0.467693005725733,0.392156528704318,0.792134148607298,0.18801277119817,-0.919818602198153,0.34436163682475,0.86366338944152,-0.012124192542839,-0.50392316248965,91.6609425465928,4.28786252666477,3.64301199509066,0.673202614379085,820.742434385903,501.418739835266,788.980010230313,14.1401028277635,569.41000746826,0,1940,0.715809768924186,89,0,23,3.132577,3.605551,2.828427
642,492.965732087227,746.607476635514,4.67289719626168,10.7031628975528,16.6822207964397,10.7104218606608,5.50191660859246,-10.7407341822987,-0.0436815356719774,-52.7381448339502,-0.982480263838698,0.186365098487345,-0.000762386545949271,-0.113432534317055,-0.594738293803449,0.795876511804547,0.147870184032662,0.782019444738789,0.605458501240656,17.3935306688228,7.1695710270826,1.8919428979941,0.8359375,438.445097672806,492.970300881895,747.058245432013,4.64943224393337,216.18691588785,0,832,0.820840780549984,90,0,7,2.489936,2.828427,2.236068
615,496.861788617886,730.884552845528,4.15447154471545,10.5509645652481,21.2549906292372,8.34236272158665,5.49349322602228,-18.1536362419619,-0.253325552363366,-65.7400211169009,-0.950215194260782,0.311563053417992,-0.00442135056303606,-0.131845807230112,-0.389170102505551,0.91168158609882,0.282325641258077,0.866876631972899,0.410873626833774,28.2359141655602,4.34968848615742,1.88615423902204,0.812417437252312,443.171754941139,496.826744557603,731.269485706795,3.87937009938468,198.456910569106,0,811,0.789154665363712,91,0,15,2.428992,2.828427,2
