Volume,Centroid_1,Centroid_2,Centroid_3,EquivDiameter,PrincipalAxisLength_1,PrincipalAxisLength_2,PrincipalAxisLength_3,Orientation_1,Orientation_2,Orientation_3,EigenVectors_1,EigenVectors_2,EigenVectors_3,EigenVectors_4,EigenVectors_5,EigenVectors_6,EigenVectors_7,EigenVectors_8,EigenVectors_9,EigenValues_1,EigenValues_2,EigenValues_3,Solidity,SurfaceArea,WeightedCentroid_1,WeightedCentroid_2,WeightedCentroid_3,MeanIntensity,MinIntensity,MaxIntensity,sphericity,id,nb_branch_pt,SkeletonSize,MeanWidth,MaxWidth,MinWidth
2294,38.7537053182214,762.665649520488,4.70967741935484,16.3630753557576,65.0520395304731,12.0379342751771,7.88323178883141,83.2898762842655,-6.00064759328922,-28.7098861858293,0.116205986878343,0.987708266091562,0.104539703979069,0.865187611138853,-0.152355780217673,0.47774272759102,-0.487797669270236,-0.0349298916211481,0.872257609038672,264.48549044214,9.05699135084274,3.88408396477764,0.515621487974826,1450.02735131472,40.3848359740641,762.814530075435,4.70057221913322,99.5680034873583,0,736,0.580100900040802,1,1,57,2.773025,3.162278,2
1028,176.010700389105,543.317120622568,5.16634241245136,12.5217442926204,19.2913932959085,9.12248101943199,8.64613547247878,23.8608351133045,6.92266237153528,-64.9144412127838,-0.907863517909056,-0.401567519889321,0.120529497716253,0.271334101997316,-0.343577352423018,0.899073082677542,0.319627342295841,-0.848939414724,-0.420880306245099,23.2598659560889,5.20122874686855,4.6722286630285,0.855953372189842,559.160569749195,175.490512624331,542.638676358072,5.32214996174445,50.8560311284047,0,413,0.880933236195463,2,0,13,3.42678,4.358899,2.236068
416,208.663461538462,502.588942307692,4.49519230769231,9.26186051367627,11.6327256806525,8.71731960863188,6.37142952407396,22.230597881366,-24.0218707230298,71.0762671154702,0.845496632537386,0.345567619596298,0.407085328468724,0.479156707431176,-0.154512559910463,-0.864022406279854,0.2356783700123,-0.925585700579079,0.296220891889618,8.45751917258205,4.74947882243987,2.53719463626508,0.850715746421268,299.347359185506,208.449768160742,502.353941267388,4.32805255023184,6.22115384615385,0,144,0.900266134928322,3,0,5,2.711167,3,2.44949
459,225.054466230937,691.093681917211,4.35294117647059,9.57057478203256,12.0393035344374,8.10255043192814,6.94254393047383,-83.3972658412862,-24.0251929614587,72.5972731649315,0.105023042932809,-0.907308422442049,0.407138289797033,0.252430724163473,0.420315449677388,0.87155817491479,0.961898586105333,-0.0112405217056265,-0.273175329633456,9.05905184964484,4.10320771887118,3.01243226415994,0.894736842105263,307.843738555807,224.902417904483,691.178711783121,4.30813295144208,32.7080610021787,0,354,0.934750250562723,4,0,3,3.457793,3.605551,3.162278
3539,330.581520203447,971.763775077706,11.7504944899689,18.9072041470822,88.2456002162713,10.1883167507374,8.83907455463903,79.4468293425882,-8.31874137692096,18.389977163303,0.181220922879836,0.972741853480285,0.144679865905105,0.941240004202578,-0.128922776695214,-0.312163694458415,-0.285002160692354,0.192749070391882,-0.938947050830745,486.705372345624,6.48761238833482,4.88307743640415,0.500707413695529,2062.75919684309,327.6232187339,971.296271313671,10.9955951894086,159.603560327776,0,1172,0.544447449264634,5,0,70,2.861682,3.605551,2
1434,301.649930264993,966.21129707113,4.04044630404463,13.9910457379818,60.4426656188544,10.4115151135663,8.25104480503122,82.4743482623829,0.67977370583649,74.7842256655633,0.130960838552615,0.991316550859828,-0.0118640109983692,-0.258694790854954,0.0457232258030232,0.964876360891217,0.957040366938672,-0.123291859477985,0.262436379788233,228.33223919454,6.77497793500115,4.25498377341455,0.411241755090336,1202.51021423811,298.77192073782,965.767615674219,3.59110806656419,125.213389121339,0,987,0.511400856878958,6,1,53,2.201022,3,1
423,341.48463356974,984.368794326241,11.9858156028369,9.31352136194052,18.3778233560807,6.32903265064783,5.45141603525087,65.8634954477035,0.0374233495686119,-4.23909451880688,-0.408911879377926,-0.912573639924371,0.000653160620655303,-0.910097023915697,0.407749235161634,-0.073918659923552,-0.0671898948012577,0.0308206576874347,0.997264059863941,21.1090244567066,2.50354089331039,1.85737104933689,0.87396694214876,330.992972606051,340.855636885791,983.820824431759,11.999509683746,67.5011820330969,0,931,0.823301543241226,7,0,10,2.914214,3,2.828427
664,281.71234939759,543.853915662651,6.8855421686747,10.8240507294995,14.1392265158912,10.4896369941197,7.2098594032188,28.2794465614966,70.486650360458,-118.64114409931,-0.29415954014587,-0.158252503941646,0.942563690122514,0.5014088940582,0.814032838518114,0.293154666982251,0.813670256246658,-0.55884405947486,0.160106312458804,12.49485790423,6.87703026677532,3.24887953838641,0.811735941320293,430.053603343575,281.651398676062,543.601430706812,7.60602178090967,14.105421686747,0,230,0.855868258102466,9,0,5,2.963826,3.162278,2.828427
816,293.718137254902,503.757352941176,6.34558823529412,11.5939256811142,14.2979772687005,11.9722517231283,8.83126835473229,-15.6314422733472,-37.4439661131319,-73.7071997044202,0.764584014326436,-0.213928052256024,0.607985257629176,-0.637578199510662,-0.112928387837152,0.762063789147105,0.0943680271342676,0.970299936967145,0.222739102486161,12.7770096235172,8.95842570762174,4.874456297081,0.720848056537102,531.417739934613,293.670179135933,502.825711275026,6.49357218124341,11.6299019607843,0,226,0.794648099270875,10,2,13,2.349646,3,2
778,298.730077120823,595.807197943445,6.08226221079692,11.4110863443185,13.9077341460576,10.3226066904552,8.77838132590757,33.3899274894566,26.3859802467294,-109.160533051156,-0.747960536948414,-0.493000466509212,0.44441599339981,0.169878418648933,0.505070525069424,0.84619447385541,0.641635689503925,-0.708416759208728,0.294022681483973,12.0890668173386,6.65976305536444,4.81624866894018,0.812957157784744,469.230735919213,299.180013585931,595.807683598762,6.29028605932523,17.0295629820051,0,272,0.871801082506526,11,0,2,4,4,4
505,303.093069306931,517.992079207921,6.97623762376238,9.88016624021919,14.3646100828527,9.05783541572504,6.01084958371706,-35.6261775833265,63.7735752437556,79.8965391005571,-0.359207607853879,0.257415705483742,0.897054652198071,-0.820034594247688,0.371833735410084,-0.435066589671068,0.445548155306386,0.891895076666135,-0.0775242769833147,12.8963764270246,5.12777390114767,2.25814454487947,0.858843537414966,349.085682770184,302.974368231047,517.912274368231,7.0173285198556,5.48514851485149,0,191,0.878509251415349,12,0,5,2.735253,3.162278,2.236068
1061,320.548539114043,487.468426013195,4.89915174363808,12.6543231443407,17.8997499664721,10.5589732428875,8.91514042419019,63.8531788988799,5.58399414952653,-57.4154197496984,-0.43858171555554,-0.893407992014701,0.0973048744134584,0.51956387883472,-0.16372302021359,0.83859891990293,-0.733279929215699,0.418350250933832,0.535988444794307,20.0250655538887,6.96824474650085,4.96748304893938,0.853580048270314,576.919504648774,320.389649422167,487.651361203754,4.76673388660513,97.2139491046183,0,570,0.871991982417814,13,0,1,4,4,4
728,328.760989010989,386.745879120879,3.21840659340659,11.1612007344534,23.1847784065227,7.30771888415321,6.72383491631837,56.2572751746819,4.36560700210407,-0.891295046782503,-0.553853040698434,-0.829127539583423,0.0761205124354653,-0.83209725692375,0.554412830325363,-0.0155102737109957,0.0293421936649,0.0719300818500809,0.996977983205232,33.5958718599727,3.33767220561308,2.82562224886888,0.863582443653618,492.974377348153,329.723567440494,387.449250661181,2.80690567146635,46.7445054945055,0,499,0.793866294936752,14,0,14,3.168724,3.605551,2.44949
701,324.747503566334,531.202567760342,5.82453637660485,11.0214769965755,16.2118126336142,10.5110067501441,8.47225793928692,-87.2576052199926,-24.2325649398803,-119.930701317458,0.0436297295151013,-0.9108426406734,0.410441385137448,0.481362068495384,0.379165890291242,0.790268173883711,0.875435323548395,-0.163091727474933,-0.454988002823105,16.4264293042133,6.90507893134848,4.48619716186314,0.629829290206649,516.888184462659,325.390789952676,531.156170367674,5.25172915908264,7.83737517831669,0,143,0.738299994260914,15,1,18,2.432367,3.162278,2
529,324.395085066163,616.918714555766,4.95085066162571,10.0342677008268,17.2781738149692,7.43170293987308,6.81715229102357,75.8496415825184,15.3545824089618,79.3089071492069,-0.235741243019178,-0.935046183016387,0.264791808721983,-0.116275610606004,0.297652566949536,0.947566848178297,0.964834726115294,-0.192591757390699,0.178892051995576,18.658455648768,3.45188803665739,2.90459783493799,0.741935483870968,394.071544235671,324.847303921569,616.973039215686,4.72990196078431,7.71266540642722,0,174,0.802686878116692,16,0,11,2.673355,3,2
353,330.14164305949,571.759206798867,4.81586402266289,8.76850110462741,10.7020241094531,7.47136624157423,6.72665825411968,-5.87550613515082,-69.1832399298294,28.2783254695518,0.353513470367641,-0.0363793297553935,0.934721761079293,0.350352435217058,-0.921361480770018,-0.168363276550311,0.867341569052299,0.387000731420274,-0.312968107758711,7.15833250245716,3.48883209473344,2.82799570423227,0.858880778588808,263.64802085299,330.105307058701,571.778333854655,4.86549890522365,27.1699716713881,0,404,0.916170026420599,17,0,6,2.768628,3.162278,2
935,336.11871657754,469.654545454545,4.54866310160428,12.1321469727439,17.9808620114103,10.9080749103084,9.19592236460901,40.6909166616366,0.214462960767421,6.71356527156095,-0.758232394835618,-0.651973638120084,0.00374307604844352,-0.647175794765472,0.753323767320076,0.11690505660735,0.0790387632211074,-0.0862187728232655,0.993136041598193,20.2069624170862,7.43663114055627,5.28531175849476,0.657062543921293,616.136413230507,335.41883915396,468.701721593704,4.14269552385637,21.7433155080214,0,319,0.750495897130019,18,4,21,2.584542,3.316625,2
624,342.945512820513,456.633012820513,4.05448717948718,10.6021836425475,15.7425877210822,8.7011525092837,7.91497931546728,58.1657624690813,-5.67951937579567,-10.9450120540628,0.524874247206423,0.845407085458123,0.0989640564886669,0.824212678418629,-0.533832478643752,0.188934765141458,-0.21255701671194,0.0175995625590486,0.976990158622005,15.4893167597481,4.73187843686338,3.91543109776719,0.75453446191052,431.246861112648,342.183001274569,456.162608170658,3.73576172268062,23.8894230769231,0,385,0.818869264514638,19,0,8,2.516124,3,2
422,341.554502369668,599.919431279621,3.98815165876777,9.30617631050107,10.3533661431589,8.96691542951502,7.33764396002841,-68.0419646738137,33.0115980432856,-108.244497725009,-0.31356067659268,0.777729441005842,0.544808790941814,-0.483839504232431,0.362819636229499,-0.796405201960917,0.817055099879351,0.513321369279553,-0.262530256546,6.69951190589431,5.02534827000466,3.36506368025884,0.857723577235772,301.054641260804,341.791578669483,599.614836325238,3.4737328405491,17.9526066350711,0,193,0.903747477576926,20,0,1,3.162278,3.162278,3.162278
545,341.85871559633,547.053211009174,5.80366972477064,10.134429207232,13.370592974629,9.58996923123911,7.58120383493878,74.0582214027863,-56.0588172661258,79.4546181296994,0.15335432784075,0.536868460316732,0.82961117787169,0.399988612465457,0.733965586743379,-0.548911311027935,0.903599225337467,-0.416012949069604,0.102184471305284,11.1732972808248,5.74796936600705,3.59216572418065,0.749656121045392,384.37032840077,341.727329450915,547.254367720466,5.64288685524126,8.82201834862385,0,222,0.839457289236981,21,0,9,2.413483,3,2
779,351.667522464698,535.83055198973,6.10526315789474,11.4159733197957,14.5704352834793,10.1790110112005,8.74781915677664,-60.1666243323383,46.1751658539084,-117.03477484902,-0.34448254358444,0.600688784256579,0.721460159422506,-0.713988391147579,0.331343310478096,-0.61679185136309,0.609550944935767,0.727588204322864,-0.314742832258567,13.2685990218787,6.47576657288382,4.78277124997928,0.779,480.453238893802,351.51054552829,535.829750557696,5.33532751977287,12.6598202824134,0,265,0.852166853350776,22,0,8,3.030467,3.741657,2.236068
417,352.956834532374,697.330935251799,4.58992805755396,9.26927593759152,11.8740100275852,7.560610412309,7.0306446128052,33.1893735886442,-31.7347700553453,45.8873113434228,0.711747771333619,0.465566182104005,0.525987870661223,-0.697073208101102,0.37579302231597,0.610629631549491,-0.0866259346227491,0.801266331789705,-0.592003558258737,8.81200713344968,3.5726768629197,3.08937272947292,0.877894736842105,294.661822500812,352.68579944971,696.861357383063,4.06725771935188,31.3764988009592,0,349,0.916046719559128,23,0,4,2.75,3,2
2427,353.75731355583,446.257107540173,8.98640296662546,16.6733826795879,28.3486023545115,24.3268837561019,11.4992452196812,-67.3881155683234,-51.3816791769675,21.6325587179705,0.239969545497708,-0.576152934149289,0.781320941550134,-0.747365656713368,-0.623301291990695,-0.230087102133359,-0.619563711331627,0.528718541261696,0.580170243744959,50.2277034658885,36.9873295801808,8.26454003889763,0.430090377458799,1708.1184775876,353.645785097016,445.810598402087,8.13314854068156,12.6349402554594,0,330,0.511304150377277,24,9,80,2.401772,3.464102,1.732051
580,357.98275862069,333.427586206897,5.65,10.3468890085011,16.1858236453508,9.806774416955,6.62214500814338,53.4422463211377,-4.83117240051343,-60.7139232809424,-0.593516593116888,-0.800403053477239,-0.0842199838472674,-0.349176976243496,0.35036976353559,-0.869089447675821,0.725129983490113,-0.486411328799327,-0.487432586374056,16.3738054423998,6.01080152906519,2.74080028180488,0.723192019950125,420.204051967182,358.366004112406,333.503084304318,5.75222755311857,5.03103448275862,0,221,0.800403939648879,25,0,11,2.409101,3,2
413,361.484261501211,585.169491525424,3.95883777239709,9.23954269100405,13.5653381289676,8.29211484280798,6.12386300982749,38.7485991391079,25.4150800791842,-25.9576494898322,-0.704422931244353,-0.565330857468664,0.429172873712748,0.709267411082026,-0.583644510426272,0.395346462013103,0.0269828373992433,0.582889446673228,0.812103330520731,11.5011499095763,4.29744803539478,2.34385613519584,0.791187739463602,316.898916462656,361.36119503189,585.159449479691,4.11849613964418,7.21307506053269,0,253,0.846311166890789,26,0,7,2.588505,3.605551,2
876,370.001141552511,647.995433789954,5.72602739726027,11.8713969772336,17.1667981108748,10.6847792200497,7.66770192954527,41.73690954087,-26.4905088999535,82.6415030569632,0.667863659619337,0.595817020524616,0.446049560265487,0.415367604313938,0.198922200005097,-0.88763715088522,0.617598482386708,-0.778095133257047,0.114630179949845,18.4186848362209,7.1352816863254,3.67460330502201,0.77112676056338,542.098555657314,370.112410736272,648.454690962817,5.6509480423541,9.2716894977169,0,245,0.816723925926986,27,1,8,3.017961,3.162278,2.828427
1483,362.552933243426,546.863789615644,6.74241402562374,14.1486230514908,19.7042819384837,14.4581031243727,10.5649496347729,-53.2927281547333,-2.54637161618135,122.53585149826,-0.597136701062976,0.800908183492574,-0.044427940063109,-0.453563962070376,-0.291445980883543,0.842222638343242,0.661594658801481,0.523072960342489,0.537296180522342,24.2661704194533,13.0647966221872,6.97613504908046,0.675626423690205,897.778860525502,362.581443763011,547.016429415405,6.20570528329489,11.9844908968307,0,351,0.700501145918386,28,3,24,2.579877,3.162278,1.732051
520,377.607692307692,625.696153846154,5.09807692307692,9.97703679245034,12.1506002557757,9.18653873405373,7.80334888567724,-52.7793043327825,77.2731503973174,129.685912457159,-0.133258573258291,0.175430070282263,0.975431413833861,-0.0544494201370839,-0.984018722666007,0.169535878472659,-0.989584464964916,0.0305195655853923,-0.140680996643395,9.22731791097856,5.27453086951684,3.80576586447501,0.829346092503987,352.525283254282,377.606753157488,625.786235930922,4.85574362058596,22.3826923076923,0,270,0.887079922833117,29,0,5,3.086796,3.605551,2.828427
666,379.965465465465,482.151651651652,5.9984984984985,10.8349073573685,13.1991193699964,10.3297654110626,7.98205021517212,-35.4956903396771,-60.1469990782452,-87.3406984561345,0.405269287411482,-0.289029782778116,0.867305361074302,-0.732304176520678,0.465276879619658,0.497240402965976,0.547254417735811,0.836647602015705,0.0230952876147825,10.8885470089633,6.66900334047405,3.98207035234558,0.805320435308343,427.856264565746,379.975635044064,482.320502851218,5.84020217729393,11.5855855855856,0,372,0.861990306625684,30,0,6,2.823624,3.316625,2.236068
686,383.16472303207,409.240524781341,5.04373177842566,10.9422969851548,14.6175215868526,10.1035525987901,7.7541634951021,-21.8053800257028,-4.17468137545437,-46.806638000672,-0.925987532972989,0.370469452448021,-0.0727974833456589,0.303522627073539,0.615775817545772,-0.727113579422233,0.224546439813627,0.69539379298977,0.682646591611154,13.3544960838814,6.38011094478236,3.75794071929838,0.80046674445741,441.393338572115,383.154584404456,409.364867180806,4.88063410454156,17.0116618075802,0,600,0.852199144150284,31,0,3,3.44907,3.741657,3
786,393.08524173028,568.229007633588,3.99872773536896,11.450065592685,13.3721302768119,12.7543587004287,7.53345859975824,57.7988111873584,3.85984559898991,-9.02066340173578,-0.531685070671929,-0.844262715205562,0.0673160704313478,-0.841340854457119,0.517371872021283,-0.156435010987176,-0.097244805753062,0.139809920087686,0.985391614536639,11.1758667587518,10.1671041162,3.54706240464196,0.779761904761905,503.073153752682,393.031215285492,568.190513219285,3.74450122195068,11.4529262086514,0,291,0.818718643020946,32,0,12,2.842534,3.741657,2
452,395.314159292035,651.079646017699,3.21902654867257,9.52167318166598,12.7045664678767,8.56855912112206,6.52564155343299,59.5602850811867,7.123306173683,-15.1212711623245,-0.5027211036511,-0.855508166496418,0.124005116836997,-0.848699738959249,0.461200284936237,-0.258849474145181,-0.164256643805731,0.235372203610943,0.957924673830362,10.0878755710435,4.58876283826025,2.6614998552432,0.875968992248062,319.970456569952,395.226203880132,651.041724406721,2.82511259310584,102.176991150442,0,497,0.890156840065074,33,0,1,3.605551,3.605551,3.605551
795,394.823899371069,707.776100628931,5.72201257861635,11.4936023825847,11.8242289484368,10.9996039165855,8.95115907646325,37.0990501106518,14.5627262318711,57.6363768732985,-0.77196958860789,-0.583815896038101,0.251439761767693,-0.153489025856083,0.555052932844634,0.817531259758501,-0.616850122157981,0.592516026174651,-0.51809331738586,8.73827438906569,7.56195539511026,5.0077030507594,0.89527027027027,440.20507902727,394.759068580319,708.244427739804,5.66459801059385,71.9534591194969,0,567,0.942773053998136,34,0,1,3.316625,3.316625,3.316625
1414,394.071428571429,596.203677510608,9.77086280056577,13.9256966034574,25.7345077185924,13.729596832077,10.430006516758,25.314093308896,-64.8941974186,126.215743585257,0.38354959501944,0.181418500280148,0.905525833931051,-0.407798474751768,-0.846474639209408,0.342317234689451,-0.828607332908993,0.500567690658719,0.250682817356998,41.3915554698934,11.7813643232111,6.79906474622588,0.492339832869081,932.773457239689,393.992549741432,596.046366903322,8.84757647471295,8.06859971711457,0,319,0.653141909173706,35,1,31,2.402777,3.741657,1
613,399.62969004894,614.256117455139,3.22675367047308,10.5395147846152,17.4411113007187,9.96385819328845,5.79921608470102,-61.8404362424525,-8.13741408831955,-2.91910723266034,-0.467177028277784,0.872759919303239,-0.141547686336948,0.883894624910352,0.464961070420163,-0.0504132427872353,-0.0218155060479228,0.148665148072912,0.988646932653074,19.0120227127537,6.20490438099759,2.10193169981594,0.763387297633873,442.4712013344,400.37719028589,613.986474023978,2.99907777436213,10.6133768352365,0,207,0.788689570855606,36,0,8,2.778347,4,2
619,406.376413570275,436.684975767367,6.78998384491115,10.5737898707081,14.8815128700807,9.85856872096509,6.96450430776788,-22.9512149760113,71.44272647594,-166.573820997878,-0.29305870135182,0.124101657571977,0.948006000060059,0.581984362328079,0.809835548099783,0.0738957849914479,-0.7585583692555,0.573380470213114,-0.309554578080546,13.8412140813986,6.07446107662445,3.03152001580733,0.764197530864198,420.902768326758,406.608529411765,437.146911764706,5.90882352941177,21.9709208400646,0,330,0.834505957953474,37,0,10,2.787101,3.464102,2.236068
570,413.238596491228,425.963157894737,5.2280701754386,10.2870790653648,11.6361958310365,10.1895228255483,7.93685768937192,-85.9704299527221,-15.1572361966373,70.8480908197232,0.067826697951838,-0.96282583109862,0.261468847119886,0.309906042215423,0.26944066845025,0.911789433577432,-0.948344760118029,0.0191871090666198,0.316660813493465,8.46256583863946,6.48914846327306,3.93710687383389,0.80394922425952,389.176792681385,413.207563386334,425.894857470276,4.77238218020341,12.2473684210526,0,806,0.854254142866128,38,1,10,2.734307,3.605551,2
671,409.758569299553,584.456035767511,5.50521609538003,10.8619541679325,15.5805158948832,9.91028186126782,6.98400062379353,50.0457229548833,35.275755275088,-57.3199784900422,-0.524261024271977,-0.625803491342139,0.577512223812871,0.726056482460736,0.0258759711539104,0.687148032372636,0.444963327372089,-0.779551425077802,-0.44080291849434,15.1720297219192,6.13835541061087,3.04851654457178,0.806490384615385,436.726216054339,409.021878121878,583.916083916084,5.93926073926074,29.8360655737705,0,373,0.848704572143175,39,0,3,3.462092,3.605551,3.316625
396,413.909090909091,330.44696969697,4.0530303030303,9.11098897702679,12.3339802910984,7.32660691170533,7.10610945899217,58.4359301850498,33.1567626729081,69.8685845931153,-0.438221860380957,-0.713321391327801,0.546931617076964,-0.0244543248370051,0.617703832445066,0.786030509191243,0.898534132396215,-0.331080908626349,0.288135115635238,9.50794186382529,3.35494805241552,3.15604947769862,0.838983050847458,293.182169462025,413.600916496945,329.947963340122,4.18940936863544,24.7979797979798,0,327,0.889494692267257,40,0,4,2.997676,3.162278,2.828427
779,417.08729139923,605.436456996149,5.01925545571245,11.4159733197957,17.1846509152554,10.2373398088381,9.11657628197309,-67.7199230420388,29.6981642250477,131.337836185249,-0.329334124045205,0.803795571361015,0.495430836948808,-0.470154228582911,-0.594629111578463,0.652204891892889,-0.818837002146938,0.0181355761923106,-0.57373954438507,18.4570141924493,6.55019539760135,5.19449769406464,0.665243381725021,533.737330038264,417.698536475109,605.238345482285,5.32005424648245,22.7175866495507,0,268,0.767093290516082,41,1,17,2.474046,4,1.732051
956,414.0910041841,681.680962343096,5.96757322175732,12.222304237933,14.8605211241623,11.9762239261829,8.61344237037556,-58.2511648020957,-25.3140887547582,92.3809164683328,0.475669886598753,-0.768708895336284,0.427580159986405,-0.260123530939984,0.341424708038662,0.903197053467309,0.840282040528325,0.540847300974669,0.0375538199650859,13.8021930051047,8.96437122062981,4.6369618417363,0.781684382665576,561.06360905611,414.335066745296,681.492735752962,5.58312335817295,19.5115062761506,0,279,0.836457638874725,42,3,11,2.959001,3.741657,2
1536,429.258463541667,395.315755208333,9.490234375,14.3152036630344,21.5276232536767,19.6214364571078,10.2631655187455,45.3350818120439,64.6398639109899,-6.86196235652652,-0.301082080123792,-0.304624462504258,0.903633508604192,0.782029763782369,-0.621136670037455,0.0511730954044604,0.545691331786406,0.722075601290318,0.425238517110578,28.964910184515,24.0625480400199,6.58328540407295,0.514745308310992,1013.49364812437,428.361931551805,396.826359587436,9.64410454758556,11.109375,0,212,0.635219620160244,43,4,32,2.456852,3.162278,2
978,429.996932515337,492.762781186094,6.06237218813906,12.3153495814086,15.1991412285591,12.306521049928,10.5361527102674,0.745535182377122,-13.8681722098086,39.927932666072,-0.970767590692664,-0.0126323831883105,-0.239688772694393,0.163802913061018,-0.764785735838032,-0.623114262339905,0.175439136265217,0.644160850373308,-0.74449842734075,14.4383683803552,9.4656537720201,6.93815712087968,0.708182476466329,672.491510117361,429.819970926982,493.450687688695,5.75427708822543,18.2883435582822,0,325,0.708527245377174,44,1,22,2.250602,3,1
355,434.650704225352,586.870422535211,3.61971830985915,8.78502989229271,11.3560254647213,7.49205009377811,6.45487564087825,73.8509386936612,-11.0651903834199,-67.3932176371486,0.272966523842358,0.9426843489579,0.191925754111427,-0.319956411724255,0.277105075349441,-0.90600257825909,0.907258051194894,-0.185900498776634,-0.377258310838397,8.05995714721237,3.50817591298004,2.60408872120022,0.889724310776942,266.203678559256,434.954631678786,586.955580145432,3.30967435978501,35.6394366197183,0,331,0.910798501339696,45,0,2,3.534826,3.605551,3.464102
684,435.269005847953,686.321637426901,4.51023391812866,10.931652720669,11.5815920979094,10.0968218996163,9.06027902033253,73.3012410849341,9.79145582947645,-68.9810091488254,-0.283154171441026,-0.943876286643483,0.170062549397732,0.389165769888627,0.0489900267342526,0.919864109979061,-0.876569289185138,0.326645882865049,0.353452611342418,8.38332972014736,6.3716132795357,5.13054099539236,0.871337579617834,407.672382699471,435.235066811123,686.239472733839,4.29162152401589,40.4824561403509,0,378,0.920895252322653,46,0,1,4.24264,4.24264,4.24264
627,443.668261562998,611.169059011164,4.86124401913876,10.6191471653036,14.3117222581185,10.4919487009507,7.25803749048439,34.2997448190041,22.5580736102094,-42.7334439145822,-0.76289680604148,-0.520407937799388,0.383619657482638,0.628968153373784,-0.460090339569997,0.626670520669305,0.149624614864269,-0.719369486223702,-0.678321470187231,12.8015871245953,6.88006172146132,3.29244426332982,0.735052754982415,439.605159907084,443.645877229948,610.950273914876,4.53603034134008,11.3540669856459,0,183,0.805872563856185,47,3,13,2.557398,3.162278,2
604,456.100993377483,501.460264900662,4.08609271523179,10.4876802674584,13.3112494865239,8.79145188873794,8.28119564251603,83.3004300313012,-10.0729590950952,54.5593431215175,0.114865015816839,0.977862615563892,0.174902067523346,-0.592523887858551,-0.0738742730309996,0.802158359740226,-0.797321434841925,0.195773585722602,-0.570921389225285,11.0743351807801,4.83060164449961,4.28613757935166,0.856737588652482,391.420784631985,456.240010690899,501.629827609248,3.73326206067085,12.3890728476821,0,161,0.88280516834268,48,0,3,3.374369,4.123106,3
499,457.619238476954,566.801603206413,2.92785571142285,9.8408808701007,15.1789246971814,8.29757994531755,6.16232085648059,41.1809772857355,-2.47793479869135,-3.4338174954977,0.751929805062287,0.657823938558006,0.0432346402670782,0.655308493923394,-0.752987388076603,0.0598395453644748,-0.071919024262318,0.0166631106821866,0.997271274374004,14.3999846851689,4.3031145593085,2.37338739613848,0.907272727272727,349.050649988225,457.468955199069,566.521458454548,2.50585986202311,72.3306613226453,0,449,0.871624382423815,49,0,6,3.355001,3.605551,2.828427
970,454.343298969072,475.472164948454,6.44948453608247,12.2816779175936,17.4752596400993,12.1287800284596,9.08028508415206,52.9281441061904,2.26854996673907,-43.9200191625543,-0.602343692760293,-0.797254812719584,0.0395833220858756,0.591271665322553,-0.412306279233775,0.693109911840175,0.536264760709287,-0.440894880555287,-0.719744267585057,19.0865437180553,9.19420656117261,5.15322357559215,0.676901605024424,651.813107689231,454.281382488479,475.349861751152,6.63447004608295,11.1855670103093,0,238,0.727013023857057,50,0,13,2.485799,3,2
752,468.257978723404,406.195478723404,6.23271276595745,11.2825276390428,17.3809316331512,12.0639412278196,7.70689838709332,55.5648817363178,-21.2844565001176,103.260620204899,0.526901597045483,0.768509481317582,0.362998463021403,0.0106069117722836,0.421115059284047,-0.906945202460903,0.849860106401974,-0.481721168280131,-0.213734685012169,18.8810490272673,9.09616737176783,3.71226767181135,0.653913043478261,530.62336646507,468.097811082627,406.120489055413,5.47958982449221,6.74335106382979,0,185,0.753661472080423,51,1,12,2.428364,3,2
932,472.93991416309,308.567596566524,4.58690987124464,12.1191575120915,18.1998509455388,10.3682440380548,8.84974210293109,-74.2681101341966,-16.036004518828,-32.5038644756808,-0.260585849726485,0.925086876093712,-0.276241355704579,0.852011433605245,0.0857844773547996,-0.516447035474984,0.454061154392512,0.369939583072887,0.810538816434844,20.7021609024894,6.71878027704117,4.89487095552445,0.746794871794872,574.994569137779,472.470344827586,309.089471264368,4.53724137931034,23.3369098712446,0,346,0.802474036411433,52,0,10,3.294963,3.605551,3
541,483.255083179298,478.236598890943,3.37707948243993,10.1095745906918,11.2669374460665,9.91919115002797,7.2305081986654,76.2290338251806,0.836811326523198,-4.08101523214661,-0.238015930660558,-0.971151441638476,0.0146045936368955,-0.96903974414506,0.236428257522438,-0.0711593515441254,-0.065653568212742,0.0310894909642166,0.997358036280112,7.93399246334845,6.14939706692458,3.26751555068548,0.916949152542373,342.995857047303,483.241525448498,478.068112070427,2.97376527874391,316.212569316081,0,904,0.936109731830647,53,0,2,4.472136,4.472136,4.472136
492,492.565040650407,464.252032520325,2.61585365853659,9.79464786197991,21.1618445693859,6.87522497269828,5.30369467785825,61.8141660304545,0.79201211709342,-3.30715161125814,-0.472287727258734,-0.881336050246018,0.0138227789365266,-0.88032901042338,0.470843381865098,-0.0576831271762277,-0.0443298554900875,0.0394116263377307,0.998239243679411,27.9889790986779,2.95429490157588,1.75807357724637,0.841025641025641,381.48640717144,492.171785243801,463.896932438366,2.21699660354701,226.802845528455,0,833,0.790038868285902,54,0,12,3.089965,3.605551,2.44949
689,489.262699564586,557.476052249637,4.8011611030479,10.9582246597257,14.5298427904626,9.80845311990963,8.10849229902601,26.1341127884028,-24.2054818359312,95.3658187326661,0.818834744896793,0.401747699936641,0.410010300047965,0.32528946086398,0.263761354510899,-0.908084090003452,0.472965566612015,-0.876942833634095,-0.0852926687188309,13.1947707197223,6.01285953784156,4.10922796021025,0.782954545454545,452.990737394896,488.824083044983,557.318339100346,4.10048442906574,10.4862119013062,0,203,0.832800448965559,55,1,11,2.729406,3.162278,2
353,487.467422096317,642.490084985836,4.52124645892351,8.76850110462741,10.2999920634276,8.06189296366954,6.72534103589873,64.4006353502045,-73.647340903408,31.3147001788229,0.121650375173669,0.253911145104272,0.959546932990744,0.98594455430286,0.0806249404423857,-0.146331660344563,-0.11451865376715,0.963861374560937,-0.240534256539189,6.63061478166693,4.06213238485403,2.82688825307146,0.84047619047619,263.554756202732,487.506855221178,642.335604035526,4.30921790118134,32.8526912181303,0,431,0.916494233345647,56,0,3,3,3,3
512,492.564453125,360.291015625,4.89453125,9.9256078543904,14.0033187719165,9.74714720846518,6.08949483651263,-39.7967115826068,30.3152526736899,-86.4154254418059,-0.663261077856302,0.552543807625827,0.504757449925457,-0.347038583433484,0.370482595348619,-0.861572323227848,0.663060302091279,0.746617698154889,0.0539726652345148,12.2558085392442,5.93792991896816,2.31762171024463,0.832520325203252,364.754493849786,492.047178130511,360.895767195767,4.23694885361552,22.1484375,0,266,0.848522664942469,57,0,8,2.580372,3,2.236068
521,497.560460652591,574.529750479846,3.14587332053743,9.98342823352735,17.3065186739086,7.30073888040838,6.17770050769043,50.8377267560798,4.14437881888802,-16.4173283070871,-0.629867543097308,-0.773332997923797,0.072269997057935,-0.756647173657837,0.589933606444735,-0.281892523105378,-0.175362289983247,0.232237839960032,0.956720258457262,18.7197242881466,3.33129926249416,2.38524897266991,0.895189003436426,364.493134913575,498.104207694228,575.076581699165,2.71009347349735,69.1996161228407,0,456,0.859052923979123,58,0,7,3.377987,3.605551,3.162278
977,500.094165813715,604.708290685773,8.16581371545548,12.3111506893063,21.0578929456239,11.051095992982,7.68039566830325,84.5397976367917,-31.7280519021104,51.2895958351682,0.0809338688645663,0.846694377774902,0.525888143539084,-0.661594172096731,-0.348989363465491,0.663701420546613,-0.745481629765787,0.401640454675973,-0.531923006505098,27.7146784568347,7.6329201653814,3.68677985135571,0.687060478199719,619.5754793497,499.43977434753,604.34709565433,7.96379641683715,16.510747185261,0,284,0.768516056189064,59,0,15,2.867137,3.605551,2.236068
438,499.027397260274,713.292237442922,3.86986301369863,9.42233402499634,9.99037746752949,8.32648435118359,7.90628841927884,73.2025103671495,17.7428644517825,-48.1768427929592,-0.275243691735614,-0.911795468713,0.304745686424257,0.70401051684898,0.0247005022459968,0.709759873023847,0.654683207609438,-0.409901095903922,-0.635114941763285,6.23797762148256,4.33314635315657,3.90683728555142,0.918238993710692,291.485952564992,498.924314613762,713.20299929704,3.79231430133562,29.2305936073059,0,278,0.956861839676868,60,0,1,3.605551,3.605551,3.605551
501,505.315369261477,342.5249500998,4.53293413173653,9.85401081345117,13.3252796130887,8.0514903774352,7.18224208285711,-82.2112847339359,-21.8573133215053,-126.220420039524,0.125778398079451,-0.919551613809081,0.372296419694954,0.544738403070394,0.377657295371928,0.748755660728302,0.829119935110044,-0.108626869574128,-0.548416207282062,11.0976922979373,4.05165608112072,3.22403758354772,0.865284974093264,337.936706549032,504.936953311371,342.566965807111,4.71293877087357,17.5708582834331,0,325,0.902694038846935,61,0,5,2.939549,3.316625,2.236068
749,513.41655540721,539.364485981308,4.99599465954606,11.2675042822062,14.1135413734625,10.3814300440305,9.10864915848035,61.0065889246201,-1.79501731582198,-62.825808193189,-0.484471184704223,-0.87424624013354,-0.031323837626573,0.385954791162097,-0.245739325287669,0.889185629205839,-0.785064691837755,0.418695229993763,0.456473147085523,12.4495031312774,6.73588060994365,5.1854680932678,0.781837160751566,499.416989410338,513.364552346224,539.071490260052,4.87448421456674,13.913217623498,0,255,0.798623386988112,62,1,16,2.720994,3,2.236068
442,514.377828054299,431.138009049774,4.33710407239819,9.45093005472339,11.946806107386,8.21153939050694,7.20534854165536,36.5132526143115,-19.7131984794155,25.8058756785009,-0.75661557474382,-0.560136950429978,-0.33731212373421,-0.653688975992292,0.636196656435064,0.409810367129718,0.014953084003915,-0.530566123215428,0.84751164840073,8.92038601046722,4.21433619761544,3.24481547542093,0.821561338289963,312.26921918655,514.203809960982,430.863667661235,4.03718154693597,9.85746606334842,0,314,0.898606991809798,63,0,1,3.162278,3.162278,3.162278
1326,513.43137254902,554.389894419306,8.50980392156863,13.6305998104302,21.6961015983218,13.0957617017475,9.67376523136087,66.562027214851,57.6064529741139,66.8744160171949,-0.213090521812679,-0.491529126708165,0.844388267985237,-0.0514697828793188,0.868685041899449,0.492683630162915,0.975675812431545,-0.0615257310209366,0.210407446299753,29.420051535294,10.7186859093097,5.84885835946791,0.6375,867.627660663978,514.274725922433,554.613580101379,7.13267711894377,12.7948717948718,0,265,0.672738709811279,64,2,25,2.325986,3,1.414214
1225,531.182857142857,324.10693877551,3.68816326530612,13.2753451764952,38.6499645002966,7.68785629474262,6.29453988253151,67.3993714691377,-1.57922049092961,-82.7787694056834,0.38415948162891,0.922855345258099,0.0275591074449311,-0.105540667713945,0.0735484470511283,-0.991691380115236,0.917214620540417,-0.37805903991959,-0.125653102635696,93.3637347421366,3.69394590053836,2.47632702079874,0.819397993311037,798.370483368185,529.75490841899,323.43264725257,3.04245124725008,394.075102040816,0,1763,0.693484956805317,65,0,27,2.811029,3.162278,2
736,529.669836956522,633.157608695652,3.75271739130435,11.2019354047666,16.53787048491,8.67769963425548,7.50147131296908,51.9945433478233,-0.255334425436413,-12.2823237092301,-0.615730405784017,-0.787944292312663,-0.00445641166699234,-0.769333154414915,0.60239006530718,-0.21272683595919,-0.170301394330891,0.127553915781163,0.97710154725998,17.0938225109786,4.70640443389735,3.51700449120613,0.930467762326169,433.212341147092,529.694043163924,633.074966802141,3.36594100841012,101.294836956522,0,653,0.909986984364984,66,0,4,3.966191,4.123106,3.741657
553,537.869801084991,489.104882459313,4.00904159132007,10.1837759583197,14.3264481562665,9.4400720669167,7.64843798500964,59.1899718132776,-9.86464918082827,-44.2609315202766,0.504620531047085,0.846172052951521,0.171321266775514,0.553853268552809,-0.469511694441242,0.687608410140745,-0.662272358293117,0.252094477501438,0.705580397866997,12.827944798387,5.56968503928631,3.65616272565865,0.759615384615385,398.103694003659,538.041872232764,489.171157495256,3.75205566097407,14.2947558770344,0,186,0.818410773826862,67,1,10,2.534115,3.464102,1.414214
830,538.085542168675,540.63734939759,3.60602409638554,11.6598551891494,29.1467841699113,9.98333474190177,7.68611303319268,68.6198960855738,-6.74906748933138,-10.1446375557277,0.362027230554588,0.924729713857295,0.117521234874301,0.909078542750076,-0.37812907822744,0.174913130754279,-0.206185565567458,-0.043512716627115,0.977544963693924,53.095939215462,6.22918578555394,3.69227084743839,0.538961038961039,652.275756446191,537.78113085622,541.025654281099,3.40924071082391,18.644578313253,0,231,0.654794388562495,68,1,22,2.29952,3.316625,2
701,541.018544935806,1014.62196861626,2.96433666191155,11.0214769965755,22.5661797022515,8.61759350204641,5.65392318092225,12.463429251407,2.45946315950988,-14.9731147994143,-0.975534497899584,-0.215617616590483,0.0429125485568778,-0.219314694631516,0.940888472700871,-0.258127771960531,-0.0152809726945588,0.261223898896067,0.965157275535467,31.8270291471443,4.64143236040704,1.99792795848562,0.883984867591425,486.229027248948,541.497660448941,1016.13155232374,2.70913689535251,45.1212553495007,0,709,0.784853478990113,69,0,14,3.232383,3.605551,3
830,547.186746987952,417.328915662651,5.38674698795181,11.6598551891494,15.3652794177349,11.3384028345147,10.2680545238166,60.6273935610855,13.634595091796,-95.6467890760374,-0.476664668605352,-0.846889993581183,0.235728938561672,0.0293142648090562,0.252690533101492,0.967102977122699,0.878596305240384,-0.467894040625596,0.0956226916845539,14.7557382240667,8.03496117735818,6.58955898150447,0.644409937888199,578.798021139447,546.841044461825,417.105348655316,5.31081162384935,20.0253012048193,0,326,0.737919774285858,70,1,15,2.455193,3.162278,2
668,548.239520958084,559.221556886228,5.54790419161677,10.8457422719456,11.4587309437546,10.5430758572209,7.99804103651963,33.7543818769039,-1.73639563342359,-83.6047676652083,-0.831045340973815,-0.555378681269517,-0.0303011821064458,0.0368535095377988,-0.109341132077126,0.993320862395853,-0.554982396189702,0.824377969882399,0.111335091916754,8.20640717758498,6.94727803319465,3.99804127636575,0.912568306010929,385.547501919707,548.16422283199,559.213828388498,5.39578688618304,104.748502994012,0,564,0.958496517420103,71,0,2,3.864328,4.123106,3.605551
784,552.030612244898,481.803571428571,4.53061224489796,11.4403456681555,17.2799355971415,9.94825280649018,7.85538826282676,73.4216248770965,3.31843654132295,-31.4038774024358,-0.284848228149224,-0.956823276567513,0.0578852687551499,-0.826641237956725,0.214622433897429,-0.520193689482405,-0.485309953153261,0.196026600966686,0.852084397864335,18.6622608900849,6.18548336886499,3.85669529748478,0.755298651252408,516.205276505484,551.6836,481.690133333333,4.55973333333333,9.56632653061224,0,170,0.796536583217982,72,2,15,2.726504,3.605551,2
1205,558.017427385892,286.703734439834,4.62655601659751,13.2027016147453,24.5596835687482,9.4388549689381,7.86650446666757,89.5022686354751,0.6199093607932,-59.8822816036428,-0.00868643339584252,-0.999903740237331,0.0108192483220915,0.501840620872359,0.00499933800665455,0.864945661797284,-0.864916491412498,0.0129428311775558,0.501748887396678,37.6986285623149,5.56824894529047,3.8676182827563,0.854609929078014,666.918890525412,557.631902250117,286.655894593933,4.62658298279584,37.2871369294606,0,508,0.821112134202478,73,0,8,3.196411,3.605551,3
