Volume,Centroid_1,Centroid_2,Centroid_3,EquivDiameter,PrincipalAxisLength_1,PrincipalAxisLength_2,PrincipalAxisLength_3,Orientation_1,Orientation_2,Orientation_3,EigenVectors_1,EigenVectors_2,EigenVectors_3,EigenVectors_4,EigenVectors_5,EigenVectors_6,EigenVectors_7,EigenVectors_8,EigenVectors_9,EigenValues_1,EigenValues_2,EigenValues_3,Solidity,SurfaceArea,WeightedCentroid_1,WeightedCentroid_2,WeightedCentroid_3,MeanIntensity,MinIntensity,MaxIntensity,sphericity,id,nb_branch_pt,SkeletonSize,MeanWidth,MaxWidth,MinWidth
1880,24.1553191489362,384.109042553192,3.59308510638298,15.3127458915683,60.3519802258555,7.81769853378235,6.134899610544,68.6167563103305,0.706517229861419,-52.4023928558744,-0.36457675928405,-0.93109169229251,0.0123307393861725,0.571675600128596,-0.213352294685273,0.792254887375356,-0.735031152270126,0.295886902204877,0.610065690148243,227.647594823879,3.8197756478189,2.35231207696578,0.819886611426079,1202.88837881866,23.1526937518999,383.624497450323,3.19434703864976,248.467021276596,0,1278,0.612393672634351,1,1,44,2.90163,3.162278,2.236068
1485,180.277441077441,271.508417508417,5.58047138047138,14.1549805554025,37.1370986662372,8.94102517063268,7.23958029325962,71.0937330291465,-2.17803291092178,87.6218394820031,0.323786812985631,0.945366459744967,0.0380046908404197,0.0515598737611607,0.0224781811111632,-0.998416902296664,0.944724128597519,-0.325233743887687,0.0414648366987885,86.197756084115,4.99637069386794,3.27572017640956,0.749243188698285,888.680745635493,178.840399888356,271.032435952737,5.52271362479172,79.6181818181818,0,883,0.708308830480668,2,0,29,2.947754,3.605551,2
721,233.5520110957,599.825242718447,4.39528432732316,11.1253123814313,20.105935166176,8.41975001498481,6.89745128426985,44.6452753482154,2.8471772071278,-58.1899802348704,-0.710592722798242,-0.701848030602502,0.0496721677156442,0.400436642153463,-0.34535686614512,0.848751512886594,-0.57853995361344,0.623007204569748,0.526453744527616,25.2655393066546,4.4307618946773,2.97342713867974,0.781995661605206,473.391717484322,233.394259496372,599.552176696543,4.60446009389671,12.998613037448,0,307,0.821398008901169,3,0,9,2.959807,3.162278,2.828427
861,236.08362369338,381.69918699187,6.59349593495935,11.8032473874357,19.987464283468,10.3494256306786,6.75865964414133,-76.4292436111838,-27.7120280391596,2.74686890456031,0.207731167147579,-0.860579345325808,0.46502790517786,0.965734705407641,0.256039975331405,0.0424265224065184,-0.155577122247207,0.440280275995754,0.88427882345015,24.9686705301819,6.69441318030925,2.85496751158403,0.761946902654867,555.298351514324,235.286968954248,381.737745098039,7.14031862745098,5.68641114982578,0,269,0.788181991678689,4,0,13,2.393936,3,2
624,265.951923076923,533.036858974359,2.80288461538462,10.6021836425475,24.6097637646651,8.12666372373426,5.67455509646451,22.7703810594604,0.925538432210164,-12.8332517134578,-0.921943054004262,-0.386988483125759,0.0161529904760321,-0.380679172912863,0.897642154446557,-0.222085411206863,-0.0714448912356444,0.210899209312333,0.974893404956542,37.8525295345391,4.12766645491614,2.01253597142571,0.736717827626919,490.995460523375,265.333185791745,531.576297443842,2.50116189000775,14.4823717948718,0,247,0.719222128056208,5,0,18,2.56575,3.605551,2
1070,297.093457943925,504.347663551402,7.07383177570093,12.690002815724,20.8019332455191,12.6902234812068,7.9945248671161,20.9138251223779,-4.24740464545357,-38.5139414976158,-0.931552850625055,-0.355983021418317,-0.0740633171969838,-0.236227228329934,0.747370148893742,-0.620994812488883,-0.276416322035968,0.560993715655026,0.780307675156202,27.0450266719394,10.0651107501858,3.99452674068361,0.701179554390564,713.32717934827,297.166012888764,505.027878957691,7.29377977024377,6.67102803738318,0,341,0.709225819339832,6,6,24,2.448728,3,2
480,317.520833333333,489.977083333333,4.39166666666667,9.71436025202112,13.2944784993388,9.55188984138047,6.69689855247072,-8.76481995577171,-29.7190190554025,-51.9243274662931,0.858325156419646,-0.132336157315057,0.495746979137821,-0.479665614798186,-0.550033936324645,0.683654566920675,-0.182205444039056,0.82459069262168,0.53558506869052,11.0464474105864,5.70241247136671,2.80302813888028,0.761904761904762,356.659391238725,317.764782750735,489.520091473375,3.9264946096047,12.7541666666667,0,269,0.831236526265598,7,0,11,2.591828,3.316625,2
594,330.392255892256,560.065656565657,3.46127946127946,10.429478845749,12.4968195270459,10.0322367719651,6.97054711076509,67.174371325371,6.12235510585191,-8.08902153865185,-0.385715318724523,-0.91643277910573,0.10665202427422,-0.918341196608751,0.370236312237524,-0.139908969376399,-0.0887307134674777,0.15190798030817,0.984403792153527,9.76065614322223,6.29036091554809,3.03678293896222,0.929577464788732,367.200289138397,330.642539568021,559.876980655634,3.2089552238806,186.675084175084,0,815,0.930619339081958,8,0,2,4.297621,4.472136,4.123106
571,343.492119089317,523.066549912434,4.3292469352014,10.2930913864679,16.066475058877,9.6065067872709,6.11746095219279,20.1685847730663,8.37982277206963,-51.9664421592757,-0.92866057062081,-0.341102564890996,0.145734638295139,0.320178407582823,-0.538766628241958,0.779240853401899,0.187284094070903,-0.77031133999025,-0.609545000463843,16.1332263010947,5.76781079086762,2.33895803135022,0.750328515111695,409.824926399334,343.648904677324,523.542332741267,4.42110716400237,11.8318739054291,0,242,0.812162925443475,9,0,8,2.765719,3.162278,2.236068
1160,349.068965517241,370.640517241379,3.89913793103448,13.0362632627364,25.0433903769002,10.6162381680322,7.72972211791814,-6.04737077141507,2.620172288042,-12.2369512819453,-0.993395488517473,0.105240533960788,0.0457146957200688,0.0933215012648585,0.972861765545829,-0.211733517754566,0.066757028055503,0.206068957270857,0.976257693467508,39.1982125981137,7.04403205252395,3.73428775126456,0.71078431372549,739.32797015333,349.353030632196,369.90636541386,3.74418857267,7.93620689655172,0,230,0.722135974392256,10,0,23,2.907457,3.605551,2
509,349.090373280943,584.151277013752,4.53831041257367,9.90618391462455,13.9507125173385,9.13020146507215,6.7828851476784,18.0732653007746,-11.7172408179716,81.1499268580544,0.930850485297816,0.303768165515316,0.203081943166497,0.238492614499349,-0.0840059869108969,-0.967504143139651,0.276836859630515,-0.949035244752578,0.150643477679349,12.163898733839,5.21003617455035,2.87547068291226,0.774733637747336,373.945894237694,349.052978453739,583.997972116603,4.57541191381496,7.75049115913556,0,216,0.824430170815934,11,0,7,2.437785,3,2
1004,345.371513944223,435.064741035857,5.18824701195219,12.423530489724,16.5514446561439,12.8579934185418,7.81144750188214,31.5440319105488,2.73887204767669,-26.1854809554818,-0.851264847632738,-0.522556060079335,0.0477841318763153,-0.487432911418921,0.753742060563323,-0.44077439014016,-0.19431241867283,0.398507302583174,0.896345142083894,17.1218950128372,10.332999671954,3.81366950466629,0.778898370830101,602.754531084663,344.926091673447,434.154732845132,5.43639815568213,7.34462151394422,0,199,0.80445072837761,12,0,11,2.777027,3.605551,2
1703,355.86553141515,562.031708749266,8.59953024075162,14.8162628891881,21.0811263584963,13.6607863689931,10.850725738042,-3.14741439624759,66.1598368476674,-6.81075195708471,-0.403576880253345,0.0221919121472551,0.914676566202626,-0.0537904797150987,0.997401147709052,-0.0479326072802968,-0.913363173122826,-0.0685453833887889,-0.401334329953328,27.7758680339304,11.6635677637043,7.35864056513788,0.665754495699765,961.694763455468,356.212233461557,562.419860378971,7.81797027116873,12.364650616559,0,445,0.717116923777745,13,3,25,2.540059,3.605551,1
374,356.219251336898,481.96256684492,4.77807486631016,8.93904231874461,10.1419852979972,8.45840866881228,6.47783996360153,-29.0090568028128,48.9802816949815,66.5174849027474,-0.573978985516102,0.318280364254801,0.754483753248364,0.798419450394522,0.0128951719063414,0.601963533590877,-0.181863975040732,-0.947908921928334,0.261522791188544,6.42874161154947,4.47154232553992,2.62265066212707,0.907766990291262,264.856552659559,356.458289807491,481.872257871959,4.99223996418445,17.9171122994652,0,749,0.94780967435847,14,0,2,3,3,3
738,356.028455284553,500.008130081301,8.4349593495935,11.2120729084029,17.477095692116,10.6578489605438,7.62832467957735,29.4056074900314,-80.3815598932045,108.110319696383,0.145559664993585,0.0820374259247614,0.985942313056193,0.663745354534925,0.73090487540625,-0.158808587427382,0.733658291209376,-0.6775307549145,-0.0519383084507484,19.0905546144611,7.09935902911024,3.63695858856555,0.699526066350711,501.132710051741,356.216212448596,500.1817801631,7.74154875583746,19.440379403794,0,264,0.788077535630208,15,0,12,2.720812,3.316625,2
904,367.5,386.262168141593,5.69690265486726,11.9965564718005,15.4569453027658,11.494228444279,7.88228808728067,-47.7765982208999,-0.867298877830271,-43.7379801703646,-0.671946115413017,0.74044533898305,-0.015136642944596,0.542072379457201,0.477793184429763,-0.69128229280235,0.504624566792941,0.472709607360314,0.722426241008931,14.9323223807934,8.25733047057946,3.88315409318042,0.82032667876588,525.665405665899,367.988861842591,385.932359666593,5.83447665412702,14.9966814159292,0,245,0.86010937487388,16,0,4,2.61571,3.162278,2.236068
714,369.894957983193,628.991596638655,4.34593837535014,11.0891909830745,13.0260628147581,9.51990319760146,8.29015900048828,-51.5946921554729,-13.3732728312438,-3.3296979406279,-0.604375290565912,0.762386743829303,-0.231294100631044,0.790658428431091,0.609644371972585,-0.0565065418604721,-0.0979273082661171,0.217025787766121,0.971241499185577,10.6048945283765,5.6642848057314,4.29542101583606,0.9296875,404.599539709915,369.802153043867,629.225416276729,4.42817203161878,237.953781512605,0,930,0.954825952219316,17,0,3,4.493852,4.89898,4
708,372.464689265537,508.444915254237,4.36723163841808,11.058041406114,12.2249049833505,10.2742800624912,8.06798034865845,-69.0879784841432,-19.5898891812525,6.99355688470904,0.33627346025427,-0.880059039218331,0.335285322402768,-0.912608217036712,-0.392412872669175,-0.114709980213577,-0.232521831503395,0.267410218304451,0.935107145208865,9.34051886574677,6.59755192515648,4.06826918164618,0.946524064171123,396.911759964488,372.646077657533,508.357780778338,4.29393828906616,352.518361581921,0,1337,0.967859527624885,18,0,2,4.89898,4.89898,4.89898
1244,375.581189710611,449.957395498392,6.26286173633441,13.3436277957887,19.2919047221991,12.0808019203731,10.2178801429045,82.3228072894144,2.40789991062843,-108.17306160007,0.133473746548607,0.990161417248723,-0.0420134118380945,-0.303759939821644,0.0812256088374706,0.94927988466444,0.943352880920936,-0.113941951277751,0.311612858844415,23.2610992381504,9.1216109399556,6.52531716342269,0.71700288184438,788.930605621853,376.350960118168,449.962850812408,6.48929098966027,10.8842443729904,0,279,0.709020687567949,19,4,34,2.315686,3.316625,1
440,373.622727272727,419.045454545455,4.97954545454545,9.43665370360164,11.861716125477,9.31095992179631,6.15537232466769,-26.4564849762058,-19.1805621249946,70.5375328708243,0.845574485707554,-0.420786353163167,0.328546243490999,-0.128889658484837,0.436304859070073,0.890519806566651,0.518064904289093,0.795347040570018,-0.314693247465604,8.79376934008761,5.41837341658107,2.36803802845531,0.813308687615527,317.508063513944,373.725077566437,419.155267772832,4.94995278564684,16.8477272727273,0,213,0.881112068140693,20,0,4,2.914214,3,2.828427
612,377.571895424837,321.367647058824,3.38235294117647,10.533780553459,13.2023046122853,10.7470229755915,6.75784761078793,-57.430312238495,-4.5342809125503,-2.21334869021525,-0.53664016843606,0.840099725814019,-0.0790555520385979,0.843752187092623,0.535350368218564,-0.0384997405791668,-0.00997879738911633,0.0873638022035303,0.996126492804608,10.8938029422231,7.21865642736827,2.85428152066451,0.854748603351955,402.193006910137,377.898478135234,320.927566942786,3.35792718166057,8.48202614379085,0,164,0.866730123427453,21,1,5,3.301898,3.741657,3
633,374.65560821485,473.274881516588,5.88151658767773,10.652912566343,13.1329324341432,10.8302490548553,7.35728191108307,-79.7759758840014,-23.1006307982504,-137.455641998181,0.163265155593769,-0.905211649061374,0.392347243360431,0.677967105563193,0.391849292284488,0.621944318979129,0.716732232248005,-0.164456688947981,-0.67767905731036,10.7796196449857,7.3308934118871,3.38309981994689,0.784386617100372,420.562884412882,374.511908610842,473.119409419118,5.90214462765384,14.6587677725118,0,379,0.847726296547607,22,0,1,3,3,3
861,386.550522648084,640.177700348432,4.36933797909408,11.8032473874357,12.7684195087502,11.6776271894977,8.2506926467025,-0.63330111967193,-11.4328814434344,163.937219343855,-0.980097705952131,0.0108336470600252,-0.198219875085092,0.0654636475161925,0.96029418808968,-0.271200263965687,-0.187411306065686,0.278778952599656,0.941891340838311,10.1895335469645,8.52293604855607,4.25462057189692,0.927801724137931,456.238275989347,386.610913811453,640.164299720489,4.32817452118557,297.931475029036,0,1098,0.959314866170221,23,0,1,5,5,5
775,387.523870967742,471.178064516129,4.3741935483871,11.3964002452797,18.2164646025136,11.7714501585824,7.07803308318742,-84.0695792517091,-10.3250098834202,34.2395878431528,0.101647569949488,-0.978541660066955,0.17923166862129,-0.811848211922417,-0.185720184098012,-0.5535435791489,-0.574952391352309,0.0892425500084377,0.813305302421086,20.7399739134144,8.66043992724934,3.13115952041847,0.664665523156089,548.495069759275,388.79088990503,471.186950404502,4.29335209285966,22.0103225806452,0,326,0.74389652726152,24,1,14,2.577965,3.316625,2
1310,386.779389312977,552.514503816794,6.28854961832061,13.5755538808645,30.4220355909675,10.2334835782778,8.48403656971899,65.9430118212087,12.1385737787691,81.2290796627208,-0.398530909782119,-0.892724359666845,0.210276797592261,-0.0545236377571976,0.251926296551293,0.966209249609872,0.91553278853024,-0.373599195346257,0.149074995766128,57.8437655936306,6.5452616341801,4.49867978227057,0.604801477377655,845.488040211622,387.6751247018,552.870960746042,6.29104315766645,7.03969465648855,0,207,0.684790173218177,25,1,23,2.604512,3.162278,2
460,402.378260869565,570.580434782609,4.54782608695652,9.5775200491885,13.7805447282539,8.30098349997891,6.30355129910853,-63.583581993446,-27.0269356976345,-130.533079829141,0.396306522768112,-0.797780235391093,0.454409326522662,0.428378450356883,0.598432980789777,0.677030184536036,0.812054827755666,0.0736523151190366,-0.578914754688739,11.8689633129629,4.30664544168263,2.4834224362808,0.79447322970639,339.317007135882,402.547377326565,570.234686971235,4.41539763113367,12.8478260869565,0,185,0.849278998119297,26,0,9,2.605932,3.605551,2
824,406.621359223301,390.658980582524,8.95388349514563,11.6316911780459,17.7300571231072,10.4103255392569,7.63321856042105,78.7372931369722,-69.2807041946331,12.1952408384877,0.0690979303449763,0.346976569513107,0.935324936175101,0.997199218811332,0.0028759824887788,-0.0747358463308841,-0.0286215657173067,0.937869387992614,-0.345806039626623,19.6471828492902,6.77342986458147,3.64162659944728,0.724077328646749,541.873532385321,406.663030564856,390.658926449941,9.04568527918782,11.2366504854369,0,299,0.784400136149169,27,3,16,2.741278,3.162278,2.236068
1547,400.442146089205,653.453135100194,11.087265675501,14.3492949890707,27.3908515406075,16.5560856675152,7.73967051712814,84.1646325892819,36.7505343517107,-70.0895058168785,-0.0814632248037006,-0.797096275985768,0.598332073195314,0.395983507243819,0.525028055333318,0.753354234808432,0.914636979897197,-0.298300298227365,-0.272866500475964,46.8911717574749,17.1314982893814,3.74390623210641,0.559493670886076,975.638625962566,400.656727369755,653.168767927423,9.84303915682743,9.69036845507434,0,260,0.663012954957336,28,3,31,2.696278,3.464102,2
385,408.935064935065,432.574025974026,3.5038961038961,9.02583456532207,11.724541157464,7.79802875678189,6.69650834646214,-87.0023998229378,-9.48172869250209,-140.252434380439,0.0515796960298058,-0.984988603224601,0.164733076445267,0.762308763975529,0.145394584959453,0.630670883290619,0.645154929705706,-0.0930476554358983,-0.758364853150717,8.59155408456665,3.80057828072483,2.80270150213982,0.861297539149888,282.524573673306,408.750395222203,432.664851572106,3.73282979097137,14.787012987013,0,172,0.905875225794335,29,0,4,2.822777,3.605551,2.236068
2073,407.02653159672,532.752532561505,3.49734684032803,15.8197722400233,53.965689820405,16.5192799705453,7.84799887059251,41.2418455993391,0.720923378980449,-8.28701652848474,-0.751874116818277,-0.659186621408564,0.0125821546127207,-0.653718972169566,0.742886781693554,-0.144120557210138,-0.0856552268358556,0.116585709848837,0.989480143496948,182.01847986201,17.0554131715786,3.84944289205133,0.453015734265734,1417.30601259151,407.49015039508,533.136383943247,3.10940352781913,286.141341051616,0,1379,0.554736441583203,30,3,61,2.582692,3.741657,2
826,420.549636803874,402.21186440678,3.19007263922518,11.6410943277983,21.7844072402158,8.85286409438168,6.43063195887002,-65.8873019021523,-0.821156591635786,4.64826050300236,0.408490799762166,-0.912649920621666,0.0143313955682251,-0.909267152804458,-0.408249136246533,-0.0810301646600484,-0.079802953206889,-0.0200690095228087,0.996608610998436,29.660024925473,4.89832516709953,2.58456421190253,0.897826086956522,512.741729265334,419.741373502093,402.490500024063,2.9353481880745,251.561743341404,0,985,0.83030724148589,31,0,11,3.621734,4,3
687,422.161572052402,493.992721979622,4.20669577874818,10.9476113604367,15.9677695172272,10.2179978932684,6.66900484998481,85.9126499107837,1.21899732037634,47.1863739912657,0.0712610939047369,0.997230804363922,-0.0212739117978882,-0.676774864060583,0.064007300490256,0.733402242197097,0.732732993573565,-0.0378653972860992,0.679461972311244,15.9356039597056,6.52546755917732,2.77972660557006,0.78246013667426,461.720812755745,421.792245290802,493.821256702874,4.29080159494019,10.5866084425036,0,314,0.815472207810265,32,1,11,2.443691,3.162278,2
1080,425.125925925926,478.159259259259,4.1212962962963,12.7294130153647,16.6731097437199,11.3612631949293,8.25097668535409,86.7824001345147,6.58057510856697,-5.22635588929691,-0.0557584082052846,-0.991845631563618,0.114600362401614,-0.994858650087534,0.0454722838481928,-0.0904905395477352,-0.0845415061400239,0.119056770281231,0.989281668277432,17.374536782883,8.0673938365285,4.25491351639105,0.928632846087704,552.846296814511,425.136280957045,478.054222369208,3.99979648167699,363.967592592593,0,1028,0.920793454188695,33,0,4,4.346958,4.89898,4.123106
579,419.642487046632,763.953367875648,6.35405872193437,10.3409390997661,16.3899460611098,7.99275049294571,7.22505550409104,-54.3846239457397,-37.1828038191852,80.4576050817974,0.463957802340488,-0.647682111587171,0.604360025131848,-0.212306161287428,0.581051964842657,0.785687411145097,0.860040261573132,0.492835161572782,-0.132076689808414,16.7893957428806,3.99275377765524,3.26258918982476,0.772,394.526033791339,419.132036656069,764.238264447354,7.04712923134468,9.23488773747841,0,215,0.851518655480705,34,0,9,2.87622,3.741657,2.236068
766,424.993472584856,637.879895561358,5.84334203655352,11.3521132691032,14.0867204623779,11.4180276301008,7.8537298642167,-62.4582542617754,-19.6894418121735,15.6008836462381,0.43535976919127,-0.834832676007809,0.336921763083605,-0.812110125170133,-0.5257009104889,-0.253210776443839,-0.388508707709202,0.163379790001037,0.906845096062907,12.4022308365735,8.14820968510902,3.85506704875558,0.808870116156283,477.749759163307,424.910683864687,637.598685811633,5.66634217571185,10.7284595300261,0,308,0.847428035029939,35,0,8,2.954783,3.162278,2.828427
629,427.14626391097,424.540540540541,5.68680445151033,10.6304261405002,12.9531123103256,11.2322844589015,7.90002056224015,63.8347063115812,70.121877540432,-114.829664102519,-0.149936206291395,-0.305177109110241,0.940418027325115,0.000535670844752948,-0.951195302920124,-0.308589061308789,0.988695528006317,-0.0457649186365442,0.142782089641874,10.4864449077442,7.88526338535495,3.90064530523857,0.73481308411215,438.058602281444,427.494528246081,424.63068125801,4.84649511978705,16.1255961844197,0,202,0.810436529895044,36,0,16,2.531301,3.316625,2
808,434.292079207921,384.899752475248,4.91831683168317,11.5559125371571,12.3056201290341,10.6078910649651,8.81807141776081,68.5748699378822,16.4913361633529,-20.1381100994873,-0.350258258466307,-0.892601127821314,0.283870355951919,-0.909685889768407,0.251975190376063,-0.330121319201302,-0.223138374853837,0.373860575679044,0.900243042528251,9.46426792250552,7.03295955288542,4.85989897054563,0.930875576036866,432.968114343183,434.079660757123,384.819411586793,5.01387133795435,298.714108910891,0,1029,0.96895241795159,37,0,2,4.89898,4.89898,4.89898
658,442.427051671732,579.974164133739,3.77507598784195,10.7913494706081,15.3028563455272,8.77336855383627,7.46664495085232,79.6373656151804,0.34533786517643,-33.1191364121529,-0.17987440051072,-0.983671120010707,0.00602724628587686,-0.824467580037872,0.147414609777829,-0.546371798586406,-0.536561654898488,0.103247568886303,0.83752106242868,14.6360882707402,4.8107497363402,3.48442417638053,0.894021739130435,410.483866752815,443.006094874431,579.929798795712,3.59450726978998,20.6960486322188,0,298,0.891261802818979,38,0,5,3.426656,3.605551,3
845,436.938461538462,440.641420118343,5.70532544378698,11.7296763453774,15.5236034681902,12.2059141279925,9.93890452909826,44.5622571698361,-47.018719149559,-43.4930879409671,0.48574566897097,0.478379557183383,0.731576478807907,0.150289588300714,-0.870191860760066,0.469232527767775,0.861083146231737,-0.117979340292971,-0.49458739423856,15.0613915398504,9.31152123124537,6.17386395240812,0.671701112877583,577.015909428454,437.299929511278,440.660126879699,5.51374530075188,10.0733727810651,0,206,0.749090247211452,39,2,22,2.560783,3.605551,2
859,442.431897555297,597.844004656577,5.76717112922002,11.7941011246583,13.312633530447,12.3673051944103,8.78319777638611,-82.9356992984921,-10.4111883166834,3.14512664304836,0.12095839026837,-0.976069939905987,0.180711206723899,-0.989694610287214,-0.132637419544733,-0.0539619616485048,-0.076639716806138,0.172321755296414,0.982054767545801,11.0766382197488,9.55938986073053,4.82153519869462,0.775971093044264,544.588590811344,441.947927831368,597.718292247231,6.00866380850304,13.0337601862631,0,270,0.802437153108198,40,0,10,2.359789,3.162278,2
529,449.835538752363,566.831758034027,5.91304347826087,10.0342677008268,13.485834672011,9.54608399486455,6.63850498579158,-14.9515051603082,84.3377080606336,-109.655193205893,-0.0953245089049197,0.0254556698969468,0.995120719748179,-0.992192692261163,-0.0831881727179235,-0.0929160338337705,-0.0804170344241901,0.996208681346409,-0.0331868013593968,11.3667335500509,5.69548247731308,2.75435927789873,0.831761006289308,368.888601834229,449.88972513089,566.993891797557,5.1733202443281,17.3308128544423,0,349,0.857483955926892,41,0,5,2.550011,3,2.236068
649,457.215716486903,529.035439137134,3.6517719568567,10.7419227496608,22.5553916009552,8.25590452191816,6.30952934210525,-72.8421466587374,-11.9348894236462,-9.03053536573529,-0.288628210791334,0.934840905004248,-0.206799995808107,0.953227817793272,0.260333720616066,-0.153567839391172,0.0897244856238788,0.241451519442385,0.966256011851152,31.7966056420276,4.25999746718929,2.48813503243045,0.68172268907563,495.112415527874,458.319828944407,528.955660589692,3.11411208642809,6.84591679506934,0,272,0.732166923860421,42,1,22,2.434854,3.316625,2
427,463.662763466042,375.255269320843,3.50585480093677,9.34278635037763,11.8329743400763,8.84596276366273,6.8301831177076,19.245252598301,-17.1315223593168,2.16766188554109,-0.902226929742507,-0.314987877981295,-0.294566128351936,-0.339895535889946,0.939768332865299,0.0361456114302068,-0.265438489917147,-0.132733256075549,0.954947271215582,8.75120510830645,4.89069107600673,2.91571258883862,0.827519379844961,312.523763499011,463.560154100165,375.412107870116,3.58216840946615,21.2763466042155,0,300,0.877444512527883,44,0,7,2.798499,3.741657,2
933,483.61629153269,609.734190782422,4.78349410503751,12.1234904254075,25.3030531127425,8.77961570180341,8.03971540081837,53.6715263910141,4.75299900832004,-37.1152558927253,-0.590376406713185,-0.80286353600541,0.0828603701977991,0.672051757167493,-0.432123012166319,0.601345273569512,0.44699231993907,-0.410706519194906,-0.794681081318973,40.0152810516416,4.81760324195956,4.03981398288476,0.682017543859649,621.049599799354,483.048894062864,609.33197516492,4.82683352735739,11.048231511254,0,275,0.743496509636735,45,0,15,2.571899,3,2
1406,483.380512091038,430.379089615932,12.5867709815078,13.8993844073707,28.1394599880927,12.937123747984,10.5427276012487,-53.273716112371,-51.7998219258287,-1.42389743636625,0.369805284675994,-0.495657155413517,0.785854971170309,0.812931409304271,0.582156662558142,-0.0153669777684852,-0.449873954783202,0.644528978810531,0.618219880205397,49.489325526342,10.4605731794157,6.94681907963317,0.49023709902371,925.666585539698,484.998732572877,429.318546683566,9.75327418673426,11.7844950213371,0,296,0.655671668075939,46,0,30,2.607326,3.464102,2
748,495.822192513369,692.613636363636,6.11363636363636,11.2624875832874,13.797574383647,10.8940340080513,7.97429559948862,-41.2045170753936,-24.026439555178,-12.4768008242528,-0.687176494671949,0.601673247131885,-0.407158161966755,0.709372483447062,0.6766485376818,-0.197325710897568,-0.156777373681667,0.424424386833339,0.891787415790682,11.898316179517,7.4174985605362,3.97433689425147,0.797441364605544,462.14524690604,495.292086081222,692.819333564735,6.44602568552586,7.70320855614973,0,272,0.862263558989357,47,0,8,2.858494,3.316625,2
644,503.006211180124,386.217391304348,3.50931677018634,10.71426577159,17.9882198837914,8.80425791047954,6.85533068438597,80.2922176978022,3.35086942872248,-14.5251339400216,-0.168334970385531,-0.983995371878417,0.0584503709753689,-0.95664792328139,0.148783968832286,-0.250375880427642,-0.237672229397349,0.098063442425652,0.966382674013212,20.2235034117267,4.84468483464009,2.93722242451773,0.802992518703242,446.973904060549,503.231727729217,386.471514475234,3.22714028888476,25.0481366459627,0,309,0.806849500587877,48,0,7,2.54682,3.605551,2.236068
875,502.926857142857,489.633142857143,8.26971428571429,11.8668779828962,23.686003531081,11.2901459590563,7.60346485799623,26.288621747885,68.4822091096567,-128.4343452465,-0.328854625656318,-0.162448828628256,0.930303720975978,0.378047345261695,0.880074227748127,0.287314389465827,0.86541021482591,-0.446183517995503,0.2280031323121,35.0641727046488,7.96671223604969,3.61329236542398,0.571895424836601,641.746458089688,503.71130873374,490.619723918237,6.44704008494823,8.61028571428571,0,192,0.689381057832714,49,3,18,2.290609,3,2
831,502.56678700361,460.672683513839,6.37184115523466,11.6645359825824,17.27357684607,11.5572735810839,7.43700762232451,-87.7120052065041,-12.675351348906,-123.201195127374,0.0389494817866062,-0.97485124251865,0.219426508946388,0.539814147847317,0.20532014335856,0.816360413368443,-0.840882645588806,0.0866527188902058,0.534235605942271,18.6485285660678,8.34816078925122,3.45681764840705,0.707836456558773,563.499642048714,502.866615853659,460.292073170732,5.74954268292683,7.89410348977136,0,169,0.758562138825679,50,0,14,2.438844,3,2
951,514.8738170347,413.363827549947,3.29968454258675,12.2009589198896,21.6170691834362,9.69857288910715,6.7703551809204,85.0361676370018,-1.24266411561579,-5.92992753133109,0.0865065330640192,0.996015210211966,0.0216868799889974,0.990724709510059,-0.0882959907530088,0.103287792033494,-0.104791076449541,-0.0125506590806239,0.994415059848345,29.2061050050917,5.87889475533276,2.86485682973848,0.904852521408183,557.817180886753,514.421941851733,413.096667739513,2.96330865786933,245.031545741325,0,946,0.838389664829345,51,0,12,3.726195,4.24264,3.162278
702,513.621082621083,657.064102564103,3.87749287749288,11.0267153419443,14.4279622524596,10.0814171110042,8.05078749400109,83.5340340231281,-7.14424706961043,-15.3122105369935,0.111738700425626,0.98592449981402,0.124367775141581,0.954667361893573,-0.141249328037793,0.26202834858854,-0.275907033187553,-0.0894511486530299,0.957012957614627,13.0103809224,6.35218568537802,4.05094870459777,0.824911868390129,455.963480262803,514.279555314534,657.04589208243,3.98739154013015,21.014245014245,0,318,0.837745568861128,52,0,5,2.976694,3.605551,2.44949
539,531.298701298701,593.126159554731,3.01669758812616,10.0971013212818,12.7038320469844,10.7323159557078,5.84012001381704,-63.9711698792514,-6.91800251096183,3.23669263894055,0.43562851355488,-0.89203133034353,0.12044876032371,-0.894155676214386,-0.444234219736527,-0.0560498412903461,-0.103505675552407,0.0832830336901314,0.991135970201772,10.0867092923743,7.19891286082129,2.13168761098665,0.924528301886792,356.006004322018,531.630887927193,592.895996484182,2.65168374727616,303.953617810761,0,939,0.8996756752755,53,0,3,3.406853,3.741657,3.162278
588,531.309523809524,493.484693877551,3.5969387755102,10.3942438513616,12.175977763213,9.69149732278173,7.22600135132948,72.8892515605217,8.93888268894842,-6.0025472167822,-0.290646221507401,-0.944130063906044,0.155380810759368,-0.955278416345238,0.277077099544882,-0.103302604869042,-0.0544786305665318,0.178456446609707,0.982438484321045,9.26590215564103,5.87032002234284,3.26344347058846,0.95609756097561,354.765579862912,531.317273962451,493.404817193676,3.34161314229249,275.374149659864,0,986,0.956740587318729,54,0,2,4.685558,4.89898,4.472136
408,533.995098039216,458.294117647059,4.77941176470588,9.20210491132092,10.9303466047966,7.99822402803291,7.35385584444744,-57.6222173040168,-66.2013846723589,77.4122103696256,0.216086404445132,-0.340789709495453,0.914969420098825,-0.294134251983452,0.870854674690825,0.393823789757898,0.931016491596207,0.35422381268224,-0.0879419291620723,7.46702980631181,3.99822422516269,3.37994973630711,0.85,290.451047633509,534.023725316829,458.336870026525,5.04273504273504,16.6323529411765,0,169,0.915906805388258,55,0,3,3.255943,3.605551,3
926,533.652267818575,513.798056155508,3.88984881209503,12.0930947273208,17.7590051207757,11.9288786350139,8.53631822665363,-89.0112889962916,-5.28070922134725,1.20639207384497,0.0171821695553312,-0.995607488086856,0.0920353340557535,-0.99959605232135,-0.0191890006981857,-0.0209645995854556,-0.0226385784214758,0.0916379392914709,0.995535023416789,19.7113914299836,8.89363409305563,4.55429555416869,0.751013787510138,652.208831011695,534.030810587262,513.760856079404,3.69944168734491,10.4449244060475,0,167,0.704430428355977,56,0,24,2.383173,3,1.414214
448,552.935267857143,546.850446428571,3.02455357142857,9.49350238631697,17.4840342127782,8.07455003768208,6.26759777026719,-81.0799208683839,8.2909655867236,6.47499518883913,-0.153436036251551,0.977580530493412,0.14420017052567,0.984125336966172,0.138002801402057,0.11159098505884,-0.0891891468769061,-0.159033119837989,0.98323637182214,19.1057157720999,4.07489739443948,2.45517386311614,0.703296703296703,362.406192918307,552.25458570525,546.842979127135,2.5853889943074,14.1160714285714,0,175,0.78128086909463,57,0,15,2.244563,3.162278,1
580,551.927586206897,630.646551724138,4.76206896551724,10.3468890085011,11.1075689271063,9.48454764037059,8.40079343980546,-65.6961762529814,-37.2319746578459,-138.382059106442,0.327693027636984,-0.725630485068283,0.605043534613564,-0.515945782201731,-0.673922205308322,-0.528799405276341,0.791465242108806,-0.138885781604655,-0.595225596057254,7.71113046690107,5.62229024640371,4.4108331511424,0.877458396369138,362.03257910473,552.058776542635,630.642215269919,5.13392797710178,25.901724137931,0,246,0.929013017233621,58,0,4,3.422501,3.605551,3.162278
734,558.032697547684,453.092643051771,3.14850136239782,11.1917795194122,21.4610398037527,8.10341591889254,6.27420035504688,51.6323967369506,-0.987365800173068,-14.765524149701,0.620612394752538,0.783928131926747,0.0172319312139281,0.755426972211773,-0.603650346378111,0.254826115169815,-0.210167421677275,0.145130779958726,0.966833342191972,28.7860143411412,4.10408434716007,2.4603493809544,0.910669975186104,476.51781496559,558.388544033396,453.134638590236,2.92415232587213,125.322888283379,0,554,0.825788865417429,59,0,9,3.611257,4,3.162278
944,554.906779661017,912.14406779661,4.56885593220339,12.170949412751,23.1852415718229,9.00650073180047,6.57943805991381,16.4291236254794,-9.54658975617901,-55.3833134991773,0.945886850720578,0.27891216246123,0.165849544060597,0.0297539538828721,-0.583491944584947,0.811573689095952,-0.323129645594835,0.762722201221177,0.560216097503525,33.5972141714867,5.06981596449515,2.70556282401515,0.878957169459963,565.163218623498,554.865491856234,912.131813390459,4.62338059777619,124.614406779661,0,747,0.823426609889137,60,0,16,3.214628,3.605551,2.828427
534,561.917602996255,600.865168539326,4.44756554307116,10.0657825676096,9.88679221489797,9.13717670419138,8.97341062173309,-26.546911394225,-27.0995135334978,55.9081109948617,0.796360001148384,-0.397864892033504,0.455537348916764,-0.086960550455904,0.670029095331364,0.737223761197264,0.59853872993763,0.626709293928695,-0.498985821109223,6.10929126878544,5.21799988272611,5.03263113663952,0.873977086743044,340.68865585182,561.780440830302,600.898138240959,4.53295527498395,17.501872659176,0,265,0.934302024072068,61,0,3,4,4,4
477,566.721174004193,442.687631027254,2.93291404612159,9.69407969146196,18.5015724934762,8.11124087232223,5.6061746311292,54.4210178338587,-4.97883031343757,-28.9893213155122,0.579629338993678,0.810245475823108,0.0867876620605611,0.686941817264746,-0.543136969708495,0.482817948950618,-0.438338646563088,0.22023737431249,0.871409622327629,21.3942615457098,4.11201428055192,1.96432462466979,0.773095623987034,375.166025587433,566.983095723014,442.721520706042,2.80386965376782,30.8805031446541,0,280,0.786936231737575,62,0,10,2.44765,3.316625,2
1944,571.636316872428,363.772119341564,4.13837448559671,15.4845722489058,76.2283913442856,10.4634030391195,6.54158742501728,-75.4369753136893,-4.7362364412216,9.83205841944972,0.250586211422473,-0.964566712124042,0.0825688107407821,-0.950110781706504,-0.261398234294401,-0.170177747055324,-0.185731131289259,0.0358053204144954,0.981948026068604,363.172977933597,6.84267519744093,2.67452287744651,0.463298379408961,1403.06626836643,585.066202991611,360.377034315536,2.5860642249283,153.171810699588,0,1445,0.536871208980924,63,1,70,2.568208,3.162278,2
816,565.598039215686,530.518382352941,6.29656862745098,11.5939256811142,17.98825040122,11.701835075728,6.95658327102893,-81.00687134038,-43.1851227163128,36.6451353110437,0.113977250367158,-0.720183023354099,0.68435780062135,-0.728634925061385,-0.528862385823918,-0.43519618890958,0.675352006274899,-0.449044529788732,-0.58502878381092,20.2235720310621,8.55830900872114,3.02462817542248,0.70894874022589,540.474775936268,565.83899963755,530.248568321856,5.58035520115984,16.905637254902,0,410,0.781331739721486,64,1,12,2.582359,3.316625,2
1516,573.47691292876,514.139182058047,8.22691292875989,14.2528000648902,23.9694849880449,14.8779974926271,9.80016280485183,35.4766409225718,-34.8585196439659,-28.3423406495659,0.668229626173047,0.476232637101912,0.571551959198451,0.289835472456441,-0.874209792642296,0.389554408721382,0.685174843095235,-0.0946557647862637,-0.722201994307788,35.9085131620069,13.8346755869136,6.00269943760008,0.540656205420827,989.558500018328,573.168366137064,514.0329618212,8.48399336020868,8.34498680738786,0,558,0.644924365505129,65,5,37,2.447597,3.605551,2
740,576.968918918919,580.172972972973,4.39864864864865,11.2221921132714,13.4205295249931,11.1799082120177,7.61452925070023,55.3770816026661,-8.67995365267664,-22.0487660939214,0.56166552772393,0.813484178845511,0.150914961931023,0.730536842578156,-0.57323956469921,0.37109611032642,-0.388391241665589,0.0981829528558946,0.916249066120102,11.2569132957008,7.81189672682131,3.62381598186059,0.871613663133098,450.098891116723,577.08042776688,580.049484275138,4.46168449028665,21.3554054054054,0,278,0.879017108617576,66,0,1,3.162278,3.162278,3.162278
614,577.055374592834,430.99674267101,3.66449511400651,10.5452427829084,12.8965113500642,9.92674251260438,7.16576320149875,32.6760549479079,1.72955013679246,-25.5083159663096,-0.841353013183975,-0.539642630406091,0.0301817602972582,-0.498202256433332,0.752669139909439,-0.43044590544309,-0.209570081096951,0.377193580640472,0.90211162492933,10.395000312646,6.15876355697169,3.2092601412471,0.921921921921922,381.791258303357,577.058225718731,430.851144024386,3.53512388854458,257.534201954397,0,843,0.91503363499987,67,0,1,4.472136,4.472136,4.472136
358,580.019553072626,530.396648044693,4.09217877094972,8.80970707217934,9.64925355580376,8.60175550973866,6.37443540259526,-1.57894765025615,-29.8756425094724,124.919320114213,0.866779351751345,-0.0238926111376789,0.498119160955028,-0.42405488490753,-0.560950829399802,0.710993404738564,-0.262432867536784,0.827504265927794,0.496352374737669,5.81925588651197,4.62438736558246,2.53958916886624,0.913265306122449,256.649729536037,579.972014163149,530.407735258069,4.2224567615416,41.0223463687151,0,400,0.950018358840208,68,0,2,3.081139,3.162278,3
1812,597.031456953642,773.576710816777,4.73565121412804,15.1258523592634,41.6366615864695,9.49836636669517,6.78533095193041,-52.2347955303288,-2.21931621613449,-92.6917448423661,0.611967711628213,-0.789934122766443,0.0387246899760293,0.0134352704061748,0.0593402650170424,0.998147397159768,0.79076862193289,0.610313701826297,-0.0469273047323227,108.350724254137,5.63868522724787,2.87754475795156,0.868648130393097,1006.39025846154,598.258018520883,772.634723311626,4.74493959127585,363.05298013245,0,1558,0.714205454139114,69,0,23,3.267626,3.605551,2.236068
751,589.688415446072,452.69241011984,5.52596537949401,11.2775243001875,16.0842515010585,10.6872657140243,7.87932935514561,88.0809526250868,28.1711053834847,-11.7460518959352,-0.0295205671143617,-0.881047227603379,0.472106258007292,-0.98172881943001,-0.0632686016063133,-0.179459213057843,-0.187981544886208,0.468778057062383,0.863081729617197,16.1689466468315,7.1386030276349,3.88023944292871,0.742094861660079,500.043247746286,589.533385193829,453.426422922339,5.93400751977181,10.2703062583222,0,346,0.799042443197243,70,0,14,2.8211,3.162278,2
753,605.420982735724,566.589641434263,6.8074369189907,11.2875265442777,17.3622862191703,8.88743314544314,7.68411221249259,-67.6320447375759,-44.6851445067703,114.368477267285,0.2705664303668,-0.657486852456867,0.703210385023522,-0.625326565546725,0.435347895356456,0.647641024357045,0.731956619739247,0.614966055042932,0.293353469324683,18.8405614222744,4.93665424467008,3.69034878088611,0.794303797468354,476.711693254759,605.465331886774,566.587533287306,6.89288884505375,13.464807436919,0,261,0.839637133115544,71,0,9,3.052027,3.162278,2.828427
510,611.025490196078,501.335294117647,3.63725490196078,9.91266702113128,15.2757516470134,8.44219255647983,6.60359587675172,56.8999315829446,-2.59442704476913,-48.6584006838411,-0.545543193437537,-0.836859384536315,-0.0452658216259668,-0.534792860591535,0.389196397939479,-0.750015173240687,-0.645274530997696,0.384957834501955,0.659869869975337,14.584286773827,4.45441344754272,2.72546740646577,0.831973898858075,368.434625795824,611.081901087338,501.315327955103,3.7055419151175,11.1803921568627,0,346,0.837858094573275,72,0,5,2.502797,3,2
590,641.572881355932,356.505084745763,3.20338983050847,10.4060153720115,16.3965332276213,11.7789971718904,6.47293846396824,45.2457462187385,4.09794539277885,-6.60447162599895,-0.702267391702323,-0.708317541331518,0.0714616763985355,-0.711207345213533,0.693558426060218,-0.114720624803006,-0.0316957830938881,0.131388623110779,0.990824105001044,16.8028938677805,8.67154839846269,2.61868327239497,0.691676436107855,463.133005995132,642.033301158301,357.30888030888,2.8863416988417,7.02372881355932,0,344,0.73453596685064,73,1,16,2.291112,2.828427,2
