Volume,Centroid_1,Centroid_2,Centroid_3,EquivDiameter,PrincipalAxisLength_1,PrincipalAxisLength_2,PrincipalAxisLength_3,Orientation_1,Orientation_2,Orientation_3,EigenVectors_1,EigenVectors_2,EigenVectors_3,EigenVectors_4,EigenVectors_5,EigenVectors_6,EigenVectors_7,EigenVectors_8,EigenVectors_9,EigenValues_1,EigenValues_2,EigenValues_3,Solidity,SurfaceArea,WeightedCentroid_1,WeightedCentroid_2,WeightedCentroid_3,MeanIntensity,MinIntensity,MaxIntensity,sphericity,id,nb_branch_pt,SkeletonSize,MeanWidth,MaxWidth,MinWidth,channel_2_MaxIntensity,channel_2_MeanIntensity,channel_2_MinIntensity,channel_2_WeightedCentroid_1,channel_2_WeightedCentroid_2,channel_2_WeightedCentroid_3,channel_2_Ratio_MaxIntensity,channel_2_Ratio_MeanIntensity,channel_2_Ratio_MinIntensity,channel_2_Ratio_WeightedCentroid_1,channel_2_Ratio_WeightedCentroid_2,channel_2_Ratio_WeightedCentroid_3
369,27.4607046070461,883.734417344173,3.44986449864499,8.89902816477149,13.9735530116666,7.47049951654678,5.32909282338127,79.1404879207507,2.72869142719788,-70.2100803622572,-0.188187880120476,-0.980978556733393,0.0476066487481479,0.340948705618417,-0.019794711721025,0.939873475274735,-0.921053365399034,0.193104222162929,0.338188493994049,12.203761485616,3.48802268917036,1.77495189501336,0.908866995073892,283.075488856295,27.4232137924311,883.674200939211,3.26775645504623,166.777777777778,0,734,0.878886450740679,1,0,5,2.745481,3,2.44949,167,9.29810298102981,0,26.8280384727485,883.244535120956,2.61993587875255,109,1.19847512787179,0.00136054421768707,25.4064160326504,882.285251153817,2.024983458142
1272,44.1768867924528,267.785377358491,4.68160377358491,13.4429988970573,37.3665052059816,8.51325656090749,6.65173525070924,-1.22873957056824,8.08049936698273,100.932745478882,-0.989843892141179,0.0212310027203904,0.140564268981448,0.133914380500277,-0.192572546658211,0.972102233805065,-0.0477075244173197,-0.981053035669865,-0.187773622527001,87.2659819567904,4.52972107948968,2.7653488653455,0.717023675310034,839.862207823246,44.2887717681008,267.536293861846,4.5390833851025,196.151729559748,0,812,0.675980486571657,2,0,28,2.873397,3,2.236068,283,32.7405660377358,0,44.256231090621,270.023027421601,3.89744513278586,117,2.03949428906822,0.00130208333333333,44.1135007897199,269.087028064786,4.861770181115
2548,73.1707221350078,281.877551020408,6.12362637362637,16.9459895315659,76.4720948813115,8.64720863972411,6.97732324618098,39.4644674638212,-6.15326362076623,92.9008144821487,0.767571094724492,0.631937705935132,0.10718838724828,0.0504795522187364,0.107111261491051,-0.992964748855463,0.63897294884153,-0.767581861093159,-0.050315575814266,365.498830971019,4.67338857868245,3.04268998010606,0.566978193146417,1596.98329726727,69.7059831726702,277.662530515741,5.57811260555535,178.607927786499,0,888,0.564915337924142,3,3,55,2.730652,3.162278,2.236068,251,22.0388540031397,0,69.7526667260262,277.648383937316,5.01146825750156,111,1.82784195798742,0.00112485939257593,77.3448444740743,287.028190985803,6.34479640971254
1536,64.494140625,114.511067708333,4.716796875,14.3152036630344,44.802753034519,8.69238033477504,5.82606109879952,-1.81307296630427,4.93236955177139,103.893208057673,-0.995798101823812,0.031521649674067,0.0859797999876552,0.0758257826514924,-0.242633478245129,0.96715016720257,-0.0513477466825996,-0.969605786305185,-0.239223803318407,125.455417467006,4.722342242774,2.12143674543406,0.871736662883087,955.114409208079,64.4984870442293,115.356566769076,4.60440167719746,168.466796875,0,905,0.674046003274281,4,0,39,2.902734,3,2,445,31.0234375,0,64.4064257533787,117.550260219928,3.9171493326618,446,2.81376333225718,0.00152905198776758,64.3249510480666,113.654049724325,4.07811479470399
1114,119.152603231598,365.128366247756,4.49551166965889,12.8616155208139,40.2898756863099,7.82935887376191,5.41729057835914,25.4033309081376,-4.33184829010713,101.576738907444,0.900729870158915,0.427762160195263,0.075533008073203,-0.0192475959572707,0.213020067824694,-0.976858219371587,0.433953028625645,-0.878431548277408,-0.200106931258228,101.454630176144,3.83117877338465,1.83418982564868,0.776847977684798,775.789789302853,119.056016990138,364.939987804109,4.48699455390374,85.3806104129264,0,705,0.669879764736142,5,0,26,2.42758,2.828427,2,217,14.0852782764811,0,118.316614619846,363.289146644573,3.94276974061564,139,2.80071417944046,0.00207900207900208,118.9443633287,365.064843525025,4.35478221081494
443,121.343115124153,920.625282167043,4.12415349887133,9.45805208458879,18.0343453881228,7.1856079008356,4.9991813954943,11.0155913997435,-7.57540835968694,93.1262819966854,0.97300824548729,0.189408438550558,0.131830943331171,0.118788718478449,0.0786842696966007,-0.989796962040479,0.1978489185616,-0.97874063423777,-0.0540608575205133,20.3273508486317,3.22706005653444,1.56198841406602,0.865234375,343.060945234636,121.319106558543,920.626518708209,4.16053492673211,79.334085778781,0,520,0.819185007586735,6,0,9,2.413483,3,2,70,2.77426636568849,0,121.212367778682,919.878763222132,3.58340113913751,58,1.11401357628851,0.00191938579654511,121.037468817994,918.939475996052,3.52967362036312
934,191.051391862955,807.860813704497,3.41755888650964,12.1278202437847,37.3611748189276,7.62571513619501,5.52560027225227,45.525912157558,-5.65068431614064,-52.2410388517487,0.69718225434456,0.710099917662306,0.0984632477781608,0.382409739342247,-0.484545117721319,0.786752070317345,-0.606382466338888,0.510856277076458,0.609365381924793,87.2410864906545,3.63447070864961,1.90826614804465,0.820017559262511,682.395363867632,190.977906654252,807.657030646407,3.20409477208344,216.184154175589,0,850,0.677141307375704,7,0,20,2.659883,3.162278,2.236068,148,9.19379014989293,0,190.252008850588,806.509724001397,2.93571678118085,111,0.658916436737054,0.00117508813160987,192.078664899021,808.41214615387,4.50462516790117
1044,204.391762452107,330.468390804598,3.84291187739464,12.5863737950964,38.8723217965822,7.38412370779661,5.49704681292833,-68.1260428760319,-4.16364530320422,-97.8643021915952,0.371582714949667,-0.925556451624541,0.0726053772583197,0.100180710053215,0.117721739274085,0.987980474217744,0.922978933282807,0.359842808679669,-0.136466266006142,94.441087616065,3.40783018325273,1.88859522897035,0.803076923076923,744.231928791076,205.862982228002,329.845795405288,3.56421759861292,132.586206896552,0,693,0.668717710855458,8,0,22,2.454005,3,2,252,27.8113026819923,0,205.706871017737,329.942035474427,3.1824694334424,167,3.07430387714703,0.00178890876565295,203.272697378373,330.628848975303,3.54829846884056
539,222.009276437848,541.673469387755,2.24860853432282,10.0971013212818,32.9334841545181,6.1173067387448,4.25648557769792,-0.824150043957086,0.689316138955588,-0.569275370687689,-0.99982418800947,0.01438259484354,0.0120305459880927,0.0142634079013631,0.999848915591191,-0.00993484706275125,0.0121716172403006,0.00976150381280927,0.999878274980044,67.7883986597435,2.33884010849328,1.1323543420719,0.821646341463415,478.093359266795,222.068381374723,542.37344789357,1.97881374722838,167.34693877551,0,888,0.669931794977747,9,0,27,2.279432,2.828427,2,1048,349.985157699443,0,221.901442944837,542.654308160431,2.01146086237423,610,26.1421447661022,0.00294985250737463,221.81096334913,542.325265744231,2.60336741533337
866,235.281755196305,655.43648960739,2.47575057736721,11.8260512451065,53.890371278826,6.13944907309529,4.63804713859877,27.2915780588923,-1.54921261935608,-17.8025101699049,0.888359801347801,0.458351329763182,0.0270355664564049,0.42921754430911,-0.849920877728747,0.305625262794248,-0.163061837983487,0.259901058299343,0.951767974292226,181.510757285607,2.35580218257071,1.34446757874152,0.672882672882673,748.075712011386,234.497606246998,653.649313894096,2.09528531366686,223.590069284065,0,980,0.587332226903432,10,0,36,2.33828,2.828427,2,755,40.4284064665127,0,236.205249778641,657.259061437834,2.16691896832424,756,3.2311262836297,0.00110253583241455,237.821965520788,661.594600450835,2.18531056403351
372,253.822580645161,743.817204301075,3.41935483870968,8.92307970921092,9.72438038568198,8.64380792979898,6.63553275160576,54.3610795148108,12.8976938006648,-5.97249770667285,-0.567974377573162,-0.792200737850202,0.223210880939917,-0.821826567061716,0.560637033628934,-0.101425885233033,0.0447906250451372,0.241047936048712,0.969479083031048,5.91022336783978,4.66971347045348,2.75189343110204,0.914004914004914,263.061538523137,253.989398863947,743.835029312597,3.11910330791896,88.497311827957,0,626,0.950872006360029,11,0,2,3.239451,3.316625,3.162278,242,27.994623655914,0,253.843479930862,743.504897253697,2.75129633186096,243,6.19666578186792,0.0023094688221709,253.383944333037,743.253452724687,3.18253606616588
3079,255.379019162066,309.19844105229,15.3384215654433,18.0497152753274,60.6732125326375,11.7112714610288,8.72446434111638,-14.9132797330842,-26.4597492618553,58.5196232160782,0.865092486722812,-0.230398028554212,0.445569004593086,-0.23279696010755,0.602409679569952,0.76348421943424,0.444320340273124,0.76421157175141,-0.467504127062869,230.077419939412,8.57211745211927,4.75726737746324,0.57347737008754,1670.81776925538,255.337824930843,309.113047426137,15.4917466794232,399.890224098733,0,1752,0.612578145000985,12,0,47,3.071254,3.605551,2,436,40.0090938616434,0,256.632163847128,307.355123875702,15.4405623924408,266,0.775954172607454,0.000570450656018254,257.69845524195,305.559316311896,15.9599754462723
1952,252.74231557377,400.695696721311,11.155737704918,15.5057840182306,59.552538090078,12.0182145393408,10.2422809536732,27.2289519999109,18.1069791597237,13.1195808866732,-0.845150945419669,-0.434888586057457,0.310792208996921,0.382877112780005,-0.898253803365072,-0.21574341530955,0.372994632622894,-0.0633405277616735,0.925668937351462,221.656549560637,9.02734254460144,6.55651994587348,0.371385083713851,1280.09042339393,253.816538454705,403.527639597065,10.1529260752927,115.342213114754,0,658,0.590060692766156,13,1,34,2.445234,3,2,602,64.3878073770492,0,255.082643115726,405.926403309862,8.68405139833711,284,8.36906103944029,0.00171232876712329,253.783713596721,401.759489662997,10.4880040970434
793,281.955863808323,315.015132408575,2.89407313997478,11.4839560478955,38.2810737990642,6.65747029173145,5.06805298851472,-80.6988230360718,0.925869203536781,-122.04098722094,-0.161602991099903,0.986723551788071,0.0161587627712851,-0.525764457518811,-0.0722285570117118,-0.847558122350294,-0.835138436714247,-0.145463630845445,0.530456523782812,91.5900382005876,2.77011941783042,1.60532256839955,0.798590130916415,645.111249785732,282.269131845068,314.909040259492,2.56199961839344,165.226986128625,0,801,0.642241404594449,14,0,37,2.185946,2.828427,2,465,64.7831021437579,0,281.822319117046,314.749635022288,2.35384345862613,193,4.91460340086896,0.00161290322580645,281.90737600253,314.776089598622,2.54828551742253
518,269.399613899614,471.878378378378,3.67953667953668,9.96422928569791,19.6348156909421,7.65385736828086,5.45091085834361,-2.26531996483183,6.10450702049493,109.036387119572,-0.993552516571264,0.0393028574726827,0.106342287963871,0.0875555775514192,-0.329887178441679,0.939951312749456,-0.0720237298016872,-0.943201852677501,-0.324319051939882,24.095374201079,3.6613457883742,1.85702682410051,0.831460674157303,395.46162796617,269.401368417469,471.958658133914,3.4844436123498,113.42471042471,0,525,0.788738332221694,15,0,9,2.646061,3,2.236068,186,22.2857142857143,0,269.406185031185,472.553880803881,3.24982674982675,87,2.58586754655325,0.00204081632653061,269.149889118245,471.854622332599,4.27477374606036
830,277.666265060241,497.346987951807,3.26987951807229,11.6598551891494,33.3765081553596,7.18332742559949,6.02102558482811,20.2344625303459,-1.53102394034691,86.2581017976702,0.937950197776855,0.345739154190052,0.0267182288018008,0.0475875703444544,-0.052013255954112,-0.997511926923064,0.34348922783556,-0.936887964734845,0.0652387300300289,69.6244560402993,3.22501205646061,2.26579681832216,0.668276972624799,642.28867970648,277.76189407193,497.605904847425,3.10690343855955,155.640963855422,0,717,0.664975919101526,16,0,25,2.426604,3.162278,2,371,75.244578313253,0,277.878532656558,497.87734776552,3.05487326469505,240,4.45633520779608,0.00172117039586919,278.07480886206,497.172983367683,3.46137099000906
1935,281.381912144703,561.912661498708,4.4702842377261,15.4606393324786,54.5819023538808,10.0515321059106,6.48688492222181,22.3467369086548,1.97015822172671,-59.7359219689291,-0.924353145784377,-0.379985984167376,0.0343789719868986,0.219084503835428,-0.454846994434175,0.8632011305793,-0.312367159057589,0.805434580515729,0.503688290961525,186.199004035536,6.31458110475949,2.62997974963429,0.664491758241758,1232.01253625461,281.580418446475,562.172340950134,4.16301153515523,232.655813953488,0,960,0.609522362294081,17,0,44,2.649663,3,2.236068,376,40.677519379845,0,281.853616394151,562.426153904791,3.76609368449137,229,2.05831035095766,0.00118906064209275,280.082624151454,559.044919834692,4.13989440935745
3980,283.90175879397,416.029899497487,8.37286432160804,19.6620207422605,54.1056143991397,19.1562523498819,10.5572942678764,8.46305659675454,7.58898211780644,-31.9713539353396,-0.980447295088632,-0.14588259540501,0.132065778728951,-0.194014383831788,0.82878417190679,-0.524857328483797,0.0328864777645434,0.540217608704746,0.840882521417569,182.963594344275,22.9351252557722,6.96602889115848,0.480328264542602,2357.67661153853,284.783041805525,419.651949860278,7.47025156352943,235.302261306533,0,1154,0.515136042588106,18,3,82,2.722031,3.605551,2,1104,82.6535175879397,0,289.521511668556,415.712680226531,4.60695340785078,912,2.38870292813752,0.00113250283125708,287.6410918892,411.264637762849,6.74627692993089
1249,287.686949559648,524.353883106485,5.22097678142514,13.3614812125803,18.3078526297399,10.4625428253466,9.7504846244443,-3.31080407857495,-12.1012506163463,-169.481795153258,0.976146693961366,-0.0564689470146134,0.209639905293232,-0.0185764086917291,-0.983766085947921,-0.178491470885378,-0.216315854500803,-0.170339502646241,0.961349002667511,20.9485917445172,6.84155014826321,5.94199690072029,0.871598046057223,622.398562946214,287.473708555425,524.179897009667,5.03887975426868,221.557245796637,0,718,0.90113633664957,19,0,5,4.073864,4.123106,4,1260,504.098478783026,3,287.886742617361,523.974093856761,4.56713504516223,679,9.661519776902,0.0186046511627907,288.188748435372,523.739806300061,5.50531059885418
1380,301.157246376812,565.326811594203,5.51376811594203,13.8131741755527,38.2965951552613,9.73716908039511,5.9445559549285,-20.4220374210052,-7.99607353710848,-81.2147472596607,0.92803652784976,-0.345540063926114,0.139105237854286,-0.182125708159077,-0.0951630948714767,0.978659395194281,0.324928345030277,0.933566307016497,0.151246556983839,91.6643250303737,5.92577885626266,2.20860909382975,0.712441920495612,879.750704183796,301.414500967965,564.669168182167,5.31856190686781,160.578985507246,0,703,0.681360927818322,20,3,28,2.65326,3,2,355,47.4282608695652,0,301.715038731265,563.755129791753,4.94429420482498,339,4.24622861999023,0.00142045454545455,301.003179693934,565.421062952038,5.3587508271709
1203,302.827930174564,475.501246882793,4.89858686616791,13.1953931706199,36.9452592870258,9.11752996557013,6.29649970818859,2.57995365361962,6.17746912645204,-77.2082613258178,-0.993185622289263,-0.0447520936088171,0.107608409501839,0.114797678129169,-0.21645985723676,0.96951875861233,0.0200950932826805,-0.975265287151485,-0.220122254448048,85.3095114865978,5.19558454206685,2.47786928595119,0.698606271777004,804.210036180762,302.906606523431,475.29071868529,4.77280101293871,126.049875311721,0,620,0.680181873637892,21,0,29,2.484479,3,2,310,32.6666666666667,0,303.031375642526,475.967631940557,4.60130286528577,277,4.30912537872825,0.00196078431372549,303.376277540245,478.187451023911,4.26761190226157
608,302.597039473684,449.692434210526,4.87664473684211,10.5107809594231,22.5802711035204,8.0408415329054,5.20021443987193,5.46341317399035,0.614358644565931,-76.2771834355967,-0.995399973567468,-0.0952046389727103,0.0107223756677259,0.0329552042861009,-0.235155618159784,0.97139888293036,-0.0899602530695935,0.96728378047291,0.23721138442682,31.8667901942799,4.04094578483103,1.69013938879078,0.797900262467192,448.18006425505,302.597410120097,449.893894731422,5.00257443330287,127.774671052632,0,590,0.774403504138404,22,0,13,2.562536,2.828427,2,269,36.65625,0,302.657917171445,449.570467088437,4.6666217974604,141,3.51561471624486,0.00202020202020202,302.670093148061,449.270485198425,4.34240876720974
724,312.544198895028,464.019337016575,3.20580110497238,11.1407214210431,33.9079130717747,6.50210287581927,5.21699008018756,-1.3384901499732,-1.02867459392821,77.7779473366006,-0.999566022424566,0.0233551707110791,-0.0179527940830876,-0.0125959877329655,0.212053069006258,0.97717697323364,0.0266290801073633,0.976979033514068,-0.211666861285729,71.8591605551892,2.64233386298357,1.70106159354845,0.784398699891658,580.649450744647,312.621485712692,462.540106989169,3.03506092245029,198.03729281768,0,649,0.671525459029698,23,0,28,2.351302,3,2,1212,450.559392265193,5,312.575926181389,463.062518968134,2.82561579374933,719,17.3844444450536,0.0319148936170213,312.401142896298,468.437729358577,3.04361042375062
669,318.862481315396,456.194319880419,2.46487294469357,10.851151620609,41.3282430172202,5.85629928531944,4.61105419434422,1.6075136947461,-1.68576907764812,-12.6533842266319,-0.999173812852738,-0.0280405847815862,-0.0294179760423408,-0.0209298686943186,0.975509864714867,-0.218957631610363,-0.0348372258619947,0.218161017253513,0.975290796760204,106.75147943065,2.14351508245208,1.32886379894871,0.723243243243243,600.681836092367,318.874663089671,455.904969348995,2.29226265842621,238.472346786248,0,964,0.615824604687316,24,0,33,2.197187,2.828427,2,772,113.644245142003,0,318.394893986426,458.577958120692,2.30517704003788,367,2.33951250290202,0.00161030595813205,318.137351679135,460.569694529638,2.61124360133123
618,329.752427184466,436.313915857605,2.42718446601942,10.5680927845456,39.2358325205475,6.02703297063472,4.78295069033025,1.4519922271437,0.990097177256124,-11.2093189802572,-0.999529652142227,-0.0253355493918006,0.0172795956392389,-0.0282139175329081,0.980523467592135,-0.194364874291995,0.0120187081621206,0.194760980276113,0.980777095580847,96.2156595987782,2.27032040181986,1.42978858163316,0.693602693602694,554.905830864209,329.803085217912,436.217590235136,2.18072487644152,216.084142394822,0,769,0.632300928486603,25,0,33,2.231871,3,2,815,111.626213592233,0,329.816293397115,436.272146118721,2.08484453141987,211,3.90241765117297,0.00255102040816327,330.065151544821,438.55280966501,2.66002074255463
1531,328.435662965382,357.947093403005,6.57544088830829,14.2996537880291,43.7630185813485,9.63090162747701,5.90773236796653,4.89339802611362,6.46728368605388,-88.4108237754681,-0.990014660136416,-0.0847592832850051,0.112635858464299,0.114547817280346,-0.018027337258179,0.993254153108704,0.0821569855294481,-0.99623836455358,-0.0275563190633645,119.700112209466,5.79714163488372,2.18133135821998,0.728700618752975,947.995190295205,328.524114109036,358.132012850552,6.43894296963695,135.202482037884,0,734,0.677633369552588,26,0,36,2.889046,3,2,326,29.8138471587198,0,328.44791324351,358.435863730967,6.24283054003724,254,3.33589191829923,0.00148148148148148,327.87944515689,357.315248484963,6.53081104457391
1568,332.650510204082,507.110331632653,5.04272959183673,14.4139323253827,34.2984333701267,10.6241967566613,6.44714196808093,2.55889919555426,-0.191369864153501,-84.3402110649564,-0.998997281298032,-0.0446461215789672,-0.00334002800843479,0.00108265547088022,-0.0986714331620683,0.99511947832151,-0.0447577905651343,0.994118037310308,0.0986208298384677,73.5239082278139,7.05459729526583,2.59785247228691,0.886877828054299,871.661217552437,332.645352722607,507.603847558965,4.93491539469112,286.293367346939,0,1172,0.748802191059395,27,0,20,2.991421,3,2.828427,193,16.7123724489796,0,332.63400114482,507.393856134326,5.00167906887998,93,0.370253232937838,0.000911577028258888,332.519698620453,509.64826394865,5.72253552231859
1527,295.821872953504,506.290111329404,19.9181401440733,14.2871894942534,48.5903870291272,10.8765544889913,6.682590321147,53.2729077380309,18.3969836938397,-75.8690970490339,-0.567441775745611,-0.760530768395271,0.315599083431441,0.378693668616946,0.0993006867582134,0.920179590601088,0.731164096826496,-0.641663715612349,-0.231660828752831,147.564106977523,7.39371484699984,2.79106333751798,0.371442471418146,49.0830785731656,295.93978900395,506.442823838315,20.1438646893637,222.476751800917,0,890,13.0650684057082,29,0,28,2.367111,3,1,540,42.079240340537,0,302.065146681192,511.720364173994,17.3249241304179,151,1.35489256391604,0.00125786163522013,296.300426394108,506.716631367882,18.8908110802877
1789,355.449972051425,573.869759642258,5.92342090553382,15.0615813818771,48.4292678140284,14.7225193013759,8.76864856515308,37.0018219013887,2.31238776777901,-77.0045566833275,-0.797966055694893,-0.601350336323749,0.0403478247499151,0.16673514999658,-0.15592669355261,0.973594502857,-0.579180078830716,0.783622765902743,0.224690447159156,146.58712381268,13.5470359112116,4.80557485369758,0.277407349976741,22.2542260941465,356.644160022859,575.129435460077,5.35582134238568,359.954164337619,0,1208,32.0242171669642,30,6,76,1.956375,3.162278,1,726,73.4276131917272,0,350.019746958786,567.642073050045,4.35724943286491,446,1.60673159427073,0.000904977375565611,344.413037301715,560.063799175364,6.25091964624287
3848,331.330041580042,542.600051975052,8.64163201663202,19.4422033123279,79.1498238689776,14.1279647051339,7.80703597670688,40.3617312381622,7.66163515462031,-84.8524527319913,-0.755168678506294,-0.641829690255109,0.133322600147493,0.159282460802919,0.0176283008784043,0.987075650945107,0.63588471021375,-0.766644566742092,-0.0889198718015531,391.543413655636,12.4749616693443,3.80936317134966,0.510480233483683,2260.34388539123,333.436433244046,545.010872759621,7.94310305076494,262.629677754678,0,1223,0.525371265952822,31,8,71,2.603827,3.316625,1.414214,1063,94.3711018711019,0,336.303833232362,548.564586660792,6.01607919810541,197,1.51151618945696,0.00114025085518814,329.510309553429,540.432957313612,8.77010263381202
1041,347.906820365034,264.09414024976,3.0864553314121,12.574306315219,48.0297819944087,6.26580119896146,5.45315614888143,-41.921566214033,0.490889948539855,-91.1075406878411,-0.744032811839622,0.668088146988392,0.00856754104997777,-0.0192875430130068,-0.00865894543977002,-0.99977648169398,0.667864631187,0.744031753702413,-0.0193283183946366,144.178747401902,2.45376654155667,1.85855699900522,0.806351665375678,783.927828897075,346.858489654644,265.267713361516,2.66130660297219,288.36023054755,0,1127,0.633638945120239,40,0,27,2.58887,2.828427,2.236068,366,59.0192122958694,0,346.950633962141,265.135223555071,2.53557186803171,109,1.30768040536674,0.00139275766016713,350.764459273742,261.155831015763,3.76560851164106
3221,347.926420366346,163.864327848494,13.1207699472214,18.3230331574269,90.7212884237894,9.70095589761615,9.01605590458225,-11.5993701385484,18.7838453791357,59.8829240010965,-0.927405248475776,0.190358333204138,0.321998773412768,-0.373730450049167,-0.435518024918048,-0.818931987821657,0.0156542583865192,0.879822570153338,-0.475044407653792,514.397010829524,5.88178408296837,5.08057900465959,0.483415878733303,2045.77308111672,348.356756345869,161.550792581711,14.0173878302866,175.62340887923,0,1071,0.515569417452353,41,3,86,2.662442,3.316625,2,346,42.1496429680224,0,347.284339000029,166.087688930792,12.0483927992693,181,3.31085368107275,0.00136239782016349,346.52159126117,167.2832073992,11.5300467084403
1388,359.556916426513,278.062680115274,3.10446685878963,13.8398148860564,76.7905868200089,7.9867395772446,6.45837392166883,-75.5046940878805,-1.95982772862678,18.0204246746608,0.250154272303737,-0.96760182084741,0.0341987768928062,-0.918027837939859,-0.248265339168105,-0.309175047724123,-0.307648710082873,-0.0459460298668108,0.950390042837057,368.549639010083,3.98675056717029,2.60691210700575,0.431592039800995,1131.30336531027,356.401729378472,278.433378751354,2.94743737553716,206.21757925072,0,996,0.531901672858506,43,0,58,2.227419,2.828427,2,551,80.7528818443804,0,366.12171120132,276.159691305706,2.72041754025962,502,4.27999350175113,0.00145137880986938,372.986380293966,274.352463801651,3.64059834434535
569,364.548330404218,468.279437609842,2.79964850615114,10.2810597081886,12.9768808007392,11.448495379182,5.85012085771188,-21.8299470247369,-5.01799457308357,-3.24963432777282,-0.924733710607904,0.370427870307575,-0.0874686078815203,0.375857884034113,0.924955180454721,-0.0564691522813492,-0.0599867941695205,0.0850946946017726,0.994565471688965,10.524964707287,8.19175290294703,2.13899462811473,0.916264090177134,382.340315391541,364.63489768377,467.901071359718,2.59116197086122,255.247803163445,0,788,0.868511436038967,44,0,2,4.123106,4.123106,4.123106,1545,613.042179261863,82,364.797004767488,468.032056556228,2.40599333182349,1154,13.2946210839626,0.398692810457516,364.486041190791,469.200221325036,3.5226329055615
935,374.662032085562,602.43422459893,4.62352941176471,12.1321469727439,26.5641860823372,9.28072547932506,5.87067317824146,66.1492273222336,-1.54613378795138,89.4395185785296,0.404208713223972,0.914268721934336,0.026981850314177,0.0198564655392975,0.0207210194574719,-0.999588095231696,0.914451221733619,-0.404577981908554,0.00977852875915315,44.1034988885648,5.38324158891208,2.15405022285773,0.8123370981755,612.495522925659,375.041948362506,602.544145977409,4.95610967931866,207.079144385027,0,841,0.754957110532259,45,0,12,2.56433,3,2.236068,271,34.8930481283422,0,375.533333333333,602.774314176245,4.35169348659004,272,1.75807054220501,0.00143061516452074,377.520337886294,604.365925902703,3.32351596751291
855,372.519298245614,367.32514619883,4.09824561403509,11.7757659203954,17.3213958399189,8.8580839608891,8.11454447078009,-19.7573700726776,-9.55034793347854,3.06437161023697,0.928088619806424,-0.333352640264472,0.165914227884511,-0.329207119680552,-0.942785020086717,-0.0527169636049333,-0.173994787673201,0.00569413108339448,0.984730110605826,18.7519221151975,4.90410321613504,4.11536449801673,0.907643312101911,483.009430964972,372.58239492854,367.205856949628,3.94409497579975,143.53918128655,0,1074,0.901929496761807,46,0,7,4.273511,4.472136,4,985,342.162573099415,0,372.553438911088,366.826883701534,3.42054493435288,815,29.2333710104738,0.0138888888888889,372.169813761731,366.889172923801,3.80715661818016
1457,369.529169526424,511.217570350034,6.89704873026767,14.0654503860847,18.306904468472,12.2715155690157,10.9806346306574,22.9978226865202,10.4832110120419,-3.75468967926432,-0.905154629768386,-0.384174751103978,0.181947401253916,-0.4008253434496,0.913888804340338,-0.0643917490824573,0.14154200880787,0.131213619398234,0.981197658898067,20.9464219511101,9.41188089753716,7.53589605574952,0.736602628918099,794.568826918396,369.484984849462,511.500290116691,6.75632346936583,159.687714481812,0,544,0.782214093371746,47,0,7,2.610057,3.741657,1.732051,1150,340.897735072066,0,369.395493750604,511.072166027768,6.24289493605644,688,18.0660236425526,0.00377358490566038,369.891254735568,510.256851202356,6.97091394490619
1566,384.005108556833,617.235632183908,5.73946360153257,14.4078013453468,28.4158266251538,11.4879367991567,9.27750974652623,53.1668551471011,4.7341343063955,-5.22118093413718,-0.597441498694677,-0.797654112931815,0.0825322467912868,-0.801566215881374,0.590988050895695,-0.0906902710114063,-0.0235638960079241,0.12033719217876,0.992453375722739,50.466200174425,8.24829324383868,5.37951169355557,0.678803641092328,908.741286598496,383.676803372822,616.700450120623,5.69503942409224,165.699872286079,0,727,0.717637354617924,48,1,24,3.107484,4.123106,2,747,142.747765006386,0,383.711818307887,617.573200681748,5.29428789986714,382,10.8023244977976,0.00165289256198347,384.287916371316,618.876873964415,5.48104453346911
1395,386.376344086022,375.399283154122,5.68387096774194,13.8630416628387,36.1378287632782,9.78240537203371,6.75046849549859,-57.6899881301644,-11.5777390817787,84.2685983206087,0.523624730204427,-0.827972058456103,0.200697315214492,-0.0223336446699551,0.222152984136387,0.974756000214954,0.851656239473473,0.514888650151915,-0.0978331626323142,81.6214167327509,5.98096592892461,2.84805155679493,0.717592592592593,867.076724633346,386.934524121525,374.972517791263,5.58470657016713,177.78853046595,0,903,0.696320852677935,49,0,22,2.789499,3.162278,2.236068,315,40.3440860215054,0,388.094687277896,374.322725657427,5.60726723525231,168,2.3466886523314,0.0017921146953405,387.857680502036,374.593928343223,5.85604857117481
746,396.290884718499,558.78418230563,5.93967828418231,11.2524407558468,21.5048822834216,9.12750391639145,5.69902960493409,69.4658615031278,-7.12880520624255,-84.4036175054604,0.348053884093326,0.929224190642033,0.124100351704606,-0.048001338520081,0.149868163866664,-0.987540077647239,0.936244821223503,-0.337760176730313,-0.0967662014717843,28.9037476264889,5.20695798398382,2.0299336523697,0.827968923418424,497.487055675115,396.93228097869,558.980952380952,6.05932649302815,101.903485254692,0,460,0.799579328269904,50,0,9,2.577054,3,2,373,75.4758713136729,0,397.0750732617,558.918621792026,5.55405381404849,250,10.6498230020957,0.0027027027027027,396.033408399735,558.614367990384,4.61921048762302
644,406.701863354037,451.563664596273,4.07298136645963,10.71426577159,15.6640503491363,9.24620313208294,7.43136525058952,-39.7795343518371,-0.743119089117419,-130.65040328127,-0.768447479498925,0.639781418166063,-0.0129695112155936,0.409253359155728,0.506936938977476,0.758634713099724,0.491935116932612,0.577663117110283,-0.651387107532018,15.3351545837672,5.34326702248377,3.45157434297933,0.766666666666667,438.380030333117,406.680298609157,451.447210166931,3.73085183594271,209.667701863354,0,710,0.822666741897489,51,0,6,2.935294,3.162278,2.44949,981,351.878881987578,3,407.070764750011,451.185349278496,3.5606063280526,645,10.6307121539183,0.0217391304347826,408.444648090009,450.016987721454,4.05160331064958
3444,392.693960511034,599.428281068525,8.91840882694541,18.7364873194563,68.5362665962323,11.7170013758281,8.68174001940518,65.7148147968283,11.2076454835904,-83.2701578515723,-0.403435284090357,-0.894126457665859,0.194365247029492,0.186205488618208,0.127748151322934,0.974170378240905,0.895861310448993,-0.429206579091555,-0.114953142215153,293.576239934364,8.5805075775724,4.71078811028382,0.541254125412541,1918.79379720406,391.921575262418,599.02509708961,9.21869831952579,296.895760743322,0,1303,0.574775057822172,52,0,57,2.75784,3.316625,2,397,65.8826945412311,0,394.519920669899,600.149290436316,8.07407668576465,225,1.7310213288778,0.00118623962040332,398.652720709806,602.775505682555,6.86985905992715
1503,412.921490352628,368.996007984032,6.40452428476381,14.2119428615045,17.1210557547118,12.4623187238334,10.617243011649,-42.1404418534294,9.98022036478354,-119.742290454263,-0.73028175887478,0.660797111949247,0.173308192230755,-0.444437624078259,-0.266896191551197,-0.85512666970405,-0.518809937220202,-0.701508089600542,0.488592518635487,18.3206593847468,9.7068367484006,7.04536557302557,0.824917672886937,728.659801855965,413.001983155888,368.884862545686,6.35749880819959,209.347970725216,0,719,0.870827162352714,53,0,4,3.812458,4.358899,3.162278,1101,336.115768463074,0,412.62819538305,369.020707388624,5.42674521261644,713,8.27481117776405,0.00606060606060606,411.800926434268,369.3839491845,5.08266557766657
1051,412.770694576594,556.849666983825,3.26260704091342,12.6144416218995,48.4923543221029,7.03491723928704,5.69797003968084,52.0745717639058,-0.569074865974301,-52.2703397213709,0.614605023800664,0.788772475919412,0.00993206680131881,-0.477874347563895,0.382314211327264,-0.790867847214435,-0.627611960258381,0.481325072117766,0.611906367258473,146.969276731273,3.09312878522611,2.02917891081875,0.630095923261391,793.944940194516,414.503593053579,558.064697406987,2.95503857875767,211.980019029496,0,767,0.629644696827064,54,0,28,2.431602,2.828427,2.236068,448,69.5223596574691,0,413.765369245087,557.546367767012,2.93172113647561,280,2.42481961540269,0.00130208333333333,409.394140725835,554.492038815333,3.10138799549066
2756,414.582002902758,649.039912917271,8.44484760522496,17.3950973525524,47.4979994336635,20.9988009010391,6.87849849060659,54.1758929822068,-6.3983769375693,72.795774416369,-0.581653093770932,-0.805767107081697,-0.111440780919259,-0.302130143160239,0.0868036099116077,0.949306330907093,-0.755246353914189,0.585836583401467,-0.293936119671976,141.003746887519,27.5593524550925,2.95710884282984,0.480557977332171,1902.20598971702,414.645300046556,649.553224888684,7.1044243984545,182.373730043541,0,888,0.499742235400866,55,7,78,2.402243,3,1.732051,452,48.044267053701,0,411.318548448002,647.695710293784,5.1015557737331,190,2.29600234428156,0.00156494522691706,409.371952529954,645.3739202936,7.8696258285686
902,426.477827050998,836.89578713969,3.22283813747228,11.9877029213729,40.9023469624297,6.74853897900967,5.41331022478387,-52.9667256808158,-2.9906020863167,95.3136848611265,0.601458486394935,-0.797198692487278,0.0521721557929888,-0.105215131214524,-0.014306759071931,0.994346565744745,0.791945367627733,0.60354748060234,0.0924822866907167,104.562624189686,2.8464236469508,1.83149547435936,0.772922022279349,682.837953667675,426.626437651727,836.823106841734,2.88975958652014,212.355875831486,0,821,0.661156335661799,56,0,23,2.354692,2.828427,2,183,10.3713968957871,0,425.643719935863,837.389096739711,3.02373062533405,126,0.627164513211542,0.00128369704749679,423.66252027464,838.326811701656,4.23105065528914
2259,418.137228862328,728.48782647189,6.5170429393537,16.279430308318,44.88938865151,12.4746375113843,6.32075315045475,36.737925242411,2.88094047295531,-85.6442711732389,-0.800367049779781,-0.597399737593779,0.0502607117905605,0.085590683223321,-0.0308867839019784,0.995851515802209,0.593369042478772,-0.801348588382781,-0.0758526158068963,125.941075844145,9.72603631502729,2.49699502431149,0.790136411332634,1250.38574634394,418.555625561771,729.063806689763,6.67908336460342,253.636564851704,0,1091,0.665862050894912,57,3,32,2.833789,3,2.828427,497,27.4957945993803,0,421.563956015649,732.730249706181,5.42255244473782,83,0.842719404154183,0.001085776330076,420.918067531197,732.403644353554,6.12718091638899
1557,434.579319203597,680.48490687219,4.47784200385356,14.3801471481003,44.7159343995143,8.57526425639117,6.80353683439016,41.4468090606073,1.6408798227071,-82.3186975855082,-0.74926317618855,-0.661653034977935,0.0286348408819251,0.109745903849342,-0.0814056636165238,0.990620489652543,0.653116015265386,-0.74537801096869,-0.133607976439367,124.969674326354,4.59594731668373,2.89300709105646,0.748197981739548,971.561960481424,433.986192047857,679.743897512592,4.47662575421587,149.44894026975,0,697,0.668661056695104,58,0,27,2.754669,3.162278,2,445,59.5138086062942,0,434.660921835037,680.480580166841,4.05583674174158,263,5.2870218048009,0.00170940170940171,435.183920223483,681.7267430464,4.1017265046856
3498,436.109777015437,500.344196683819,7.08433390508862,18.8339058157558,63.725096731956,17.6779344014507,13.1647545854634,-77.2592166995073,-1.18046778098662,-15.4060731935769,-0.220493730401068,0.975170800047225,-0.0206015919063941,0.941536818104761,0.207277681866948,-0.2656019253564,0.254736991830758,0.0779607166149778,0.963862641488867,253.805497093572,19.5318352938747,10.8319227059674,0.352514360576439,2047.47083856553,436.339157876282,500.441573336228,6.78202211545285,273.940537449971,0,1079,0.544268169647634,59,5,66,2.602581,3.162278,1,1416,128.851629502573,0,433.125518333877,501.276502419446,5.66109783614326,283,2.68748921964398,0.00141843971631206,434.292465221127,500.154537710009,6.29725375405045
2762,456.912020275163,580.002172338885,5.13034033309196,17.4077116407675,69.2402192808447,11.0985240091233,7.02434579120902,75.7170683519281,-2.9504882239525,-70.7729518208188,0.246383290748447,0.967804632464246,0.0514729775776751,-0.307142560338281,0.128344327368748,-0.942969342694189,0.919216362816074,-0.216522347606453,-0.328875890448326,299.637997878716,7.69857719881791,3.08383961215477,0.537354085603113,1708.4644701508,455.446874554117,579.449785556616,4.74578876837037,258.824764663287,0,1012,0.557220761148194,60,0,60,2.411999,3.162278,1,558,76.3493845039826,0,450.216173409144,578.079321120843,4.26210539793339,299,1.47553653800468,0.00137931034482759,448.512920100491,578.604442800153,5.13283348734773
1102,442.406533575318,291.392014519056,4.62885662431942,12.8152669547939,23.7049016430037,9.49526314277418,7.7258383681794,-64.3759502696913,-1.87978256578978,-119.094801540629,0.432231522813957,-0.901165859347815,0.032802509535722,0.426037456204367,0.236132738647141,0.873346103014099,-0.794775437841935,-0.363512618329701,0.48599442354645,35.1201476190299,5.63500138440787,3.73053615570206,0.781006378454996,655.256403515298,441.74845630623,291.639818857184,4.43318097397429,150.486388384755,0,745,0.787397286307681,61,0,19,2.945838,3.741657,2,523,123.505444646098,0,442.714128270501,291.123061210995,4.14381754994379,409,10.0769937189938,0.00218818380743982,443.329396406258,290.355525801794,4.19690644726098
2286,472.170603674541,530.146106736658,4.37882764654418,16.3440318990923,81.1280393214943,10.0242790735653,6.44370199120088,-70.0659169165526,4.08804028689108,-116.806146070197,-0.340071375981287,0.937693608494737,0.0712892406069349,-0.445646801947466,-0.0939382479705898,-0.890266551928248,0.828100469237996,0.334523993394099,-0.449825867076888,411.35992275937,6.28038568404489,2.59508095946286,0.519899931771662,1573.63334593939,471.46339921871,530.379049568395,4.02193397201067,179.952318460192,0,769,0.533291578194108,62,0,65,2.351658,3,2,516,61.5266841644794,0,470.244699608958,530.62839672947,3.67165303945965,296,3.59505015383116,0.00170648464163823,473.644166331281,529.14564971157,4.44852927473049
7462,479.669927633342,318.778879656928,12.3537925489145,24.24481497489,79.3209673606339,18.7965974084285,12.2674676317129,-68.030996077873,13.7544829650381,-88.701071204273,-0.363376915493519,0.90079215143092,0.237761891830611,-0.0679024533347071,0.228920929785643,-0.971073871925923,0.929164395635963,0.36901044406159,0.0220185843306068,393.238491439172,22.0820046334088,9.40567263094519,0.421963356706627,3780.76858406025,478.805971977757,319.288993420092,12.1678164185747,342.387965692844,0,1235,0.488435841884842,63,7,116,2.808306,4.24264,2,851,142.32350576253,0,470.890362498564,321.860629480856,9.01242916786721,552,1.55661425952275,0.00106157112526539,466.571573643546,323.119061284457,8.0007854946389
486,467.234567901235,337.164609053498,2.19341563786008,9.7546692625072,33.9523771614127,6.29462915916171,4.21119995398967,88.8383747134459,0.384329734219478,0.671117478902215,0.0202723409436909,0.999771993020444,-0.00670776897268258,0.999724308187007,-0.0203499578979572,-0.0117126783257268,0.0118465105695026,0.00646847628731045,0.999908905351806,72.0477446819261,2.47639726571056,1.10838781578017,0.72,459.746125637842,465.872814612481,337.185474463661,1.96641766713279,283.989711934156,0,904,0.650214862965073,65,0,25,2.156068,2.828427,2,485,119.220164609053,0,465.801021729,337.08745102777,1.84049291520685,173,1.98236238362149,0.00234192037470726,468.0318808138,337.193234814604,2.6275173347283
923,495.689057421452,322.187432286024,6.05850487540628,12.0800211012074,23.9025151972158,11.9803073830544,6.03859552777426,84.8328577548722,-12.8176500236414,-81.968985670548,0.0878172136418297,0.971118535587346,0.22184888286145,-0.119357286776005,0.231362819743499,-0.965518039051476,0.988960047262606,-0.0583098231777936,-0.136227711715784,35.7081395470707,8.97048531202925,2.27903974675346,0.664985590778098,649.055112280049,493.507832724859,321.936584325068,5.57872552273482,228.504875406284,0,1210,0.706323545000565,68,0,15,2.532408,3,2,936,222.054171180932,0,494.915723374773,322.06035929663,5.8205566072718,508,8.54128650205506,0.00239234449760766,498.512764425098,322.400388122,5.35909696466428
