Volume,Centroid_1,Centroid_2,Centroid_3,EquivDiameter,PrincipalAxisLength_1,PrincipalAxisLength_2,PrincipalAxisLength_3,Orientation_1,Orientation_2,Orientation_3,EigenVectors_1,EigenVectors_2,EigenVectors_3,EigenVectors_4,EigenVectors_5,EigenVectors_6,EigenVectors_7,EigenVectors_8,EigenVectors_9,EigenValues_1,EigenValues_2,EigenValues_3,Solidity,SurfaceArea,WeightedCentroid_1,WeightedCentroid_2,WeightedCentroid_3,MeanIntensity,MinIntensity,MaxIntensity,sphericity,id,nb_branch_pt,SkeletonSize,MeanWidth,MaxWidth,MinWidth
1635,11.8831804281346,26.0917431192661,3.95351681957187,14.6163761694413,27.476818046006,23.0020563811817,5.83586053973539,62.4424522328228,-0.318039915088644,12.1372904140517,-0.462632164723806,-0.886532948408552,-0.00555081516579594,-0.867269216682046,0.451263055395561,0.210251660233096,0.183890146442587,-0.102083231831198,0.977631539906637,47.1859706208326,33.0684123601912,2.12857926495254,0.597806215722121,1056.00906157077,11.6179643392414,25.5768026013873,3.9834627984809,553.362691131498,0,4095,0.635567455600471,1,4,42,2.571942,3.605551,2
2051,45.2179424670892,632.744514870795,3.74695270599707,15.7636099165162,63.7115894555658,9.68970423628821,6.03847884887685,-17.7963242020745,4.58210997761441,21.0480789107514,-0.949105811711033,0.30465737433899,0.0798876863929145,0.312560946542855,0.879851845720069,0.358003329983427,-0.0387790261942542,-0.364752811975262,0.930296497512253,253.69791443466,5.86814801167139,2.27895167552083,0.648230088495575,1329.39147294581,43.2787859291185,637.301395693157,3.12374810083408,251.592393954169,0,1541,0.587230146324641,2,0,42,2.865404,3.605551,2
1726,48.6413673232908,945.035921205098,4.63557358053302,14.8826655780887,43.4315201682868,9.59986003849898,6.80556113604754,-68.3833904078348,-6.60468339978355,16.1043292716423,0.365949175873983,-0.92349985383769,0.115018349140121,-0.881434340336107,-0.383598387316438,-0.27554633172024,-0.298587850311102,0.000545169692749523,0.954381998172954,117.893559008019,5.75983204742307,2.89472889853004,0.71737323358271,1055.22440870194,51.0359623222158,943.741056724611,3.9698182649921,278.632676709154,0,2404,0.659426643319072,3,0,31,2.817237,3.605551,2
3331,126.66736715701,624.570699489643,12.4725307715401,18.5292853776504,78.3419677840675,9.01721543869928,7.45469612802598,-53.7262827532286,19.7906663198117,-118.832317555458,-0.556698556984514,0.75858233314343,0.338584643027456,-0.564276623631783,-0.0461903121449227,-0.824292634376087,0.609654499429041,0.649937919271237,-0.453764357810638,383.591494767492,5.08188589174483,3.47328089757539,0.715113782739373,1824.77012406535,124.868285828023,625.942152413172,11.7416377612184,526.393875712999,0,2750,0.591097402741455,4,0,54,3.330205,3.741657,2
958,115.638830897704,1011.22651356994,2.99478079331942,12.2308215258727,33.2156085011317,10.200097997856,5.26088007882292,27.179052798933,2.35508782943475,-8.37812197387617,-0.888832039354549,-0.456386914009031,0.0410924632766896,-0.457224350069555,0.877354954757189,-0.145582200376571,-0.0303891349055261,0.148186598868871,0.98849240381268,68.9547905062781,6.50262494786666,1.72980370023474,0.661145617667357,707.16019407291,117.554045497568,1013.98176833448,2.43733150559744,159.91127348643,0,1602,0.664573965956707,5,0,23,2.326378,3.316625,2
840,135.091666666667,490.340476190476,4.78095238095238,11.70649510641,17.5813679006588,10.127905631829,7.04423411990851,4.33274929391412,6.49118287321132,-87.3111569888846,-0.9907496997343,-0.0750643659649762,0.113050313748658,0.116147254956849,-0.0382464710498688,0.992495351434061,0.0701772587266177,-0.996444955034902,-0.0466111997604624,19.3190310786447,6.41090453045213,3.1013271460052,0.912052117263844,491.677599963196,134.998466556324,489.621361113816,4.99170297439392,391.27619047619,0,2006,0.875635228071118,6,0,5,3.148331,3.741657,3
1880,135.861170212766,463.407446808511,5.64521276595745,15.3127458915683,33.6488405215741,11.3658178050988,7.36029014990365,-4.31454301110349,-3.97444719153104,-81.3576727136794,0.994767946562412,-0.075050905392745,0.0693115725671479,-0.0796351579091046,-0.144684674156085,0.986268009563901,0.0639919847855476,0.986627440660393,0.149904366911473,70.7652792778953,8.07386339866888,3.38586694317306,0.861200183234082,973.819172400472,135.775581271709,463.322950264053,5.83898175551145,480.23829787234,0,2136,0.756445604021238,7,0,21,3.255773,4,3
1069,241.365762394761,657.841908325538,2.49672591206735,12.6860483116301,54.7557788237247,6.76659518201279,4.75196140393989,81.6694035645372,-0.810977166045098,16.001460939176,-0.144870082621359,-0.989349448146505,-0.0141537490965517,-0.951677335762546,0.135410512886081,0.275634253306498,0.270782029974632,-0.0534009592810469,0.961158379139818,187.387207162041,2.86167564732746,1.4113210740334,0.75654635527247,855.174044551954,245.38992513193,658.502334974868,2.13478995020549,477.5472404116,0,2024,0.591218592960561,8,0,47,2.571388,3,2
810,224.481481481481,823.118518518518,2.67777777777778,11.5654392624423,51.4586301974899,6.60548946191346,4.7553984548298,-82.8163169846421,-4.01426587982906,16.5808484711222,0.124743896001641,-0.989716262955197,0.0700048516342379,-0.948396616410168,-0.139671165778882,-0.284667917812513,-0.291518127038569,0.0308817792875992,0.956066680371174,165.499413862626,2.72703068946562,1.41336340401235,0.622598001537279,737.81225729806,230.87530235966,822.158100227836,1.90829343691347,123.003703703704,0,1127,0.569545298488908,9,0,41,2.069093,2.236068,2
3812,231.963536201469,518.582896117524,8.99055613850997,19.3813826751426,79.5448179738583,9.56507736342767,8.48080644636147,-4.93483693853666,-7.84693034803525,-81.2763215104485,0.986964231291779,-0.0852172175319964,0.136527037566678,-0.147494374232721,-0.139498551309118,0.979175961588291,0.064397326965694,0.986548620200121,0.150249140632855,395.46112915589,5.71816906052234,4.49525487379034,0.618630314832846,2027.14946951415,231.997008229718,516.915864945328,9.01872963063907,251.213798530955,0,1572,0.582148273407822,10,0,73,3.018487,4,2
854,263.227166276347,421.913348946136,2.27868852459016,11.7711731875113,50.9791066617354,7.29088931903893,4.28226886844129,-47.7227874352753,-1.02790928863949,10.5026590536354,0.672610040355344,-0.739779636200286,0.0179394391371038,-0.725302970110961,-0.663867361935862,-0.182251823871636,-0.146735596095156,-0.10957287812087,0.98308822046595,162.429332251787,3.32231669140476,1.14611416635134,0.690938511326861,738.455392766217,263.973419767275,421.190845424508,1.8787494612843,326.042154566745,0,1716,0.589474611941993,11,0,32,2.261686,2.828427,2
3307,279.322951315392,647.928636226187,6.08104021771999,18.4846766335995,59.6635607247684,14.2755871412558,6.58193108217675,64.0945098811508,4.13246141345472,76.3652404526434,-0.435752124219,-0.897177282571218,0.0720625414258604,-0.181448439740308,0.165982976449973,0.969291553272087,0.8815875169003,-0.409295217620402,0.235118852665265,222.483779897383,12.7370242642242,2.70761354815775,0.724266316250547,1830.19083785969,279.076968909466,648.022095378988,5.26927983582348,460.315693982461,0,1942,0.586512416881782,12,1,53,2.763189,3.162278,2
4300,250.845348837209,593.70976744186,11.0516279069767,20.175452211501,83.0561128624055,15.1758872657953,9.58126055793029,80.5273290137418,12.7095244823581,-22.9708879294678,-0.160544675552462,-0.962196302841013,0.220008367910952,0.922279545411071,-0.066836295369473,0.380701129152033,-0.351604674696033,0.264028756805713,0.898144180135643,431.14486773829,14.394222144008,5.73753461743433,0.4638619201726,2258.86993172272,250.815571067452,593.670234075992,11.0684685148544,379.403720930233,0,1812,0.566115705811771,13,0,66,3.193197,4,2.236068
1125,294.424,608.736888888889,2.776,12.9038102074215,61.5368463298004,7.58599408469437,5.83161208879543,58.5076783986375,0.169530022311821,-42.2356120139229,-0.522382008177721,-0.852706445808051,0.0029588527529383,0.632374447966189,-0.385070571531317,0.672177961926752,0.572031113744409,-0.353004776480357,-0.740383706391749,236.673966013592,3.59670664081369,2.12548122213662,0.401355690331787,1046.50644640153,296.621306161103,609.826359977417,2.3271722304176,488.08,0,2208,0.499854836038561,14,0,63,2.161556,3,1
1480,278.159459459459,617.011486486486,5.57297297297297,14.1390760694748,54.9699880488939,15.9616638289958,5.55602290658882,72.4027384650974,13.1529840631382,-52.7727408491179,-0.29439314256249,-0.928198693416169,0.2275518911209,0.631445192802875,-0.0101917538460539,0.775353530100741,0.717362980713614,-0.371945310084774,-0.589106985366513,188.856224130971,15.923419511867,1.92933690865872,0.433509080257762,1140.07400955929,279.506287124894,616.441948371842,3.80837051429023,376.627702702703,0,1879,0.550882390118453,17,3,48,2.350982,3,2
670,273.435820895522,434.7,3.0955223880597,10.8565555814727,30.1545023233855,7.83572625165921,6.7484853972595,-38.4888099842306,3.67273219425528,-9.01329291860011,0.781122163689784,-0.621083583316786,-0.0640573799571231,-0.606821815700251,-0.779310277017234,0.156341856601403,0.147021935039782,0.0832506736891832,0.985623597499297,56.8308756481912,3.83741286818383,2.84637844731404,0.56731583403895,541.937831207657,274.456564627325,433.320936131466,2.80823179985258,137.689552238806,0,736,0.683257683126065,18,0,17,2.50403,3,1.732051
2465,274.78985801217,544.787829614604,4.14969574036511,16.7599518692242,76.6820764903313,10.1870075207913,8.79614091630247,-2.35906896623783,3.03281111709705,27.8724151815307,-0.99775307755125,0.0411042370999722,0.0529078248413122,0.0611004025563659,0.88222349553601,0.466849488306107,0.0274870341153743,-0.46903320310683,0.882752693192656,367.508803429314,6.48594513929112,4.83575593871564,0.487057893696898,1614.6582336259,274.72290369194,545.444160776583,3.63211715226193,263.61906693712,0,1590,0.546530993204798,19,0,66,2.483852,3,2
1970,283.063959390863,631.045685279188,5.93654822335025,15.55329948587,40.1770841706269,10.7801283270118,7.88792455276559,28.4310521619495,8.80130319355005,-86.1491804418431,-0.869035761448467,-0.470494741010311,0.153008313517024,0.166224707800915,0.0136240200316318,0.985993779186602,0.465989476104541,-0.882297616884358,-0.0663680902241278,100.887380778352,7.2631979216776,3.88870960938265,0.63181526619628,1150.54321795269,283.512239047566,631.77031037302,5.42712896203898,492.971573604061,0,1808,0.660529175596692,20,1,34,2.786843,3.316625,1.732051
706,290.434844192635,409.849858356941,2.30594900849858,11.0476191177465,45.4443521617898,6.58337884525104,4.33476148022006,-33.1405253378714,-0.61503318623958,5.84367290636085,0.837284007966825,-0.546662846799114,0.0107341479633447,-0.542938272038338,-0.83357843905724,-0.101808735847756,-0.0646028076714475,-0.0794148466496225,0.994746077837245,129.074321462798,2.70880481375619,1.17438481814998,0.65981308411215,626.972420813733,288.929574075559,411.89960161493,1.95478730515227,158.92776203966,0,825,0.611559646517131,21,0,33,2.304807,3,2
2171,297.16904652234,450.573007830493,4.55181943804698,16.0652344197992,47.2060643642318,10.3950309617238,7.10940829716391,11.5095763873461,1.11303526977915,-93.0896258688392,-0.9797064814696,-0.199494067836703,0.0194249083503927,0.00825226936946593,0.0566844504906654,0.998358038542699,0.200267596522029,-0.978258140763743,0.0538878447588486,139.2757820475,6.75354179344974,3.15898039598645,0.81493993993994,1206.28029909546,297.247425698373,451.07388373744,4.24712563762908,629.382772915707,0,2276,0.672164809651091,22,0,33,3.049329,3.316625,2.236068
1326,301.768476621418,686.220211161388,3.32051282051282,13.6305998104302,56.7865123681993,7.3104378591566,6.27877361592928,-31.5307376343249,-3.28433540033593,107.473297610427,0.850959749168708,-0.522096961804451,0.0572910793168701,-0.203602742271074,-0.227352404449479,0.952290295829344,0.484162605572165,0.822025332131318,0.299768118218014,201.544249183978,3.34015635578686,2.46393738250561,0.650957290132548,956.587677749809,301.551717607926,686.772881369887,2.91236690056626,366.380844645551,0,1649,0.610175864281123,23,0,36,2.67717,3.162278,2
1982,321.460141271443,579.225025227043,4.2159434914228,15.5848158830701,48.5346692728974,9.28492731442383,7.27830416157249,18.6256873453037,1.94471065733963,-61.801178421593,-0.947079520964621,-0.319200236238037,0.0339350873728782,0.179260500388839,-0.43823192783751,0.880805569024267,-0.266281906951573,0.840276137117675,0.472260478360017,147.225882589345,5.38811720213336,3.31085696677272,0.741488963711186,1161.05939706188,321.613901714367,579.099051339286,3.81810902336106,792.024217961655,0,3286,0.657201864390246,24,0,38,3.035551,3.605551,2
2749,335.668242997454,864.738814114223,4.48417606402328,17.3803575220502,62.566261588573,9.39319706004836,7.90850837923825,-35.3552895153162,3.57299821806246,42.4837725068091,-0.81399427041202,0.57752015015375,0.0623201725189559,0.461060133928898,0.577109279927909,0.67406856618786,-0.353322629671338,-0.577421297829825,0.73603516503945,244.658568073109,5.51450943805634,3.90903154903012,0.669508037018997,1580.70749392656,332.241448823536,869.385546219421,3.88813380125149,523.669698072026,0,3176,0.60036556164642,25,0,46,3.245488,4.24264,2
3743,321.230296553567,538.914774245258,6.00988511888859,19.2637308446549,44.0562921926223,21.8554779752829,10.6219209358699,17.9221665820394,4.51987728390772,-20.276541616915,-0.948516385777769,-0.3067677402535,0.0788049455988599,-0.314640098703858,0.884109390102951,-0.345473869662259,-0.036308045922419,0.352482822094283,0.935113675405159,121.309805110107,29.8538698455047,7.05157527299191,0.558490002984184,1917.82666961499,321.839235388618,539.042519162841,5.30394292645873,410.099385519637,0,1796,0.607884853316956,26,1,50,3.278765,4.24264,2.236068
2969,313.319636241159,701.95621421354,9.38834624452678,17.83215614892,59.0665209890535,10.7589015650908,8.50079954336944,30.8341904059101,13.3429463605257,61.8834930515271,-0.835475819983669,-0.498719510510134,0.23077912396737,-0.0667750211170879,0.508982677797187,0.858182807015625,0.545455085939647,-0.701580703510962,0.458544725935907,218.053368859393,7.23462268045714,4.51647455478442,0.67278495354634,1566.14944444866,313.450460946749,702.134148627873,9.5000758870301,377.260357022566,0,1744,0.637858561022186,27,0,44,3.348575,4.123106,2
1886,336.006892895016,354.270943796394,6.95068928950159,15.3290187474814,40.1107666569765,10.8161897277096,7.53427225834558,-61.4598067484155,-2.80629105599278,-101.718567300087,0.477202173620915,-0.87742866314974,0.048959438055738,0.155519727808931,0.139151871758414,0.977982807031067,0.864922944402396,0.459081362799002,-0.202861042531336,100.554600113151,7.3118725141131,3.54782865392975,0.693637366678926,1057.54923469935,334.263094633903,355.216202780075,6.81328018421336,408.489395546129,0,2066,0.698036268309257,28,1,33,2.967489,3.741657,2
3416,391.114754098361,436.381147540984,10.4701405152225,18.6855727007553,94.2463734814397,11.2776280514087,8.976639845915,34.4810085283632,2.10868159142519,-35.6996960874547,-0.823755685795886,-0.565749669562343,0.0367951288766513,0.477448170018345,-0.657258658522524,0.583141750128822,0.305728335397756,-0.497934099241327,-0.81153670141753,555.148682150189,7.94905590412001,5.0362539327043,0.451493523658472,2122.66880710244,391.266196570226,436.630187605749,10.3234526515283,295.336943793911,0,1785,0.516749971355347,29,6,82,2.644845,3.605551,1
3222,373.670701427685,435.791744258225,4.55090006207325,18.3249291666662,75.3365669217451,10.6579316936863,9.48727169431103,57.3733363432869,-2.56081357209739,44.3836952787428,-0.538624348759777,-0.841360523742759,-0.0446797494444104,0.618747431982586,-0.359004179483115,-0.69876148615147,-0.571870113170868,0.404015430647104,-0.713958055813487,354.724894722162,7.09946924920521,5.62552026260471,0.490261716372489,1949.91246304531,373.388329714737,435.548922758069,4.1392256981858,346.224084419615,0,1702,0.541027532690783,30,1,52,2.72001,3.464102,2
2600,336.705384615385,408.860769230769,7.08423076923077,17.0604929341985,52.1390598445847,12.0639079883231,7.94183391199379,33.292389075352,5.41780350669932,-81.4736669023283,-0.832146134332899,-0.54645962035614,0.0944176595507226,0.159433429880081,-0.0726767439728699,0.984529873758118,0.531143852973454,-0.834326059886496,-0.147601603117272,169.905097592324,9.09611724692035,3.94204536785595,0.566325419298628,1512.94144412687,338.217685429151,411.14285068902,6.54463036584513,263.92,0,1741,0.604381139882602,31,3,51,2.844564,3.741657,1.414214
1275,393.365490196078,437.810980392157,6.62588235294118,13.453558994799,90.3730862512724,16.097964300231,10.1629405112076,32.3479897789969,6.24420164341486,-49.5269341018188,-0.839801988930446,-0.531885811737801,0.10876627538207,0.417202134061788,-0.50409001359734,0.756198146999662,0.347383072015256,-0.680434230079185,-0.645239691753219,510.455919911245,16.1965284132196,6.45533498964657,0.125764450581969,1594.56361055904,394.266263043508,439.179396320145,6.38955034490206,232.404705882353,0,1470,0.356600870340938,32,12,111,1.323485,3,1
1187,347.46251053075,630.144060657119,5.82813816343724,13.1366319437522,24.9238497379896,10.5617826277962,7.22840151203266,44.310803062458,-3.56205506317808,-72.9257373644169,0.714178638433477,0.697200682445117,0.0621295485527478,0.162603973206537,-0.251584284397544,0.954078244035375,0.680814820860088,-0.671279789835981,-0.293043722770184,38.8248928601177,6.97195326730111,3.26561177619725,0.80365605958023,681.2494860934,347.507006932864,630.111359653949,5.78834449307137,398.089300758214,0,1540,0.795814319657528,33,0,14,3.167935,3.605551,2.828427
2063,350.161415414445,728.368880271449,3.62966553562773,15.7942934195708,90.1096483528952,7.85786217300626,6.91692648535827,14.885293560266,2.09530150052452,-71.4453536946537,-0.965795879613634,-0.256712985010363,0.0365617593722772,0.115241170173276,-0.298626581942098,0.94738674112248,0.23228816504166,-0.919195630910335,-0.31799622717405,507.484295392652,3.8591248706227,2.99024200024074,0.484272300469484,1517.72137321748,351.184388731541,732.159422823642,2.66142755574204,166.353853611246,0,986,0.516366698948475,34,0,68,2.429746,3,2
592,367.699324324324,669.714527027027,2.56587837837838,10.4177603203236,29.9721186587212,7.02935138051302,4.60404482796484,-16.4932153085967,-1.07856968469816,25.6095235677325,-0.958683472731802,0.283851502894177,-0.0188234804329228,0.248210084866862,0.866966146892677,0.432159060893613,-0.138988319226029,-0.409631571594258,0.901600922066932,56.145493555779,3.08823630192002,1.32482679861936,0.787234042553192,492.151827415684,367.348950825847,670.492602543849,2.21752249603124,439.454391891892,0,2094,0.692786623474657,35,0,23,2.426084,3,2
1321,389.730507191522,687.946252838758,3.41862225586677,13.6134457527764,51.7132371267877,7.69050567384703,7.27895981273282,78.5865643214808,3.16712149308926,-7.46403346948538,-0.197584958897915,-0.978727633959908,0.0552485523842098,0.973339198508968,-0.189175357864346,0.129705391648988,-0.116494586411687,0.0794034161742308,0.99001217610524,167.141180883211,3.69649234496709,3.31145349721118,0.591845878136201,937.038255116059,386.732291160144,687.497965884636,2.98034490893422,314.469341408024,0,1731,0.621339096155125,36,0,40,2.579843,3,2
767,384.569752281617,934.121251629726,4.04823989569752,11.3570511180378,21.5614540467945,11.9924015000343,5.4817081076306,19.1326313049544,21.2405305120358,-1.36488687153208,-0.880582572579698,-0.305490815664842,0.362283996904847,-0.335815784916794,0.941666000382472,-0.0222014036582548,0.334368197455498,0.141210853931661,0.931803307174992,29.0560187882519,8.98860585862657,1.87807023607894,0.712163416898793,575.394522167117,385.408122280486,935.974748038231,3.1132805236342,70.1147327249022,0,566,0.7042312790843,37,0,10,2.224484,2.828427,2
3302,390.640520896426,530.285281647486,6.60205935796487,18.4753560003968,65.1680258432459,12.6830622006041,7.29828198255457,37.9576964610895,2.68946868134244,-79.514038583872,-0.787596622566034,-0.614401990946492,0.0469228477776344,0.148320308247954,-0.115117109520619,0.982216441145662,0.598074114373635,-0.780549962921403,-0.181794139343344,265.429474519123,10.0537541740245,3.32905749355503,0.633659566302053,1742.12074711516,390.954340579527,530.705829546167,6.57917167435216,227.038461538462,0,1401,0.6155413758432,38,3,44,3.194895,3.605551,2.828427
1103,401.060743427017,561.838621940163,2.45874886672711,12.8191421491501,60.6807816239292,7.17763802841401,4.65772245934312,32.908479895065,0.330374565178082,-11.3655513035546,-0.839525507842483,-0.543289677672194,0.0057660919750626,-0.533598512124889,0.822458602396026,-0.197064647268046,-0.102320816747744,0.168517576174175,0.980373539514636,230.134828655686,3.2199054791834,1.35589865676683,0.674617737003058,900.273701446594,399.604681853888,559.387254819022,2.04417185328419,375.090661831369,0,1536,0.573446934707254,39,0,43,2.574508,2.828427,2
1643,400.643335362142,48.8709677419355,8.66585514303104,14.6401765390486,33.5486534792634,10.7950699589144,7.27538663679645,-40.0805800434964,27.4571430189177,66.3829799268724,-0.678951261497898,0.571336856439787,0.461085004076162,-0.581191414213299,-0.034520241562683,-0.813034373791907,0.44859973757812,0.819989359318738,-0.355493637142617,70.3445093919806,7.28334596361599,3.30820316967977,0.763121226196006,913.692391078633,400.025761795426,49.435033242418,7.91853666252834,634.872185027389,0,3674,0.736957582848276,40,3,28,2.863995,3.605551,1
826,403.553268765133,337.441888619855,2.26271186440678,11.6410943277983,50.5610141219343,7.28893466632901,4.28661367441573,63.4393067209764,-1.02631934706966,-0.56680648985034,0.447073830033389,0.894317707373396,0.0179116938805067,0.894338205583708,-0.447282175261586,0.00989089109115266,-0.0168571804460123,-0.0115971536014923,0.999790648833922,159.776009314903,3.32053553562576,1.1484410496055,0.632950191570881,723.454215606293,405.222469274977,338.401406595648,1.88817196382392,427.422518159806,0,2139,0.588472859286911,41,0,36,2.214873,2.828427,2
3178,416.894902454374,655.177470106986,6.13310258023914,18.2411307723927,62.32542838196,11.2565809792835,7.72902711562086,59.2812459882017,4.9666367970069,-71.345684896573,-0.508906334300707,-0.856457237936673,0.0865756460819274,0.316878459189767,-0.0928732850415805,0.943908149677236,0.800376402082255,-0.507794793702605,-0.318656652964272,242.778688937177,7.91941345894795,3.73361625962515,0.680077038305157,1685.59945573244,415.519338866511,654.43708875221,6.36421300174316,282.863750786658,0,1725,0.620153221453795,42,0,43,3.298772,4.123106,2.828427
3807,441.507748883635,571.458891515629,6.47281323877069,19.3729051206208,89.6553161775471,14.5254326938987,10.6228174953773,36.9356449227298,5.88688504584586,42.5079358576018,-0.795095659439646,-0.5977485628594,0.102564847485659,-0.387592628314233,0.630884022908854,0.672128934144934,0.466470628032141,-0.494653419312818,0.733296084774382,502.379732430997,13.1867621840613,7.05276572125593,0.388231694880685,2158.41526691263,441.057758731593,571.185529727582,6.15852518489507,459.407670081429,0,2097,0.546266252770403,43,0,64,2.919854,3.605551,2
1102,440.73502722323,582.965517241379,6.42921960072595,12.8152669547939,35.1515881308926,11.8306851862779,5.95737758086711,53.0275129145939,-3.46177765325095,-79.2065221368586,0.600334025558063,0.797466608446119,0.0603826644882036,-0.113940619787094,0.160017495156633,-0.980516158156677,0.791591177894109,-0.581757174134743,-0.186927786652962,77.2271342577442,8.74781949855099,2.21814672756362,0.493506493506494,985.909132969168,440.75513441606,582.736730904667,5.97114151093279,382.679673321234,0,1537,0.523321162884299,45,9,70,1.648026,3.316625,1
1646,427.662818955043,860.999392466586,8.11968408262454,14.6490817581174,32.6399063786988,10.0159111629048,8.12314337160928,-67.5200592943611,-25.8889591447399,-113.283611665749,0.343987051978461,-0.831281250141971,0.436628436125695,0.211893810644175,0.521733635666614,0.826374628376735,0.914753475577906,0.191743309078829,-0.355612967060598,66.5852180256391,6.26990477645011,4.12409113973249,0.748181818181818,883.557041314795,428.034590925851,860.906911951619,7.97349789908198,575.024908869988,0,2690,0.7630202889918,49,0,17,3.58589,4,3.162278
1118,444.832737030411,554.618067978533,2.51520572450805,12.8769910471348,57.1629193819287,10.6651207948954,4.85784407817137,70.3717027366551,-0.501065062004103,-7.66721550811651,0.335903947314134,0.941855647640082,0.00874512362776863,0.933078938131274,-0.334012564869496,0.133414023719831,-0.128577732887922,0.0366544065261276,0.991021806565133,204.224959516555,7.10905009810689,1.47491556798904,0.561526870919136,912.953961255889,442.918993215316,553.773349970106,2.11206642578007,412.90518783542,0,2091,0.570597392694159,50,0,47,2.500458,3,2
2851,454.050508593476,532.754121360926,4.54963170817257,17.592714909625,69.5619306274245,10.3139902827122,8.26763328901374,37.7135873916024,-2.65778240546308,88.1297475739738,0.790227537880244,0.611056644289345,0.0463704199417354,0.0566271832290882,0.00253250687535045,-0.998392181724429,0.610191609656563,-0.791582821869431,0.0326011598867515,302.428887038414,6.64864972199271,4.27211001260051,0.642551273382916,1710.79348415979,454.078164095325,532.716250210077,4.0090417128836,521.764293230445,0,1884,0.568352814778484,51,0,46,2.766983,3.162278,2.236068
2819,500.695282014899,949.653777935438,4.5927633912735,17.5266461171989,106.953348592479,12.8949418028799,7.66154679385852,57.1970248474946,-4.32072195339643,-11.1318152621381,0.540212171680016,0.838149622005909,0.0753393701865916,0.816844184221695,-0.543785206100288,0.192518124678329,-0.20232742837281,0.0424601078404017,0.978397031358041,714.938673446523,10.3924702562286,3.66870620465524,0.397546185305317,1979.02145068198,501.155703434782,948.973161036262,3.94663080864064,286.099326002128,0,2205,0.487637399796927,52,2,89,2.460156,3.464102,2
734,497.956403269755,939.341961852861,8.64441416893733,11.1917795194122,38.4699846110218,7.07858168316321,6.19149938407526,52.1041571672072,2.82858843969158,50.8205033868574,0.613479594005697,0.78816720926744,-0.0493481304020777,0.475037366020906,-0.418226412826046,-0.774226173994769,-0.630858374456997,0.451529753006636,-0.630982245017434,92.4962322482659,3.13164491532586,2.39591653893776,0.478487614080834,669.308742167223,500.146101637266,941.394567183562,7.88755585102271,88.1212534059946,0,918,0.587924646699614,54,3,38,1.813079,3,1
605,454.64132231405,434.652892561983,8.11900826446281,10.4934649792036,16.4536520575902,10.2259609040564,6.2693090005893,-36.3425564347496,-58.8110567969399,-6.25934835445297,0.417131750460388,-0.30689099871813,0.855464211795935,0.664207070872289,0.745413314470857,-0.0564620014950365,-0.620346733497571,0.591757471871172,0.514774732017349,16.9201666270151,6.53564227570566,2.45651470905438,0.71767497034401,428.458020933096,454.845853969499,434.687319178149,8.18344529985779,67.4148760330579,0,627,0.807382682745679,56,0,13,2.563733,3,2
5801,455.74021720393,504.2870194794,10.4311325633511,22.2929776721924,68.3289991707791,21.2111139389728,16.7752144212708,45.138032066638,-1.81605826990877,-65.5281176449329,0.705046919395517,0.70845220656789,0.0316908892266987,0.273274880224285,-0.312654898014972,0.909707510459076,0.654392604855291,-0.63272615384251,-0.414038564573847,291.803257980021,28.1194596582553,17.5879886799758,0.30067900274711,3246.64001892356,455.585926724062,503.470314981786,10.8385470226459,442.045681779004,0,1937,0.480896811114596,57,10,130,2.757555,4,2
3690,491.232520325203,683.513008130081,9.65013550135501,19.1723749857545,64.3759125926782,19.4104675180138,9.73245400794923,61.6403785046103,-8.93840202206565,-35.6383736875387,0.469235695225646,0.869296981066248,0.155372523424225,0.672169677911649,-0.46570632826302,0.575591469630958,-0.572717894274533,0.165651364391852,0.80284110448635,259.016132633759,23.5478905792417,5.92004131355292,0.426293900184843,1940.69653984116,491.579071389826,682.748771816509,9.06515663708401,387.687804878049,0,2626,0.595037135578056,58,1,51,3.117128,3.741657,2
2756,484.460087082729,483.966618287373,6.08055152394775,17.3950973525524,47.6899817188065,12.9711192361388,6.82925150912397,45.3400470123993,2.68396397135383,-80.0443411179059,-0.702126651470389,-0.710510667608111,0.0468268780729222,0.155391108236567,-0.0887151796014016,0.983861382710645,0.694889752965167,-0.698071778632662,-0.172696332041653,142.145897271256,10.5156208898831,2.9149172609295,0.82048228639476,1424.97048901239,485.06255530925,484.498748149057,5.81918803830686,331.294629898403,0,1407,0.667110428478379,59,0,24,3.111031,3.605551,2.44949
1142,498.493870402802,540.422066549912,3.26707530647986,12.9684825063025,50.7924975723014,8.19289738698468,6.05559734158151,-88.77364882639,-4.66693388525626,-19.6305065498744,-0.0213312726118238,0.996456214025995,-0.0813633230500186,0.942247984632916,-0.00716969422455443,-0.334839261347791,0.334236012817242,0.0838069747318683,0.938755920738892,161.242363102015,4.1952229746038,2.29189119771057,0.612989801395598,854.406544663077,498.120617390913,540.639050791008,2.87396201363728,311.292469352014,0,1610,0.61839166515339,60,1,42,2.665433,3.162278,2
816,504.169117647059,589.639705882353,2.08700980392157,11.5939256811142,52.805070210606,7.16390689306004,3.85779196256211,68.0931329651354,0.179635971049211,0.862832223120392,0.373097149540389,0.927786983802057,-0.00313523401340561,0.927668727871153,-0.373100481497936,-0.0150586199873768,0.01514094893832,-0.00270986964450786,0.999881697138095,174.273464996689,3.2075976232771,0.93015992665055,0.64813343923749,742.128965088598,505.031670269615,589.99063946976,1.80367857423143,171.768382352941,0,764,0.569025219097128,61,0,38,2.145841,3,2
2494,498.742181234964,478.875701684042,5.26984763432237,16.8254210959085,51.4093257136262,11.1860097222142,6.86423606550252,37.4949253150314,3.56427669619321,-88.216367000449,-0.791872554533723,-0.607513758087967,0.0621682484076074,0.0682464999640267,0.0131279370182535,0.997582113167786,0.606860999421528,-0.794200661674038,-0.031065034647094,165.182423145607,7.82042584409184,2.94485854768413,0.78999049730757,1375.0972875242,499.2663816568,479.517255263326,4.62851440789255,734.931435445068,0,2376,0.646767713442617,62,5,36,2.935499,3.316625,2.828427
2997,506.903570236904,365.37037037037,5.31698365031698,17.888037921272,56.6969197903911,11.6670215714931,9.02230657270317,50.2487523818989,2.72438195863733,-80.4241648930634,-0.638732991238542,-0.767958931557841,0.0475315194792254,0.157867535242823,-0.0703409341581465,0.984951772574737,0.753059099420372,-0.636624875748897,-0.166164858974094,200.908794607377,8.50746202185539,5.08762599324017,0.670020120724346,1600.98513311271,507.874741663362,366.194316008253,4.73368832482949,598.171171171171,0,2351,0.627896391817901,63,0,38,3.062766,3.605551,2.828427
4571,503.154889520893,260.899803106541,7.40363159046161,20.5906883941724,76.7735545052037,17.7500926514268,10.8844846029814,4.99974548929293,8.7298768507515,21.1211445996128,0.984654043191029,0.0861416589147182,-0.151776249218974,0.0268134231960401,-0.934037725813972,-0.356166487885614,0.17244551476936,-0.346631131544302,0.92201377597097,368.386166960217,19.6916118208898,7.40450031703376,0.411061151079137,2438.8581899932,503.819418565699,262.77547871907,7.23142388932649,241.634215707723,0,1521,0.546141346599011,64,1,74,2.985789,3.605551,2.236068
4267,512.070541363956,454.30513241153,7.06304194984767,20.1237079940202,69.9199604089333,13.9056088192818,10.0355893527666,40.714391901735,4.21444592996843,-91.0026255235135,-0.755920946853688,-0.650525014069259,0.0734896467403046,0.0442805614208814,0.0611922727609215,0.997143288416768,0.653163650234821,-0.757015661545086,0.0174509079242514,305.550053974175,12.0853722896804,6.29456585358509,0.578419411684967,2196.50366400489,511.114173251347,453.438203806213,6.90235149780186,320.913991094446,0,1507,0.579207203330914,65,2,57,3.024707,3.605551,2
889,522.758155230596,195.038245219348,2.5185601799775,11.9298334208355,44.9587070326644,6.39866723364407,4.80220789780196,85.1224681689654,0.13425765376713,16.9121163790897,0.0850259727935735,0.9963759798368,-0.00234323595987802,0.953229457156412,-0.0820281897767114,-0.290903726499419,0.290041696933044,-0.0225007307928648,0.956749461015781,126.33033362806,2.55893389793189,1.44132504335697,0.827746741154562,709.834428610671,525.871142287332,195.413788508198,2.04128832438791,489.574803149606,0,2245,0.629885443451135,66,0,38,2.580568,3,2
2336,545.901969178082,708.682363013699,3.76412671232877,16.4623338729139,82.5611039271678,15.2178124262525,8.2950366395477,-88.4736540789551,2.26457103203224,5.59615810769327,-0.0266158083517641,0.998864479301463,0.0395139309054354,0.994983452088569,0.0226577795206146,0.0974400076822095,-0.0964340646021726,-0.0419091519481435,0.994456682901418,426.020992604538,14.4738634400378,4.30047705321492,0.359329333948623,1646.13891373755,551.272804611924,708.614917686011,3.22163532687307,204.799657534247,0,1292,0.517209153006506,67,2,73,2.346112,3,2
990,531.493939393939,619.926262626263,2.95858585858586,12.3655144919218,46.9978974139841,6.05800667036382,5.8333192346598,58.0619312818477,-1.75419106542878,85.7256417369072,0.528754380972782,0.84822269063053,0.0306116269021096,0.0793983336886732,-0.0135224388846544,-0.996751246928778,0.84505308070532,-0.529467100721202,0.0744975170346848,138.050147583461,2.29371530113578,2.12672583084074,0.748865355521936,753.603557373011,530.922219922737,619.548275916964,2.42893530310749,380.70303030303,0,1709,0.637428260879375,73,0,29,2.468206,2.828427,2
499,525.815631262525,351.258517034068,2.19038076152305,9.8408808701007,29.1516500584974,6.58135470349126,4.01108653997167,31.6127794762474,-0.950055414639133,11.1206960142,-0.85149296897073,-0.524103806222328,-0.0165808352226539,-0.517056939037767,0.833943067430875,0.192849895195405,0.0872458915153427,-0.172783565732544,0.981088168222633,53.1136688208184,2.7071393583229,1.00555095194637,0.835845896147404,447.364094793881,525.519486118926,351.032877573242,1.82742745229865,274.230460921844,0,1298,0.680074822211188,74,0,19,2.358941,3,2
2776,514.320965417867,513.08969740634,9.55151296829971,17.4370741015909,51.8351673483079,11.7617973090637,8.93456092234567,62.7503053104713,20.3026760767545,-45.9990148505121,-0.429423015560051,-0.833787221315987,0.346979456564041,0.731856367965674,-0.0961761547743489,0.674637979898043,0.529133376735397,-0.543644200578822,-0.651512741856681,167.930285876693,8.64624224621861,4.98914867969416,0.65363786202025,1445.05852131153,514.745855960282,513.258689250622,9.31639173738111,430.116714697406,0,1811,0.661015531090959,75,0,32,3.410838,4,2.828427
3571,534.091010921311,507.870624474937,9.47129655558667,18.9640202020659,70.4186777542854,11.8634214944737,8.71327258959514,20.3111159764598,-5.81346952477998,-57.0726960316642,0.932998320280345,0.345332353105009,0.101290178462735,0.108951608339188,-0.539287513306531,0.835044025804605,-0.342992246842927,0.768058945583355,0.540778859345505,309.924386041367,8.79629809722128,4.74506995128685,0.579425604413435,1837.29454858262,533.83015069536,506.927079909413,9.39138682223054,293.923550826099,0,2107,0.614938812470937,76,0,53,3.345485,4,3
590,531.64406779661,550.628813559322,2.86101694915254,10.4060153720115,27.467652386247,6.00584293686749,5.70418510041638,27.0647557676905,2.25621532036219,71.2962187107909,-0.889802519151785,-0.45464449955561,0.0393682096997929,-0.112700751423048,0.302525698261866,0.946454828568089,0.442210377015079,-0.837721063907909,0.320426905151834,47.1544954757315,2.25438433639507,2.03360797873827,0.813793103448276,465.987961396541,531.533838298888,550.522959474344,2.30795483524414,312.377966101695,0,1493,0.730035705900112,77,0,20,2.508641,2.828427,2
1216,529.995065789474,1001.08470394737,3.05592105263158,13.2427541816114,42.2154589548432,10.1623511937307,5.44668919060618,52.6791410567166,-2.66614736234872,-17.4990284498169,0.605621682087441,0.794391978739888,0.0465162584405052,0.749970160037957,-0.589343823165723,0.300364140917404,-0.266020933834575,0.147021230474155,0.952689676941892,111.384060923003,6.45458636154505,1.85415144619164,0.669603524229075,912.393049624443,526.654086560541,998.005834835953,2.45053925099463,170.115953947368,0,1281,0.603843699874709,78,1,38,2.272814,3.464102,1
546,538.738095238095,371.122710622711,3.46153846153846,10.1406238476543,20.4371507620959,7.68691987569709,6.26843491745874,29.8727096199123,-9.68245584238184,40.6937794245789,-0.854781771667547,-0.490979706500186,-0.168187546001129,0.472733627519875,-0.602846139613245,-0.642728130211607,-0.214175255892902,0.628900198567626,-0.747404508954027,26.1048207045399,3.69304607346168,2.455829769651,0.725099601593626,433.785900203874,538.265600796117,370.686256653867,2.97626669921233,195.086080586081,0,1002,0.744738469703793,79,0,14,2.40046,2.828427,2
1184,565.322635135135,264.339527027027,5.47804054054054,13.1255555203352,25.9209189878727,10.9731797341469,6.622181892404,56.1680074389079,15.6267847856575,-72.228877251184,-0.536179886323729,-0.799969314424916,0.269370053050448,0.396352472612524,0.0431500328935024,0.917083852281364,0.745262267229336,-0.598487402239862,-0.293933636054758,41.9933775734911,7.52566709236825,2.74083081350521,0.827972027972028,697.031320567723,565.475652579553,264.424989721091,5.20347374656932,885.357263513514,0,3668,0.776484813455853,80,0,15,3.075897,3.464102,2.44949
2605,571.831477927063,316.561612284069,4.77236084452975,17.0714221447048,48.3753400351295,17.4391531671056,10.4821029624589,14.3568667994001,-2.12726708113525,4.46991050868069,-0.968102468662585,-0.24778976740546,-0.0371192852646375,-0.250009020691259,0.965106164951432,0.0778818332201805,-0.0165257297087532,-0.084677751162196,0.996271337897315,146.26084521965,19.0077539491107,6.86715515722431,0.488193403298351,1481.40287053758,571.789722752092,315.859220235575,4.17366032446775,409.730518234165,0,2007,0.618039303446641,81,0,37,2.982897,3.316625,2.828427
1273,588.595443833464,687.023566378633,2.87666928515318,13.4465207727482,52.9011231693388,9.59782906332833,5.94155284156147,-30.2022618408598,-1.77102435725325,-11.5489278784988,-0.863842104412906,0.502813764776282,-0.0309052842566363,0.498216756541679,0.843644733860741,-0.200109036602872,0.0745444977484646,0.188260141773405,0.979286085306478,174.908052036098,5.75739517055443,2.2063781355667,0.573940486925158,996.169527426564,586.732055297631,690.610071958994,2.47745578758104,409.808326787117,0,2001,0.570212159616096,82,1,49,2.412453,3.605551,1
859,586.331781140861,277.558789289872,4.0197904540163,11.7941011246583,23.3709377159316,9.17539822598072,7.30591578665919,31.5060856268221,1.48473589717302,21.540147494483,-0.852298418779105,-0.522413671919928,0.0259106298220522,-0.477980995941325,0.798012079757548,0.367029819061029,0.212418391071903,-0.300434145782685,0.929848240941635,34.137545607622,5.26174578783313,3.33602534260975,0.678515007898894,592.317173648517,585.31449595034,276.506325141019,3.70241759008204,133.528521536671,0,852,0.737777221170319,83,1,21,2.513683,3.605551,2
2495,592.760320641283,482.565130260521,5.30781563126252,16.827669581983,67.3108654721625,10.291566900896,7.76761469211552,7.98341907619065,7.66494654348058,-97.5967793776072,-0.981459885019368,-0.137645566870162,0.133379878612786,0.112566976837888,0.149281500109422,0.982366382492122,0.155129525956048,-0.979167366514057,0.131019458595201,283.172038163222,6.61977182972621,3.77098987532304,0.572247706422018,1542.41778264884,593.175830389115,485.513442685725,4.30616326274191,267.952705410822,0,1300,0.576760886734083,84,0,65,2.776332,3.162278,2
638,594.557993730407,300.493730407524,2.79623824451411,10.6808877803097,29.2164551387563,7.26396340465901,4.80981055558466,16.6443626846397,1.25898152364043,37.2263611057948,-0.957869795651558,-0.286361141164104,0.021971604621305,-0.215335452452688,0.766696834272169,0.604819483179925,0.190042357108721,-0.574607049337395,0.796059445868418,53.3500781796849,3.29782277151408,1.44589234878835,0.783783783783784,517.010180788388,594.968718646037,302.574411205576,2.29304404076675,237.454545454545,0,1824,0.693211057860243,85,0,17,2.165304,2.44949,2
