Volume,Centroid_1,Centroid_2,Centroid_3,EquivDiameter,PrincipalAxisLength_1,PrincipalAxisLength_2,PrincipalAxisLength_3,Orientation_1,Orientation_2,Orientation_3,EigenVectors_1,EigenVectors_2,EigenVectors_3,EigenVectors_4,EigenVectors_5,EigenVectors_6,EigenVectors_7,EigenVectors_8,EigenVectors_9,EigenValues_1,EigenValues_2,EigenValues_3,Solidity,SurfaceArea,WeightedCentroid_1,WeightedCentroid_2,WeightedCentroid_3,MeanIntensity,MinIntensity,MaxIntensity,sphericity,id,nb_branch_pt,SkeletonSize,MeanWidth,MaxWidth,MinWidth,channel_2_MaxIntensity,channel_2_MeanIntensity,channel_2_MinIntensity,channel_2_WeightedCentroid_1,channel_2_WeightedCentroid_2,channel_2_WeightedCentroid_3,channel_2_Ratio_MaxIntensity,channel_2_Ratio_MeanIntensity,channel_2_Ratio_MinIntensity,channel_2_Ratio_WeightedCentroid_1,channel_2_Ratio_WeightedCentroid_2,channel_2_Ratio_WeightedCentroid_3
2910,35.9051546391753,714.748453608247,12.4948453608247,17.7132446993033,60.1491865638296,12.9892634968377,8.14590082931613,39.3044399198643,-29.1774133130799,-56.5371855113984,0.675608120177835,0.553066271340986,0.487515504835232,0.0345704088894479,-0.684289781462081,0.728390267518584,-0.736449967600643,0.475252769051961,0.481431460053718,226.120290268148,10.5450603868925,4.14723127006583,0.573399014778325,1570.44021878541,39.355709128217,719.181000222616,15.9075408693632,177.520618556701,0,1084,0.627660369549898,1,0,39,3.272233,3.741657,2.236068,150,6.1893470790378,0,33.8167231136528,712.227305535506,10.8719116095719,151,0.971285897341336,0.000928505106778087,27.9070239897786,705.891443635602,6.8120940665916
1146,48.0130890052356,992.044502617801,12.0392670157068,12.9836061147659,29.3455576075472,9.30076351045748,7.78838184227605,8.61941249450269,52.8033474678638,-43.2308742989435,-0.597724554706768,-0.0906044986618372,0.796565239966466,-0.648632541396823,0.638601451986915,-0.414082131661464,-0.471170014900878,-0.764185193747197,-0.440476794752987,53.8226094561172,5.40651261734108,3.79118073256845,0.6874625074985,696.143703295564,48.0501904205932,991.628151669307,12.7494648764351,62.7801047120419,0,473,0.760749432390993,2,0,17,3.074339,3.316625,2.828427,236,14.979057591623,0,47.6656763369451,993.328847722242,9.90999650471863,206,4.68917312420226,0.00275482093663912,47.8828253602094,993.101336631063,9.81406341603166
2879,66.8624522403612,152.554706495311,4.75859673497742,17.650120749081,55.5527629610365,18.5745030839184,7.39504632664431,-41.2588680309741,-3.41835395024323,14.95737571328,0.750400239522356,-0.6582888450605,0.0596261435421012,-0.625549453735436,-0.736416260090471,-0.257641170634007,-0.213511970287588,-0.156034894633467,0.964399165387774,192.881842037819,21.563260300906,3.41791938582597,0.501218662952646,1744.86703391457,66.1212651656908,154.561417275306,4.88436349369228,138.106286905175,0,1208,0.560896715514358,3,7,65,2.670621,3.162278,1.414214,321,17.9256686349427,0,68.6124825608433,153.631956285847,4.53530460393737,159,3.37643103238604,0.000862068965517241,69.224922486366,152.178760550123,3.97900502016647
616,97.5032467532468,743.125,2.18831168831169,10.5566801484706,32.9315251301887,9.10114323053654,3.97345857978968,-14.2133865291488,2.16776889581375,-9.53790486490417,-0.968694270378774,0.245358163832531,0.0378256787918369,0.236063817217866,0.957526317196202,-0.165581478665968,0.0768458504791513,0.15146855554011,0.985470441944723,67.7803342125157,5.1769255064213,0.986773317831515,0.649104320337197,571.484389572501,97.0299940487998,746.565760761754,1.62007538186868,40.9172077922078,0,402,0.612632775188861,4,0,30,2.167892,2.828427,2,247,4.18019480519481,0,96.7712621359223,743.732427184466,2.02640776699029,95,2.30501700011252,0.00248138957816377,97.4897674894587,741.86797123361,2.37743865220452
3943,133.187167131626,712.41491250317,8.08191732183617,19.6009017419156,81.3084431568387,22.3898438219328,8.63969614897793,-77.1520839152211,9.35310528173514,-1.05384620480577,0.21940771558069,-0.962002086300738,-0.162518430636929,-0.97413416433568,-0.225240531007383,0.018147536073498,0.0540637051790713,-0.154333046184346,0.986538608792262,413.191433036804,31.3315691481589,4.66527184666651,0.393042264752791,2186.2189516906,143.624805256384,710.27171121908,9.96940446940447,82.3702764392594,0,817,0.552088017227515,5,0,64,3.005976,3.605551,2,152,3.27085975145828,0,133.755291928355,712.150189966659,7.89160269830193,109,1.31954883216842,0.00130208333333333,124.819927148473,714.563760314937,6.43764432820845
1475,114.52406779661,529.122711864407,6.49152542372881,14.1231357221727,43.0652077369428,9.06263753216201,7.22521827624004,-27.6087703945514,17.1208507228647,127.854939313239,-0.84686452109404,0.4428951463451,0.294388131989241,-0.0784196282974368,-0.651507749093962,0.754578037560206,-0.525995099606312,-0.615939560520731,-0.586470470676636,115.913257339127,5.13321243995943,3.26273619620707,0.645796847635727,922.56477672222,116.221192363619,525.746883062057,7.81521647356818,72.2677966101695,0,677,0.679227512108494,6,0,30,3.027635,3.316625,2.44949,173,7.12677966101695,0,115.18845129376,527.121860730594,7.33314307458143,105,1.95745436440975,0.00147492625368732,112.713044721097,531.893077839132,5.4388346491135
1587,150.890989287965,344.724637681159,2.95148078134846,14.4719182798669,71.0867485504954,13.9508090846975,6.08090181252931,-19.230774462726,1.10715270490865,-1.45355934792173,0.944023319842239,-0.32931234711038,-0.0193222574946764,-0.328805059460328,-0.944057204250846,0.0253619395032668,0.0265933162153314,0.0175890063030671,0.999491581950514,315.832863717585,12.1640671323548,2.31108542835139,0.40464048954615,1223.56889785876,151.176868009922,342.972094085905,2.55314635101614,57.9180844360428,0,559,0.537741614330693,7,0,63,2.34771,2.828427,2,555,8.30938878386893,0,150.728293015849,344.681656176538,2.64677333737772,138,2.8373212620003,0.00178571428571429,150.17505922689,346.506401736167,3.01622324312366
354,156.158192090395,307.079096045198,2.7683615819209,8.77677328038666,15.400734617017,6.23344725090157,5.43302552973672,-77.6585071723597,-0.588062751143154,-3.87006784581512,-0.213726635822597,0.976839591086048,-0.0102634510179449,0.974811476303812,0.212573787573879,-0.0674905215780643,0.0637456728440369,0.0244294519655667,0.997667124380834,14.8239141714867,2.42849153936077,1.84486040042318,0.917098445595855,278.188127985947,156.304174890843,307.098899455709,2.62859620790717,94.4576271186441,0,601,0.86992345496574,8,0,8,3.020285,3.162278,3,248,5.75141242937853,0,157.213163064833,306.802062868369,2.96168958742633,123,2.33985522656689,0.00166112956810631,156.731699579476,307.358666528876,3.2728032333619
1425,165.654736842105,377.278596491228,7.01543859649123,13.9617143191655,32.500422137119,11.2297151768249,6.70364612550271,15.6869258379958,24.7748798935963,-83.1505461192143,-0.874142882602823,-0.245495268487554,0.419054046568041,0.432812196989123,-0.00232343229968478,0.901481116718369,0.220335705078126,-0.969395004532503,-0.108284358312512,66.0173399431835,7.88165643453828,2.80867946099797,0.7398753894081,858.694479082859,165.691878198591,377.568721681266,7.00861960576131,150.696842105263,0,819,0.713162825154282,9,1,22,2.958642,3.162278,2.236068,258,1.6540350877193,0,165.287229529062,376.951633432329,7.24140857021638,83,0.430289832952618,0.00121951219512195,165.595901155937,378.204134382799,5.19281673754234
1991,185.996484178805,294.44450025113,12.3977900552486,15.6083697968188,49.9077137125807,12.8593466894007,7.24378535386026,-42.7320276771543,37.6600554804241,86.1699037657716,-0.581494708206993,0.537190014907184,0.610975279541884,-0.493107774751424,0.364598238296485,-0.78988153992279,0.647076986769707,0.76058859609852,-0.0528806266785675,155.673743001057,10.3351748298876,3.27952664080003,0.536368534482759,1181.03714164506,188.481599673915,291.716471161858,15.0070144390642,194.690607734807,0,1217,0.648039396413636,10,0,32,3.035134,3.605551,2,243,12.3706680060271,0,186.103857084856,294.530044660983,12.3339017458384,137,1.4935937069454,0.000843881856540084,180.395889052143,300.9205509243,6.95484880024299
1123,202.257346393589,574.043633125557,5.52626892252894,12.8961589692164,13.6518343807241,11.5078051784847,10.6094178103096,-45.7526318527407,-44.6412110072317,-25.7586401784376,0.496469032547964,-0.509686555897164,0.702665008705127,0.858224508874688,0.40968001147065,-0.30921348704125,-0.130265851579333,0.756559252761537,0.640818933063947,11.64828637242,8.27684875162247,7.03498414210715,0.887747035573123,560.602818393955,202.003331649596,574.336378389416,5.49390308123851,414.278717720392,0,1263,0.931998797142479,11,0,1,5.385165,5.385165,5.385165,1722,626.701691896705,8,202.487284487046,573.609348580392,4.80269996845632,298,2.52583263099665,0.0236842105263158,203.171348542402,573.259150328447,5.43902691735777
4448,193.026753597122,35.2852967625899,7.75584532374101,20.4043165305712,118.908964379317,14.6237108142133,7.12314305985278,-62.2496418319913,-6.73108969482415,4.67400409376719,0.462410624679574,-0.878884700298,0.117209631709771,0.877594547393065,0.472524086812725,0.0809246425247635,-0.126507804381415,0.0654421191885975,0.989804578927931,883.708863110111,13.3658073736086,3.1711979406957,0.426912371628755,2643.61077550292,184.835409836066,38.2984399542509,9.00211056042699,73.712904676259,0,800,0.494762144725509,12,2,96,2.880322,3.741657,1.732051,161,6.82643884892086,0,192.05542747991,35.0810499275458,7.88990251613753,138,2.26283479985447,0.00124843945068664,198.247353615416,33.1622604532642,6.88845522051679
757,231.285336856011,624.484808454425,5.92998678996037,11.3074780246735,11.5319440673382,10.0070751527158,9.29782811930817,-66.3453947422976,-71.5496671672869,172.818701645307,0.126979790346811,-0.289891861707157,0.948598356186346,0.956373819838684,0.289454423615811,-0.0395632831853265,-0.263106916614983,0.912238370802937,0.313999849146714,8.31160837326349,6.25884706950634,5.40310048351235,0.92204628501827,409.025575553204,231.401088598562,624.518405210698,6.08223701690592,174.014531043593,0,787,0.982043924223775,16,0,4,4.255521,4.89898,4,1535,774.507265521797,225,231.348579742181,624.321254234166,5.6613519994815,1177,39.2362510464681,0.828947368421053,231.700371857187,624.758913262636,5.81111083172597
1119,243.612153708668,492.672922252011,4.31992850759607,12.8808291967055,17.7676646291303,10.6445757636017,8.90839825072148,-51.5958803877686,12.8996994789029,1.05229326144943,0.605526403931925,-0.763871352153406,-0.223245003304887,-0.786063496369778,-0.6178864922806,-0.0179014617307352,0.124265658233448,-0.186324555591859,0.974597971559199,19.730619148328,7.08168707419101,4.9599724620911,0.913469387755102,583.142391875649,243.700024075479,492.640730259243,3.97709649724495,196.730116175156,0,694,0.893846412967592,17,0,7,4.571283,5,4,1514,593.299374441466,82,243.421572762245,492.701160713479,3.79338818078572,1062,23.1721481897706,0.365196078431373,243.09159470052,493.744685181294,4.53983878466939
1078,242.056586270872,523.162337662338,5.30426716141002,12.7215504976043,13.9884027184556,11.7695695185084,9.52390787133169,2.45963190589486,3.66315454380345,-47.4966328348923,-0.997037499220867,-0.0428278108565536,0.0638905608414481,0.0760542754278585,-0.672989649653411,0.735731390283521,0.0114879213325542,0.738410935778049,0.674253155414821,12.229713163356,8.6576729156876,5.66905132135085,0.911242603550296,539.895684290353,242.063581465735,523.757924623478,5.19275924191108,321.822820037106,0,1240,0.941716346694826,18,0,2,4.415518,4.472136,4.358899,1254,482.917439703154,38,242.200607009422,523.309448024818,4.93770085576803,608,6.02485822024872,0.161524500907441,241.787105723939,521.163938600602,5.23726687287848
1344,251.938244047619,637.021577380952,3.7953869047619,13.691999737378,42.6929001938063,7.89251158507576,6.1866222418199,31.0250631207517,-1.77758762243219,-65.3702559389359,0.85652953810114,0.515164947967003,0.031019779921875,0.190636073699179,-0.371666310146171,0.908582435064035,0.479598830028607,-0.772314204380888,-0.416552195945127,113.917732934894,3.8932336950347,2.3921434226863,0.798099762470309,879.399755091655,253.103961988215,639.085059256877,3.67398705026367,122.612351190476,0,868,0.669726211658932,19,1,31,2.835557,3.316625,2,195,12.5684523809524,0,251.511721524982,636.385922330097,3.75272318257163,91,2.23207479568864,0.00147058823529412,250.444619274295,634.362192698904,3.5902096064871
4887,295.481481481481,130.027419684878,12.8117454471046,21.0546441440803,93.0812737345546,12.2009798503999,9.84963401233558,74.9375265681839,-14.8625342236716,-60.184861910427,0.25117782677828,0.933336502408609,0.256500823793227,-0.422286584537259,0.344112010587688,-0.838606561320119,0.870967129032317,-0.102322516783758,-0.480568790813803,541.507720002942,9.3039943318664,6.06345563605983,0.523962688967514,2575.33648546916,305.519540918057,132.830657137206,15.9049227825027,191.394516063024,0,1271,0.540768895163386,20,0,75,2.936153,3.741657,2,393,21.4178432576223,0,298.773476387469,131.071234080769,14.2105112306414,314,2.39894008749833,0.000798084596967279,280.893990568203,125.461677085134,8.91936406233354
671,265.716840536513,162.545454545455,2.12518628912072,10.8619541679325,35.4970254382122,7.97182693492788,3.99042289419068,8.92083232130208,1.88399038710274,-3.44830852430619,-0.987369528919332,-0.154985766720943,0.0328759102617378,-0.156742333559047,0.985808281472819,-0.0601154975864891,0.0230922981117253,0.0645092574250256,0.997649889226872,78.7524259350676,3.97187654252759,0.995217179655069,0.780232558139535,593.159010503471,265.651938435176,160.977387472844,1.93815978703222,48.7049180327869,0,535,0.624877191068039,21,0,22,2.246201,3,2,1179,504.776453055142,39,265.747004030056,161.980162678437,1.97708920742239,971,173.977181617089,0.305343511450382,265.784882170845,163.232713903655,2.15611393981481
699,276.257510729614,529.376251788269,3.08154506437768,11.0109853414989,15.7252346860222,10.7777739441168,6.16206771720165,42.8780477955882,-4.07344976501616,-6.35178666061319,0.730952451727403,0.678721230628294,0.071035233568364,0.670504211506873,-0.733652696365657,0.110353176061894,-0.127014234104864,0.0330335013253845,0.991350680700296,15.4551878706547,7.26002569940519,2.37319240946117,0.911342894393742,437.986165105458,276.302360662679,529.346234054941,2.7970518181337,270.286123032904,0,892,0.86964468937557,22,0,4,3.619726,4,3.162278,1327,614.464949928469,96,276.080193522401,528.972808612585,2.73103832032241,881,12.4461955458398,0.371069182389937,276.160899688797,528.558543558609,3.44276396316068
1342,273.370342771982,771.523845007452,9.05365126676602,13.6852046991715,17.9620327883757,10.7749870187674,9.78847422325334,-10.5631427957939,-56.8935009585674,156.208144503606,0.536940840479978,-0.100128289778693,0.837656767065514,0.499936886094617,0.837562864297918,-0.220344181386953,-0.679527515076963,0.5370873056916,0.499779533712881,20.1646638681678,7.25627157841284,5.98838922620594,0.889920424403183,632.138231057309,273.358779416778,771.736390249771,9.0336726441514,222.976154992548,0,907,0.930765787912884,23,0,8,4.527164,5.09902,3.605551,631,160.369597615499,0,273.31934428667,771.052672663742,8.25770388818675,292,4.62204111292289,0.00170648464163823,273.112514989706,770.145408804391,7.35473276294138
678,285.048672566372,519.017699115044,2.40855457227139,10.8995949039911,44.2361402448471,5.8347853305112,4.69717017358133,11.1103720347015,2.07748410422815,-10.7537892050805,-0.980612832070904,-0.19257294478413,0.0362509932974281,-0.195952688098874,0.962721578605906,-0.186466367244545,-0.00100876395014905,0.189954792052532,0.981792319878075,122.302256485111,2.1277949908218,1.37896297747388,0.715189873417722,599.165313024458,284.8484119599,517.846313885914,2.076004705304,168.014749262537,0,792,0.62290802200768,24,0,34,2.295993,3,2,256,25.3185840707965,0,284.775894209484,517.957008039147,2.26412676220436,130,2.46223142224764,0.00126103404791929,285.501824862378,519.461160357753,2.58965515165473
375,287.264,418.338666666667,2.30666666666667,8.94700228939649,13.2923107376235,9.53887404299661,4.4045493553917,-59.1263584906558,-0.404746796629427,0.465167554742321,0.513133647879103,-0.858279650130411,0.00706410548508578,-0.858243349744591,-0.513178764154402,-0.00811841364700845,-0.010593018147261,0.00189689034478822,0.999942093210178,11.0428452965963,5.68688237550966,1.21250343900509,0.930521091811414,295.891181781653,287.443880408054,418.220570691208,2.0893044092226,219.056,0,973,0.849910015799447,25,0,2,3,3,3,1371,546.666666666667,60,287.131117073171,418.181604878049,2.08143902439024,886,18.9828019023825,0.600616016427105,286.23916045316,418.931543086002,2.59173005406537
1002,292.577844311377,332.993013972056,5.96806387225549,12.4152756497588,12.8279205955904,11.1737699277375,9.90706405366127,-31.8407433922631,-42.0974851009403,172.231209664131,0.630346650157328,-0.391452318422919,0.670394050567841,0.599702118362618,0.793912485982951,-0.100301215504889,-0.492971063924469,0.465261267463445,0.735194860653613,10.2847216754233,7.80332089987562,6.1343698852092,0.928637627432808,495.044721576023,292.879397313261,332.985586221316,5.97281898489363,152.74251497006,0,747,0.978178631424415,26,0,4,4.834714,5.385165,4.472136,2279,949.625748502994,189,292.698337931216,332.951511520979,5.64571503638895,1272,67.2314712694532,1.21107266435986,292.54417801209,332.798526374184,5.31839979596212
779,297.590500641849,383.546854942234,3.95250320924262,11.4159733197957,13.4434980435433,10.2394617450412,8.29433814463617,-26.471201442929,-3.81879121382234,-7.07089521765626,-0.893170981417555,0.444758232669439,-0.0666011443321976,0.449696734518397,0.884696047112001,-0.122824065996408,-0.00429475460199431,0.139653208689084,0.990191161536878,11.295477477922,6.55291105176017,4.29975282859791,0.943099273607748,431.673153357748,297.684967082033,383.553967241497,3.77441510809395,112.700898587933,0,575,0.9484637197973,27,0,1,5,5,5,2072,850.127086007702,162,297.674714495605,383.409788463252,3.57916584245503,1290,110.088458907322,0.761506276150628,297.526698437801,383.833479511025,3.94849378912757
917,297.179934569248,296.118865866957,4.21155943293348,12.0537886166919,19.1480273107832,9.47965750846653,8.33307025413655,-48.5575555957256,8.19253546581083,-3.25662083922646,0.655112876095323,-0.741970938921135,-0.142499983756504,-0.743052491102447,-0.666866823607544,0.0562284184201581,0.136748363941082,-0.0690490070028076,0.988196397277061,22.9154343684062,5.61649415486411,4.34000374127347,0.82168458781362,570.75429407765,296.453481997034,296.745736595163,3.80389780524824,188.960741548528,0,815,0.799738175096093,28,0,18,2.535275,3.605551,1,1327,521.801526717557,0,296.69417252535,296.605021609557,3.77274855169992,788,28.4225265965005,0.0120481927710843,298.10022417409,295.248122249578,4.92482729391819
1897,310.41381128097,571.67053241961,5.88824459673168,15.3587629050146,21.6296962564716,12.0945438961977,11.0496988237118,83.7654638903156,11.906133417617,-53.6702405063566,-0.106262287779801,-0.972699825632461,0.206308931969469,0.606977687233602,0.100886502423358,0.788289287526686,0.787582639090242,-0.208990341507358,-0.579686659981311,29.2402350092014,9.14237450356586,7.63099025592108,0.820501730103806,870.321933311013,310.510971266822,571.498900579181,5.71822709128193,149.357406431207,0,737,0.851495616586954,30,0,10,3.888578,5.09902,2,1391,477.850289931471,20,310.938131148771,571.60799000973,5.26086673535713,1052,33.6735566953969,0.325373134328358,310.167259045336,571.584346286665,5.5807385365291
1645,311.697872340426,535.057142857143,7.28085106382979,14.6461145549254,14.3633653229356,13.6735686162266,11.9164728816811,84.688220941592,40.8065797760549,-31.5767327043842,0.0700720896130513,0.753669561418444,-0.65350753205192,0.879960666289456,0.261864588396184,0.396353583467482,-0.469850112313148,0.602834247148773,0.644850170523274,12.8941414625068,11.6854049189161,8.8751453712401,0.895969498910675,702.832679621276,311.286713163308,534.765676930045,7.53450091274331,310.031003039514,0,1063,0.958832573144951,31,0,5,4.944993,5.744563,4.123106,829,260.882674772036,8,311.735550574156,534.979869603311,6.9999207739915,416,2.68693930235448,0.0478260869565217,313.428776835457,535.919691462028,4.71521748402863
433,325.170900692841,598.168591224018,2.21247113163972,9.38634309355595,15.3953737938271,10.1516132448918,4.19183890514615,9.53733813685298,-1.3423319361707,-2.30741219702426,-0.985907202474011,-0.165644837212589,-0.0234259688099285,-0.164625846567259,0.985534508586302,-0.0402500065536414,-0.0297543064426345,0.0358262514138685,0.998914991857539,14.8135958907286,6.44095321711641,1.09821958791856,0.887295081967213,348.789311899656,325.048024198114,597.939051809197,2.01612668424373,142.778290993072,0,601,0.793559607348127,32,0,9,2.600767,3,2,999,389.362586605081,25,325.205315728911,598.191590448059,2.04539307448664,1000,37.1233984035117,0.141993957703928,324.992376100779,598.329967785106,2.48836111139931
3429,323.000874890639,713.927967337416,11.0539515893847,18.709246095637,59.6792195734238,17.5357706824809,11.5769304515997,81.3018729947901,24.8040782081524,-47.7553962873563,-0.137277316798947,-0.897307461601241,0.419516695314048,0.71153047563215,0.205318134887847,0.67198872440902,0.689114881960307,-0.39074772275845,-0.61027608229384,222.600578055808,19.2189533392848,8.37658241757353,0.396966890483908,1915.56819650897,323.349057923065,713.973414125015,10.7607203034293,171.001458151064,0,967,0.57406997090823,33,1,54,2.95418,3.605551,2.236068,576,21.3152522601342,0,321.692611848406,711.957244493091,12.8184703789848,253,2.66780908630946,0.00103305785123967,320.108358944354,711.520768039954,14.2079259968864
1453,328.212663454921,550.366139022712,8.10323468685478,14.0525669803079,15.1985327497433,12.6810668220512,10.958465072401,37.8985388006133,8.12814968429132,-77.5919615086739,-0.781172701270081,-0.608094361279984,0.14138761816331,0.24095150351392,-0.0847348597841059,0.966831100291954,-0.575944080397382,0.789329621461691,0.21271380993804,14.4372123590638,10.050590984083,7.50549729643954,0.885435709932968,657.743791209525,328.083677233526,550.228645903517,7.99726704622019,163.435650378527,0,896,0.94320141461558,34,0,7,4.108236,5.385165,3,1120,348.953200275292,0,328.282762918886,550.358164917589,7.69279469221682,666,19.9460884400681,0.00303030303030303,328.724502846913,551.094986888241,8.0805853368177
771,337.463035019455,609.239948119326,3.80804150453956,11.3767597061494,12.1795201892603,11.9220441449192,7.9183135447192,42.7952261602417,4.93705814114744,-13.2614104048191,-0.731064008192358,-0.676859559842551,0.0860613279904051,-0.675749933074648,0.700806720021009,-0.228543144992371,-0.0943792555349606,0.225235604252842,0.969722371971238,9.27129450253742,8.88344603708759,3.91873058703022,0.921146953405018,438.991569844115,337.578529330996,608.877806882275,3.46670821098883,245.597924773022,0,795,0.926255634439437,35,0,2,4.999,5.09902,4.89898,1392,611.297016861219,99,337.54320723091,609.04232882816,3.36961023530161,944,15.0376021942235,0.47166921898928,337.227704654902,609.825859422736,4.2803561611509
655,339.84427480916,656.841221374046,3.29312977099237,10.7749242557676,13.0058190652277,11.7178449722864,6.62246522073823,-24.1917573181918,-4.37116978538259,-7.03847571337749,-0.909525759595163,0.408599819966042,-0.0762173192690538,0.415222818219429,0.901477788456795,-0.12217940967676,-0.0187857356192907,0.14277249049717,0.989577239074585,10.5719580973401,8.58174317465863,2.74106534999296,0.896032831737346,412.432769867504,339.993342180181,656.984994385655,2.97558043258816,134.606106870229,0,546,0.884351994454123,36,0,1,3,3,3,2835,1027.20916030534,193,340.013562279474,656.912452327659,2.88577216559506,1711,101.676529885287,0.655577299412916,339.241557052231,657.035500699473,3.54632574881163
490,348.524489795918,280.489795918367,6.43265306122449,9.7813579571064,15.6701585972692,7.28552684197143,6.46448133136345,-62.3996008191035,59.3428164345128,-113.59755744344,-0.236237897684777,0.451873752683074,0.860233553945435,-0.719976265554728,0.513127819638404,-0.467262257999729,0.652553317925321,0.729732795171804,-0.20411813960401,15.347116903973,3.31743133531789,2.61184493022166,0.862676056338028,340.161708272524,347.950795900745,280.784463235414,5.29752187301432,125.259183673469,0,751,0.883614337261896,37,0,9,3.051146,3.316625,2.828427,214,25.6612244897959,0,348.182917130587,280.602831239065,5.79107682519485,156,4.62709265942954,0.00132978723404255,348.699943735023,280.466273861434,6.40282464828811
6197,355.744715184767,415.99402936905,13.2131676617718,22.7891236393115,62.5077423135862,21.1802681247337,10.0961225476097,-11.9712345818362,13.2379940313492,69.5481977455276,-0.95225703194165,0.20190885209351,0.228996420417352,-0.282372400244273,-0.29731553163155,-0.912068693811457,0.116070550519792,0.93318609617639,-0.340134292897824,244.201115571356,28.0377348647256,6.37073065602206,0.558791704238052,2811.72970350577,355.112353191437,417.838223552442,12.4636783781106,249.196869452961,0,1043,0.580271917289443,38,7,62,2.973422,5.830952,2,1433,281.843149911247,0,355.14508794892,411.066555134543,10.9997005580041,1136,7.82447745177841,0.00112739571589628,356.601386230209,405.116101474066,12.4172347344788
1587,353.108380592313,603.267170762445,5.94265910522999,14.4719182798669,18.9294437228638,11.655197402206,10.3061514060385,32.8013475996802,-2.2697221408484,-40.22146753621,-0.839894416800712,-0.541302974753489,-0.0396037643414888,-0.392142410916465,0.65566246727753,-0.645237211081447,-0.37523552362165,0.526400815469131,0.762955099128264,22.3952399785667,8.4902266552744,6.63854730026181,0.88659217877095,716.906697655396,353.060142424596,603.33744817908,5.91893217742357,156.7063642092,0,762,0.917781792988168,39,0,5,4.3996,5.09902,4,1527,171.623188405797,0,353.057720126594,603.35220989404,5.54088248900377,359,11.8708075328462,0.00336700336700337,353.07978253719,603.626654558457,5.32199698774814
1323,357.885109599395,586.263038548753,4.62055933484505,13.6203125613824,21.7358953170492,10.1953386052652,8.93729562800656,73.7378890677922,12.315658052031,-32.4940010214196,-0.27358765354233,-0.937898725523421,0.213297389788868,0.841789606797016,-0.126191024135866,0.524848628955117,-0.465338644126755,0.323143630741941,0.824037705565219,29.5280715771075,6.49655807975069,4.99220332139907,0.884358288770054,679.916628044318,357.828675624549,586.34044893422,4.36895684224896,193.790627362056,0,790,0.857172754095216,40,0,7,4.408566,5,4,1014,259.92970521542,0,357.811420612003,586.264025682855,4.1393190204922,598,9.83079021182038,0.00408163265306122,356.876399692999,586.013138848113,4.80495504442272
809,373.66131025958,415.367119901112,3.13844252163164,11.5606778624548,18.4220446808641,10.5237107034826,6.23036204783605,-7.07354437920076,-0.355339301946289,-7.54003808373168,-0.992369818579005,0.123140898313808,-0.00620180102405385,0.122886097082048,0.983707908434714,-0.13121645486349,0.0100573514115432,0.130977364630187,0.99133434301305,21.2107331389847,6.92178043566214,2.42608820294474,0.908988764044944,497.530568718464,373.735187858868,415.362823438612,2.83516191059155,185.783683559951,0,881,0.843911107137052,41,0,7,3.477005,3.741657,3,725,231.050679851669,0,373.911133105072,415.247410656966,2.72409586989086,512,9.43741367998573,0.00769230769230769,374.163520130261,416.397569100319,3.72513917382152
1405,383.120284697509,301.674733096085,5.38220640569395,13.896088371106,20.1838164560168,11.5993715675164,8.93448703541203,-9.90026974847577,-5.77213697244338,-73.180129541812,-0.980113755491624,0.171061988560368,-0.100572473201553,-0.144587697771937,-0.268502682507987,0.952365847318679,0.135909616838234,0.947968409576916,0.287896631614712,25.4616529206359,8.40908879758171,4.98906616162161,0.867819641754169,695.864719557431,383.168662952238,301.397562882264,5.35926991869443,243.096797153025,0,871,0.871786599491809,42,0,5,4.487699,4.89898,4.123106,1538,533.000711743772,15,383.049011438629,301.369176862082,5.14288003461233,899,13.7498811485031,0.0771604938271605,382.547044463994,301.649898820357,5.3784979956638
5590,375.851878354204,522.696601073345,13.6989266547406,22.0193449561716,34.6056843464433,29.5924748468632,13.7985083224542,16.1920032599633,60.7588196545692,-47.3900058434665,0.469109931477169,0.136218036981007,-0.872571211185956,0.805507389188611,-0.471068997830718,0.35951612654415,-0.362068664968445,-0.871515143691607,-0.330707780622356,74.8470868178544,54.7321604726395,11.8999269953024,0.507766372967572,2495.90777704983,375.880389613797,523.850996334966,12.136903234196,156.827012522361,0,1416,0.61028139292238,43,8,73,3.357359,5.196152,2,766,150.070661896243,0,376.704495795064,522.026640997979,11.7810405354663,540,10.3073533731395,0.00202429149797571,376.238342899758,518.98926305431,15.5261671749663
2221,387.218820351193,627.488968932913,6.11031067086898,16.1876315989411,43.484366642971,12.1131579352256,7.00467763389964,40.8159416476221,3.06364548477907,-73.8628110380375,-0.755731571780429,-0.652697019586438,0.0534452246441513,0.220523441489442,-0.176790259238368,0.959226050517855,-0.616635389162782,0.736703335720296,0.277540973498785,118.180633896271,9.17053719773239,3.06659429717836,0.74983119513842,1198.29151783904,387.822515578233,628.444712782474,6.21091671735834,148.7748761819,0,753,0.686995688829637,44,0,22,2.988575,3.464102,2.44949,261,19.5718144979739,0,386.558190894661,626.763946720651,6.01476914582806,136,2.14521110625335,0.00136986301369863,385.339013968141,624.930539200074,6.29108275142112
615,393.016260162602,390.847154471545,3.35934959349593,10.5509645652481,12.6497792723456,10.9038781080874,6.75546179197019,84.3012510824253,4.26085420002215,-8.01341021856795,-0.099023575151358,-0.992307526178893,0.0742974094633831,-0.986369936508521,0.0880221916821521,-0.139019574606047,-0.131410349350496,0.0870509463486565,0.987498583707027,10.0010572274415,7.43090986225175,2.85226650142307,0.86987270155587,391.285117363472,393.177569376522,390.74082810732,3.07464089139482,84.7853658536585,0,433,0.89380107356435,45,0,2,3.529141,3.741657,3.316625,1631,416.021138211382,11,393.086580966414,390.882272242264,2.90440995415336,1036,82.493199539242,0.214285714285714,393.059175271846,391.057775661674,3.09859460441217
1155,396.472727272727,408.151515151515,5.47272727272727,13.0175060235015,17.5801163417225,10.1577025422678,9.20190768638914,-8.31837443740763,-16.204923106183,-67.9511337897056,0.950167138684133,-0.138925607718307,0.279073617679827,-0.310252056717756,-0.334026110674758,0.890039447827958,0.0304313960772389,0.932269399319528,0.360482589350993,19.3162806617812,6.44868255857458,5.29219406680172,0.909448818897638,575.686984390868,396.515925821929,407.988817130788,5.28019435729023,212.755844155844,0,830,0.924738707547156,46,0,3,4.793512,4.89898,4.582576,642,155.068398268398,0,396.576765454708,407.943222931928,5.11398405395748,374,4.43987447200892,0.00174520069808028,396.894293540607,409.201317011134,5.81052985976484
1258,406.913354531002,309.237678855326,6.99443561208267,13.3934976637689,15.099507456426,11.904768860953,10.1873215823537,-25.1464243868566,-20.4320112210885,91.5266531975928,0.848274469920721,-0.398199257168605,0.349095653469202,-0.327218922677265,0.124172643897174,0.936754466842574,0.416363063110369,0.908855602446261,0.0249658482610686,14.2496953391665,8.85772010204482,6.48634506389308,0.874826147426982,600.567447272461,407.096288579664,308.975052087269,7.19737026761521,147.27027027027,0,737,0.938374282734212,47,0,3,4.932653,5,4.89898,2118,889.522257551669,168,407.033121868351,309.221165145543,6.94767202344196,1310,71.4137344171424,1.07068607068607,406.504966053046,309.459822863822,6.59906701199633
649,406.28813559322,879.300462249615,4.47149460708783,10.7419227496608,20.6536981617576,7.67622013826678,6.308794446759,-1.12995184517246,18.0445534641382,96.5720014122442,-0.950631039958027,0.018750186979221,0.309756446836164,-0.305404140537102,0.12049774048549,-0.944567946460542,0.0550357775552854,0.992536510676628,0.108822507611015,26.6609529848117,3.68277222569578,2.48755546071608,0.865333333333333,442.334999700983,406.346744056611,879.852031486046,4.03490498529061,38.7580893682589,0,438,0.819525776814402,48,0,11,3,3,3,362,27.7919876733436,0,406.062205466541,880.022952819205,4.05433276043688,180,10.6641871113689,0.00297619047619048,406.032321506743,879.95653064677,4.38151861534569
606,409.452145214521,217.308580858086,3.78052805280528,10.4992433201177,10.701744621539,10.4132306277373,8.07882809950268,-53.0199819113626,-7.36004063117471,3.40937292936645,0.596580250700731,-0.7922634549756,0.128103951476831,-0.79284879302538,-0.606557654185491,-0.0589796875813437,-0.124429883356255,0.0663809465066585,0.990005441433949,7.15795862153996,6.77721075665291,4.07921646633213,0.938080495356037,362.025209268434,409.508567782542,217.28927148164,3.52743907384677,305.176567656766,0,905,0.95659269634206,49,0,2,4.94949,5,4.89898,2060,871.600660066007,180,409.488345103088,217.179253677654,3.39793445540431,862,14.011766146431,0.601328903654485,408.847975831569,217.864958363834,3.63020197675263
607,414.192751235585,427.771004942339,2.71334431630972,10.5050153077125,15.2102283943662,11.9844836828007,5.44731313927151,-0.686819436425753,7.07419978035328,-5.76320314206318,-0.992316195454274,0.011895722553775,0.123154618362767,-0.000439586250082231,0.995022162683625,-0.0996529103053725,0.123727018080466,0.0989413338970397,0.987371377670829,14.4594404880489,8.97674057145728,1.85457627733,0.85252808988764,434.073640051131,414.601057720559,428.620662945057,2.36563476588584,123.357495881384,0,591,0.798692927241701,50,0,6,2.7126,3.605551,2,332,37.0510708401977,0,414.225344597599,428.227923521565,2.47109826589595,312,5.09139103715095,0.00239808153477218,413.239029793129,426.400022831223,3.37650329240267
827,416.616686819831,658.122128174123,3.85126964933495,11.6457902114572,26.1569942922729,8.33304479031388,8.08475589178011,-19.5732747684972,-8.21344750745581,-14.1621524013075,0.932549276162066,-0.331575806553027,0.142861233504114,0.3577637514787,0.901867464308648,-0.242157335113715,-0.0485483847052992,0.276934218416936,0.959661655487134,42.7617719003748,4.33997721733608,4.08520486435456,0.674551386623165,571.434041057761,416.804565963519,658.531502834445,3.51283791600787,156.777509068924,0,1000,0.745627108676911,51,0,19,2.655862,3.162278,2,217,25.1414752116082,0,416.905252020008,657.077626010004,3.79684494036168,183,4.32174888871385,0.00152905198776758,416.167345055622,656.606039616302,4.4084955483861
2910,412.671821305842,472.852577319588,5.75120274914089,17.7132446993033,29.917329597966,18.0104103645219,10.5326021734732,-21.4998323434602,-8.29436509150222,-22.3750056910711,-0.920686444119994,0.362664922997208,-0.14425888271129,0.38999919805012,0.8402433317959,-0.376685238485381,0.0153979587589974,0.403069841342607,0.915039674476524,55.9404131420831,20.2734300936549,6.9334817840408,0.716925351071693,1396.96085106303,412.506415783512,473.552317566796,5.8325346164315,195.689003436426,0,797,0.705605377078958,52,1,30,2.665792,3.316625,2,811,177.349484536082,0,411.393319343444,473.820167917425,6.04797253176306,465,6.59899458320622,0.00197628458498024,411.680588545534,472.703649858503,6.52769379872054
504,419.087301587302,399.132936507937,2.28968253968254,9.87364036894129,22.1058255621184,8.48176662361883,4.67621416153348,72.4774780100671,-4.30220318110889,-2.12064896578832,0.300232295914557,0.950911671767713,0.0750170712958564,0.952109800614702,-0.303521577319691,0.0368995890871313,-0.0578575497520078,-0.0603460404442635,0.996499302227248,30.5417202364254,4.49627281609588,1.36668618028289,0.767123287671233,428.302870767855,418.599555447058,399.01869435058,2.11372075394123,154.426587301587,0,618,0.715078131700359,53,0,15,2.503153,3.605551,2,632,215.210317460317,0,418.094361366696,398.82410156178,2.06506186270352,391,14.7587451333081,0.00480769230769231,418.787236428664,399.094256670215,2.68286387698977
975,425.613333333333,554.489230769231,3.75692307692308,12.3027443017902,15.1730385357618,11.9390985389973,8.03147505181841,-58.0460423923842,6.25872264700356,-1.64529803066384,0.526083222188592,-0.843416548174149,-0.109018207642906,-0.846467280325619,-0.531675245398703,0.0285407913061007,0.082034057987019,-0.0772655142753386,0.993629937971854,14.388818650482,8.90887962024296,4.03153696924885,0.934803451581975,519.965791523993,425.756943782224,554.25749686902,3.42485012619279,322.664615384615,0,946,0.914490284437956,54,0,1,4.582576,4.582576,4.582576,641,136.474871794872,0,425.237706950843,554.831733840361,3.16309567648407,224,1.50857324947321,0.00157977883096367,425.085404777042,556.161942666093,4.66138650033368
3608,440.017738359202,649.439578713969,9.87084257206208,19.0292922280695,61.386773026177,15.4742147259792,9.21906020909251,43.8911789348066,-17.2614885890948,103.195425575963,0.688199761896849,0.662065387020673,0.296733063601425,0.0499372570134861,0.364797500916092,-0.929746768581286,0.723800634212965,-0.654669540023469,-0.217991823879635,235.520993910461,14.9657075866069,5.31194194617955,0.557736899057041,1738.09391663149,442.764178829959,652.126973700262,11.3363018210687,147.677106430155,0,749,0.654518466521844,55,0,34,3.411314,5.744563,2.44949,1063,229.266629711752,0,445.279488245804,654.835566989122,12.58073801309,879,15.7555579853951,0.00220264317180617,440.466242881383,649.942510511041,9.77929646846836
1458,426.397119341564,572.724279835391,7.00411522633745,14.0686675523419,14.1711777416411,12.4809081552321,11.8203064963946,-30.7360919467678,-12.8894619690204,106.155352838802,0.837872253740793,-0.498206273355825,0.223070830904054,-0.326370203762326,-0.129652157635635,0.936308073294555,0.437552941376769,0.857310228102596,0.271231628471336,12.551392411574,9.73581677370866,8.73247785429433,0.886322188449848,650.347425805681,426.513744791521,572.83064403367,7.06752612395947,147.156378600823,0,625,0.956115550172571,56,0,2,5.029901,5.477226,4.582576,1982,891.395747599451,139,426.386951921856,572.635004674317,6.71391484663238,1409,62.4484075066908,0.988888888888889,425.966282407598,572.794159999083,6.45365628948193
1139,429.841088674276,462.935908691835,2.9315188762072,12.9571166087126,62.2505751651808,6.40206304106125,5.71999541919803,-2.77517194905136,2.41063904986811,20.5685134044218,-0.997943286702937,0.0483741041207631,0.0420611765771266,0.0600904080364575,0.934439252184612,0.351016277170552,0.0223235164468041,-0.352821810588823,0.935424198204362,242.195881774739,2.56165069885771,2.04489672472791,0.632075471698113,907.040409867897,429.657527560516,465.850533865249,2.27230959747327,217.654960491659,0,1114,0.581486948363487,57,0,49,2.580945,3,2,402,51.1211589113257,0,429.802651690796,460.671750218971,2.78662819654112,354,3.97313274516982,0.00101522842639594,430.321392364058,457.330234301975,3.66976513159244
642,435.903426791277,222.591900311526,3.76323987538941,10.7031628975528,11.8729727326071,10.4212364810321,7.96506475670486,15.2224709641538,-14.6363802059002,-17.8436944698064,-0.933601106297241,-0.254047028087607,-0.252683758560817,-0.175226042630945,0.938827382961275,-0.296477619705064,-0.31254568994703,0.232515058699295,0.921005938728735,8.81046759432696,6.7876356120997,3.96514103615637,0.911931818181818,389.534877457372,435.917548261048,222.395779447843,3.3382214180256,280.632398753894,0,960,0.923906014658326,58,0,1,4.582576,4.582576,4.582576,1747,714.942367601246,128,435.966374214857,222.551160910951,3.3270028083217,623,7.35010377644087,0.497448979591837,435.723994477729,223.837537783217,4.68557587024939
