Volume,Centroid_1,Centroid_2,Centroid_3,EquivDiameter,PrincipalAxisLength_1,PrincipalAxisLength_2,PrincipalAxisLength_3,Orientation_1,Orientation_2,Orientation_3,EigenVectors_1,EigenVectors_2,EigenVectors_3,EigenVectors_4,EigenVectors_5,EigenVectors_6,EigenVectors_7,EigenVectors_8,EigenVectors_9,EigenValues_1,EigenValues_2,EigenValues_3,Solidity,SurfaceArea,WeightedCentroid_1,WeightedCentroid_2,WeightedCentroid_3,MeanIntensity,MinIntensity,MaxIntensity,sphericity,id,nb_branch_pt,SkeletonSize,MeanWidth,MaxWidth,MinWidth,channel_2_MaxIntensity,channel_2_MeanIntensity,channel_2_MinIntensity,channel_2_WeightedCentroid_1,channel_2_WeightedCentroid_2,channel_2_WeightedCentroid_3,channel_2_Ratio_MaxIntensity,channel_2_Ratio_MeanIntensity,channel_2_Ratio_MinIntensity,channel_2_Ratio_WeightedCentroid_1,channel_2_Ratio_WeightedCentroid_2,channel_2_Ratio_WeightedCentroid_3
1184,31.4822635135135,511.847972972973,11.9375,13.1255555203352,31.9733463993798,8.33546601206515,7.19825149710743,11.5806495297526,-60.3577007385779,92.3408619090525,0.484515458427076,0.099286222002519,0.869130034382466,0.842527346571216,0.214342636632751,-0.494170926300796,0.235355987442143,-0.971699274591572,-0.0202009636737228,63.8934299984207,4.34249960239333,3.23842653847558,0.748419721871049,711.291120232646,31.5700927282327,512.182666066821,12.317932539653,454.320945945946,0,1647,0.760918025726078,1,0,20,3.221374,3.605551,2.828427,255,13.5861486486486,0,31.3072236727589,510.988872311327,10.1072361059306,60,0.359376441870166,0.000656167979002625,30.844168492362,510.267526044966,9.57904377190179
492,36.8272357723577,561.075203252033,6.92886178861789,9.79464786197991,15.4412817179052,7.16047601525123,6.88014829872619,64.5409726210056,72.5608543764699,-45.1678224484985,-0.128827555560925,-0.270590396130448,0.954035795161882,0.927406607566688,0.307808479262534,0.212534525044127,0.351170108593889,-0.912159403622006,-0.211293107351147,14.902073818232,3.20452604781175,2.95852753827906,0.841025641025641,343.223486083814,36.8219647449865,561.235044816419,6.65414882981723,237.871951219512,0,1146,0.878113245765998,2,0,8,3.060854,3.162278,3,278,21.1036585365854,0,37.2404892612925,561.15910623134,5.91052682269094,77,0.903629799619579,0.00124378109452736,38.2804977623153,561.149622780045,4.75764755581225
1422,70.8741209563994,53.3888888888889,7.61744022503516,13.9519097412786,38.9963965563792,9.7828794247807,5.90038786926245,37.4411880022333,-19.5828349389356,100.67501493005,0.74805245625884,0.572781847765179,0.335169326692978,0.148896585208845,0.3473136239363,-0.925852608972605,0.646720441611568,-0.742491886486945,-0.174523548275861,95.0449340238992,5.98154561498732,2.17591106298371,0.749209694415174,884.572935171528,69.7227178758515,51.8894597544838,6.96878296875858,230.634317862166,0,1246,0.691327036094813,3,0,25,2.746954,3,2,190,11.8150492264416,0,67.9342896256175,49.4546157966788,5.65543717635855,76,0.428704398908111,0.00109409190371991,71.8436056244649,54.1819596795345,6.8448905830506
1386,99.546176046176,532.774891774892,5.93434343434343,13.8331643252601,48.5555926851506,7.69942476252345,5.90307364082559,0.319718388136774,7.29859978928117,-81.0895289269482,-0.991882104749046,-0.00553489702046489,0.127040368362085,0.12636954562871,-0.154188182656286,0.979926906593928,-0.0141643290061548,-0.988025996239029,-0.153635941562125,147.35284881289,3.70507135460998,2.17789240056311,0.772144846796657,918.90467936838,99.573378734324,534.034883505746,5.85365582841386,116.963203463203,0,854,0.654217988758798,4,0,39,2.764221,3,2,235,10.4891774891775,0,99.5710551657725,534.595061218875,5.47358646306232,109,1.58634974954164,0.00116959064327485,99.5498768573949,531.779593509463,6.1057374282136
721,130.930651872399,415.01386962552,6.63245492371706,11.1253123814313,23.6737466222913,8.26767722132499,5.71716144329693,-41.4666219327144,35.740930274025,81.2405121224691,-0.608215447478691,0.537472237505546,0.584121188931781,-0.533443030416797,0.268168998870502,-0.80219942741474,0.587803115633151,0.799505460866638,-0.12360629149192,35.0278924460281,4.27215541475101,2.04287093554507,0.834490740740741,497.772361367378,130.48229553502,415.483210985405,6.03646256153381,160.596393897365,0,907,0.781166340983211,5,0,9,2.747941,3.162278,2.236068,617,106.742024965326,0,129.607775366744,416.458699860969,4.86056574108964,345,7.98052068141924,0.0018796992481203,129.120752032784,416.283737575336,4.50957454636656
2951,206.095899695019,414.206031853609,6.72111148763131,17.7960463852764,86.4760545934767,10.1892594012227,6.58589033820648,-8.01671565105619,3.59462864475894,55.0433266927637,-0.988279260782201,0.139187622886551,0.0626969564092138,0.13078905579958,0.560191243461355,0.817973100799944,-0.0787294455133653,-0.816585927128562,0.571829605760969,467.381751128373,6.48881294658778,2.71087197168009,0.559219253363654,1846.73805561091,205.671872910196,416.931782428981,6.51732454138422,159.619451033548,0,987,0.538755394905503,6,1,75,2.815795,3.162278,2,575,16.0555743815656,0,203.373089911355,427.845715491769,4.74506120726045,576,1.63413847658343,0.00101214574898785,206.316096745262,413.335491376254,5.94314481138063
1649,244.162522741055,66.6191631291692,8.90539721043056,14.6579761633131,48.4529987373925,9.58083406629696,5.83525535954392,-88.4702756632734,18.8776708735045,-119.682572672086,-0.0252596413102636,0.945874302874154,0.323548688273049,-0.502521899007433,0.267773664189992,-0.822051705055241,0.864195401248375,0.183355032460522,-0.468558684192878,146.73081791536,5.73702383786978,2.12813781944289,0.70319829424307,1063.40487176206,244.688693249684,66.5568428564341,9.05046422969925,158.91267434809,0,888,0.6347449426529,9,3,40,2.627823,3,2,223,16.8708308065494,0,239.42016534867,66.6684399712437,6.95154565061107,129,1.738364582575,0.00112485939257593,237.812099717428,67.1427981323377,6.5185226654513
1047,247.267430754537,523.47564469914,3.56351480420248,12.5984181792832,44.1725353023642,7.10551381553178,5.20260343759489,-20.3103545943337,2.61549538003443,-89.647684788002,-0.936849254119435,0.346743551289565,0.0456331534628033,-0.0406608017079215,0.0216059165833218,-0.998939379328427,0.347361734018484,0.937711093038627,0.00614261605316626,121.950804689913,3.15552041141954,1.69169265805464,0.763676148796499,786.268267322638,247.330738733496,523.387138544357,3.42758520350635,131.29417382999,0,712,0.634177987936291,10,0,36,2.297821,3,2,431,24.5195797516714,0,248.734263010284,519.291329074478,3.39732003739483,165,3.23501243195023,0.00140252454417952,248.576677767035,519.266011129325,3.37109728683624
465,251.808602150538,438.361290322581,2.9505376344086,9.61209623372181,23.642491987977,6.01589933659287,5.0616435211736,1.60060395046197,4.90701633167889,-69.8012568289479,-0.995946079466187,-0.0278297993289862,0.0855389330377706,0.0898913716432617,-0.342900543451229,0.935060831499719,-0.00330879132385785,-0.938959381214204,-0.344012110731315,34.9354642125973,2.26194030175116,1.60126469596491,0.887404580152672,383.226905629175,251.809064984445,438.212639705035,2.73803145523678,149.316129032258,0,625,0.757408370848373,11,0,19,2.551126,3,2,508,73.9978494623656,0,251.73425557267,438.36972885001,2.49957859862245,199,6.28527878960224,0.003584229390681,251.80124283759,441.078582473585,2.83465343283625
1641,251.645947592931,405.987812309567,6.19073735527118,14.6342337023741,48.4349682158252,9.40392371041018,7.39880565493215,9.28266936242554,8.10694147794332,-86.5180472160356,-0.97704200098964,-0.159693321133301,0.141021173898021,0.148714259053459,-0.0372333276761882,0.988179006285976,0.152554899810987,-0.986464253024697,-0.0601271989043708,146.62163412925,5.5271113219509,3.421395319966,0.610718273167101,1070.22349009753,251.89133403756,406.907324985746,6.04539608314586,137.875076173065,0,707,0.628659331252594,12,0,35,2.555908,3,2,318,45.4265691651432,0,251.891112750688,407.955610704943,5.49600912200684,202,4.47066136231713,0.0015527950310559,251.759639193147,408.011898543146,5.67025229387958
535,257.639252336449,883.928971962617,2.61495327102804,10.0720619095798,26.6052766682908,6.8939259582255,4.70918522481248,11.4659840035045,-2.03417246314208,-21.4144921118289,-0.979425305614871,-0.198660858533068,-0.0354955491311334,-0.172361408265462,0.914960400077803,-0.364882188151482,-0.104964830595601,0.35125678580829,0.930376834815692,44.2400466622688,2.97038844484345,1.38602659259951,0.759943181818182,456.824223954296,257.66308734601,883.353869768304,2.42303468169849,282.515887850467,0,1195,0.697649874935814,13,0,23,2.399685,3,2,538,29.5271028037383,0,257.435905551687,881.857821105273,2.15002848642147,52,1.14879341956437,0.00127064803049555,257.922848719923,884.108515232544,2.9694308976954
1465,273.273037542662,827.546075085324,12.560409556314,14.0911466302572,40.4734295879833,12.377155026181,6.78553930141303,65.3574012994864,-50.7800880591899,-68.8255447863805,0.26364111856827,0.574712845707428,0.77472479344535,-0.0270947465207981,0.807234302384076,-0.589608900683722,0.964240237342875,-0.134454178192285,-0.228391853303905,102.38115641334,9.57462290888242,2.8777214756888,0.548073325851104,924.981326818097,275.397067822539,828.528790256149,15.3774330208292,348.027303754266,0,1499,0.674387598760439,14,0,36,2.894384,3.605551,2,572,143.696245733788,0,273.097023965038,827.191473291689,12.287979478897,316,6.21246495050001,0.00115874855156431,268.081082405584,824.640205196151,6.51305331695473
799,278.607008760951,340.415519399249,3.61827284105131,11.5128466251056,29.5429917970074,7.48866811914589,5.49451898150399,-45.1384881843215,0.309573784927028,-93.3959725728802,-0.705385290943484,0.708803497671571,0.00540305553591716,0.0457920412570234,0.0379619223410357,0.998229423233802,0.707343396292134,0.704383769078136,-0.0592353406438045,54.5492727698778,3.5050093874195,1.88685867738172,0.930151338766007,562.38435404476,278.771226536505,340.273255242579,3.25148467589841,267.438047559449,0,933,0.740426716653574,15,0,14,2.828427,2.828427,2.828427,548,140.088861076345,0,278.48275276733,340.581742323396,2.95197041034209,395,3.21462641527434,0.00212765957446809,278.402302558218,340.987819174986,3.80941830124885
1119,305.443252904379,624.92672028597,2.96961572832886,12.8808291967055,54.2617567402243,6.22049285381336,5.88601868906324,-83.4637693147973,-2.24602448209119,-11.2000092161249,0.113744020910094,-0.992736825008197,0.0391904832816339,0.975445489558192,0.104100898898071,-0.19408528988358,0.188595849921953,0.0603042214215352,0.980201513093588,184.021140283455,2.41840820902145,2.16532600050013,0.701567398119122,857.615610133692,306.209958261849,624.753207179986,2.62046449696566,209.399463806971,0,1212,0.607777807526306,16,0,41,2.388867,3,2,455,39.9669347631814,0,307.679650291796,624.420477159403,2.30785054669857,318,1.90560203960273,0.000824402308326463,305.991272439195,625.031106932657,3.13049393159983
601,293.579034941764,321.8768718802,3.35607321131448,10.4702877309537,24.4519127662792,6.93704846765741,5.4881097873877,-31.6752575602213,-0.985662752462713,-103.310508283203,0.850912020979453,-0.525026491199085,0.0172022118298666,0.106647339247657,0.204723248819196,0.972992670282931,-0.514368620333762,-0.826096589347814,0.230194151715138,37.3685023706078,3.00766509016425,1.88245931490129,0.833564493758668,447.943186439795,293.501251141062,321.947092305214,3.03583740535896,309.866888519135,0,1079,0.768854518100216,17,0,11,2.613024,2.828427,2.236068,921,172.911813643927,0,293.86873556582,321.088356428022,2.6720169361047,256,2.76542836469137,0.00171232876712329,294.801566591844,320.884087711038,3.96818761440834
1822,287.005488474204,577.117453347969,7.88254665203074,15.1536266639417,34.5970775478115,15.5551126166836,10.1476430777962,85.4038295787826,19.3395932163493,-38.921456305759,-0.075610621686515,-0.940538024899559,0.331166510393511,-0.792178115783561,-0.145044207578992,-0.592803517804499,0.60558803386608,-0.3071651047333,-0.734106757680649,74.8098609280801,15.1225955323568,6.43591625214658,0.485996265670846,1102.68313149387,288.888397953666,577.744583737479,7.52295903039459,255.765093304061,0,1054,0.65423279238048,18,1,34,2.60629,3.162278,2,592,75.9176728869374,0,290.741299287171,577.251203713075,6.41637628143029,228,2.12727009164616,0.0010989010989011,287.014615110116,575.970758028115,7.23845601296966
2654,278.326676714393,160.640919366993,9.52034664657121,17.1777956530943,73.0718358134091,9.59814804675728,6.75500585123628,89.8167976034771,11.0242537386074,-103.306289810205,-0.00313847431836547,-0.98154130698808,0.191224508510505,-0.229560371184226,0.186825790903394,0.955195351661157,0.973289363941019,0.040899713072982,0.225909334711593,333.718324321364,5.75777787046689,2.85188150313977,0.64589924555853,1620.88797717181,279.050487602277,160.565882828119,9.50011050116725,148.327430293896,0,756,0.571915327494251,19,1,72,2.783723,3,2,263,14.4807837226827,0,287.558492922565,160.889232930891,7.26373855120733,146,2.13529580735971,0.0014367816091954,286.105455675795,161.091481072376,7.85998034162579
1133,319.470432480141,42.1650485436893,6.19682259488085,12.9343247998124,41.2661685728206,7.36815824961933,5.78031510507063,60.0552653072948,-14.334638674978,77.7035111900995,0.483623561505858,0.839529642245986,0.247584794659763,0.305290800366174,0.103305018180567,-0.946639107807455,0.82030834322721,-0.533402336898743,0.206339935598491,106.431041792528,3.39310974946457,2.08825266961923,0.75132625994695,792.744846954051,319.283474085677,42.0262321505596,6.24191241571886,155.51279788173,0,1033,0.662985408238941,21,0,29,2.509119,2.828427,2,220,16.6266548984996,0,317.054942138231,40.9585412464168,5.42950419365113,89,1.46812502697642,0.000967117988394584,317.294402344858,41.3422756290102,5.87181906088608
2089,317.412158927717,522.566778362853,6.15174724748684,15.860368465466,49.861926577033,11.3703341932141,8.72997346493671,9.23416461068694,-7.22694679787181,63.0923486195419,0.979199353749117,0.159194945049785,0.125799821493941,0.183347800931146,-0.428687483574808,-0.884652827565713,0.0869034493620633,-0.88931659767312,0.44895854997102,155.38823262334,8.08028122908589,4.76327729365619,0.49164509296305,1324.88242741789,317.332626759009,522.443709578856,6.26777257218516,225.604595500239,0,868,0.596484383511155,22,4,47,2.618549,3,2,545,86.7668741024414,0,317.033940945403,520.990803063071,5.56677847905724,219,2.52574082670811,0.00173913043478261,317.641305858249,522.557685276692,5.14255857149403
1935,319.685271317829,682.310594315245,5.62118863049096,15.4606393324786,52.5652808458223,10.305235321626,5.89308660032078,5.22346207719186,4.70847352548306,-86.4020207691343,-0.992486474520441,-0.0907331399938775,0.082085901352413,0.0872971590865435,-0.0550363083426594,0.994660852139779,0.0857309973662115,-0.99435330847283,-0.0625435369940931,172.694296900011,6.63736718963048,2.17052935493001,0.681338028169014,1213.98230499622,319.887142906253,683.955041424593,5.39469558939805,150.330749354005,0,817,0.618575071797421,23,0,45,2.74629,3,2,275,15.3974160206718,0,320.23340269853,689.426293884675,5.00389340135598,88,1.60545727303309,0.00158982511923688,319.942861129344,683.309587016861,6.11920296356473
2097,339.210300429185,460.529327610873,5.37052932761087,15.880588877438,50.8870678543722,10.7308216676484,6.54400518228412,31.8790922410338,-2.025705794236,-88.412749645236,0.848633793720616,0.527798457934762,0.0353478706153889,0.0153759006845977,0.0421822325999347,-0.998991612042375,0.528757284425937,-0.848321546970589,-0.0276818914081993,161.843354675968,7.19690835392945,2.6765002391101,0.70016694490818,1260.16418427425,338.640070793027,459.574147117459,5.3494594478666,255.703862660944,0,946,0.628718074877733,24,2,43,2.685404,3.162278,2,313,23.859799713877,0,337.843046728225,458.211536155414,4.34552504297078,134,0.472866271323228,0.00111607142857143,342.464774285373,465.373131051059,5.70310112741717
1810,328.683977900552,492.13591160221,4.68895027624309,15.1202852434278,45.6395825623021,9.4696908858626,6.32772732305476,-1.3093448265838,4.06903073958493,87.6811283288137,-0.997218836642689,0.0227927899108718,0.0709583016501956,-0.0718062304245856,-0.0388302362238941,-0.996662469458446,0.0199613906632933,0.998985836477613,-0.0403589073181117,130.185718528825,5.60469034211181,2.50250831718337,0.832183908045977,1078.3813301315,328.674207203413,493.125879370427,4.30278865077354,329.294475138122,0,1093,0.666035657665788,25,0,42,2.79217,3,2,388,58.6580110497238,0,328.542106601614,493.340168219194,3.72730783358921,119,0.655190452017297,0.000966183574879227,328.872390198611,487.169433331087,4.50774940525744
4251,321.965655139967,648.368854387203,10.5939778875559,20.0985238200431,86.3385744501686,24.2490161195883,11.3543774418436,58.635806004109,9.30711485172559,-36.920292535011,-0.513624384008434,-0.842635493522954,0.16172636522004,0.733214133575218,-0.3331523442668,0.592795537968259,0.445631042991284,-0.423054299782976,-0.78894742090816,465.896839880457,36.7509239230034,8.05761794324047,0.27762539184953,2587.25482319107,328.284099015314,652.344795229238,9.63755275105502,282.280875088215,0,1718,0.490499974603165,26,3,89,2.586718,3.162278,1.732051,338,23.1242060691602,0,325.256914985605,650.361349325032,10.1667531357768,175,1.21069375912527,0.000760456273764259,309.993086433269,639.973052534903,11.8615646213998
1629,351.411909146716,429.531000613874,5.182934315531,14.5984748947387,49.0375115181629,9.48533894421797,6.90232353413384,-64.1417038692478,-8.16017834331355,-101.540751724589,0.431730977333575,-0.890764345774421,0.141940986003566,0.119377933320346,0.212404536422369,0.969862475788893,0.894067823068675,0.401775052988942,-0.198039224773714,150.292345993372,5.62322843041863,2.97762938561612,0.604452690166976,1063.9441457066,352.071437316956,429.205124249459,4.99437032901374,250.68876611418,0,908,0.629283027000223,33,0,35,2.549149,3.162278,2,589,93.4112952731737,0,354.23519554174,428.084085248444,4.32692370881991,170,1.65438496059446,0.00125470514429109,352.593341815399,428.559727503346,4.36633116078639
713,365.493688639551,259.798036465638,3.33380084151473,11.0840115376769,24.2276969753926,7.60775118690786,6.72172937741629,72.7788885627925,-1.99418220966278,-46.7027322553044,0.295880711588682,0.954590856020875,0.034798018781367,-0.647541441438674,0.227223915679722,-0.727364677285541,-0.702242612014751,0.192680019058821,0.685368312753218,36.6863312957153,3.61736738261862,2.82385286395133,0.792222222222222,506.775971267797,365.050029075402,259.558900303676,3.12282742133488,217.068723702665,0,646,0.761601509908313,34,0,14,2.621962,3,2,645,109.869565217391,0,365.356306726068,259.537498244763,3.25054571913655,646,4.54867543652451,0.00232018561484919,364.356708499904,259.61943238233,2.92901220048179
549,365.32058287796,945.307832422587,4.35701275045537,10.15916250656,11.0189397616311,9.76791417331692,7.31468661583866,2.33805651389788,-29.8231901232988,171.161202660568,0.866842004070519,0.0353926820563997,0.497325143176836,-0.0360418693259837,-0.990419412132606,0.133305557747572,-0.497278517165677,0.133479384654549,0.857261529661602,7.58856459190339,5.96325920608035,3.34404001799558,0.925801011804384,336.152757590875,365.284167724888,945.209245648465,4.26644091276407,142.005464480874,0,543,0.964559469761995,35,0,1,4,4,4,506,120.978142076503,0,365.304982158182,944.704518421489,3.62103076019694,361,12.7042801046706,0.0028328611898017,365.337401971278,944.144411505845,2.93953985419148
1636,365.993887530562,376.721882640587,8.17176039119804,14.6193554553308,31.3479352002776,15.6556743441338,12.9796824874067,-15.2223595444134,-31.5919102796799,-73.3628249900832,0.821914708851585,-0.223653747862002,0.523865643500978,-0.559499444649546,-0.14447368755936,0.81614197603104,0.106848410424599,0.963901631220884,0.243879196569646,61.4183150825502,15.3187586980981,10.5295098421182,0.380288238028824,1173.14757940926,366.444766721206,375.850438792206,7.40093983616221,221.908312958435,0,892,0.572339441254985,36,4,40,2.343891,3,2,478,67.3147921760391,0,367.302723219556,374.418907261616,5.22797315826273,197,1.90743967251087,0.00172413793103448,366.951416138668,378.432256775434,7.14062703277544
3333,371.845484548455,509.005400540054,4.79357935793579,18.5329930886803,72.3411054397646,11.8063667831082,9.86325736114493,5.90491103683748,-2.39007432121966,24.6373297899291,-0.993828688045167,-0.102788299594648,-0.0417025692837034,-0.110804720975129,0.902353235914232,0.416510445781061,0.00518195214615719,-0.418560871441127,0.908173961458046,327.077221015446,8.7118935385801,6.08024036076123,0.440174326465927,2133.79641445027,371.580939294003,508.451696941144,4.58691654015949,343.888388838884,0,1331,0.505694254339755,37,7,92,2.536603,3.162278,1,621,61.4884488448845,0,372.007143519354,513.208747883537,4.22950019761785,161,0.585153737681398,0.000901713255184851,372.382472915508,506.08476541987,4.7644275761604
979,380.138917262513,548.23493360572,7.25842696629214,12.319545612255,25.8323870736076,11.1586955571801,6.29855946266124,30.8254660486512,-25.3398455943393,101.863948503943,0.776109417311276,0.463121727826326,0.427986492282069,0.25432632753734,0.391171432098575,-0.884478959518721,0.577037513063164,-0.795300682713846,-0.185807783994026,41.707013870043,7.7822804086145,2.47949070654247,0.590826795413398,692.68011436013,379.414796016541,547.112079262559,6.57803361179789,281.347293156282,0,938,0.688345586827932,40,3,25,2.35928,3,1,398,63.8549540347293,0,379.369645199475,546.787567584861,6.12022906868861,157,1.61400856382787,0.00140252454417952,381.901226030632,549.910304793293,7.61034651927691
869,366.753739930955,497.460299194476,9.6409666283084,11.8396914547115,35.7526717844492,8.3192015065953,6.25112650408677,-9.33801656927709,2.32107775423389,-104.914045221627,-0.985938708901128,0.1621254555825,0.040499369656128,0.0803768989960577,0.247609085075245,0.965520219931192,0.146507393663782,0.955198972801147,-0.257158523019321,79.8908462329092,4.32556960670859,2.442286410631,0.523493975903614,746.146012428613,366.910993586581,496.651153428712,9.44314158855451,291.570771001151,0,1058,0.590210348215411,41,0,30,2.379566,3,2,214,23.8273878020713,0,366.575099005119,497.837873080267,9.39684149521878,81,0.363503659428781,0.000944287063267233,366.674524270512,497.975278636146,10.758792265897
4518,393.772908366534,440.702744577247,19.5214696768482,20.5107969257464,77.9140688548507,18.9270734782916,12.8161412254563,12.0431717214695,6.21038204776512,-29.9844543288068,-0.972251206514565,-0.207424174803624,0.108179494997935,-0.233597740893143,0.835816955285898,-0.496832076969906,-0.0126367274479133,0.508316071911607,0.861077861842796,379.412632844901,22.3896319032905,10.2658422444276,0.337693400104642,2624.54835414416,394.037302573046,443.050495704682,19.4722207007223,299.027445772466,0,1110,0.503570596463912,43,5,81,2.427068,3.741657,1,274,35.0971668880035,0,393.278648411732,438.341239460424,19.7240948735251,136,0.515301722306514,0.0009000900090009,392.928626286872,434.081506523996,18.6601657662443
4844,390.607349298101,451.011973575557,11.2568125516102,20.9927098898365,70.0042543377124,25.6892064882052,17.452567531487,27.3283844577632,-17.2410046791904,53.4840256140162,0.848471430015024,0.438461208171527,0.296391635133359,-0.484800857041638,0.419275129069701,0.767578331608754,-0.21228368156774,0.79495920340125,-0.568309337832572,306.287226586196,41.2459581246027,19.0370070900696,0.243368167202572,3152.96618093482,391.272394097406,451.304688115369,11.7421975393105,366.925681255161,0,1386,0.439104176946916,44,22,145,2.220817,3.316625,1,507,66.5410817506193,0,388.439516016443,448.868421624137,8.27047545179555,137,0.46738320404465,0.000837520938023451,389.614206077448,455.205715539645,8.82577778027918
1859,393.266810112964,314.532544378698,5.67832167832168,15.2555167291328,55.2403216449554,10.0802478792061,8.89917063519208,-67.5281520287095,9.02379376969441,-109.990146206178,-0.377498699625029,0.912630537219981,0.156844618380677,-0.372239030353223,0.00553448473434462,-0.928120398310703,0.847899071861212,0.408747932119898,-0.337627445455197,190.718320964883,6.35071233163999,4.94970237464155,0.534502587694077,1235.28850631208,393.617525061388,314.396668172167,5.58829759068043,207.237224314147,0,945,0.591882251397926,50,0,44,2.381267,3,2,293,24.343733189887,0,391.482488122859,315.270909291791,5.17891945641366,115,0.959331230984505,0.00130890052356021,392.896182980416,315.152031940866,5.73310648140478
3208,411.009975062344,570.018391521197,7.14495012468828,18.2983492486774,58.2233231346991,12.8516077328384,11.119347714934,29.7660782332795,-11.0497718919502,65.1936729198457,0.851966629797979,0.487256272375926,0.191661646504958,0.359313603963685,-0.277823630133612,-0.890902780636591,0.38084983355294,-0.827886076443914,0.411774269124479,211.872209802974,10.322738832422,7.72749335035045,0.458023986293547,1921.96441039848,410.189268418004,569.126502206256,6.31679485096396,366.434226932668,0,1376,0.547303664657468,51,6,71,2.660439,3.605551,1,1224,94.6318578553616,0,410.080334937529,569.977386446362,4.84699534552785,155,0.655175998429869,0.000881834215167548,411.829597696742,570.181931142474,7.35973887658431
1135,404.288986784141,379.164757709251,4.10484581497797,12.9419309908038,41.2889938025423,9.85665136659351,6.64353956946786,13.8633581267959,2.83179214034396,-82.2017318069895,-0.969684363353078,-0.239314609861234,0.0494039773247198,0.0800325065730968,-0.120005018015744,0.989542113071833,0.230883159542144,-0.963497438065098,-0.135519937580529,106.548813076649,6.07209851016061,2.75853862569281,0.546724470134875,840.634430088617,404.263169551506,378.809200991839,3.71147596234864,182.991189427313,0,916,0.62595175097994,52,1,35,2.300755,3,2,237,31.9348017621145,0,404.002593389615,377.945566407328,3.5666832202174,170,1.76581929416825,0.00194552529182879,404.291591239858,379.810982754232,3.92229415864549
2570,413.809338521401,341.73579766537,6.70583657587549,16.9946216491927,40.2141939128283,15.5915134510161,9.00854850878068,-75.1698629721233,-2.48477340742602,55.8390000643074,0.255713608618899,-0.965779991021662,0.0433538845929572,0.533633373684363,0.178402247509282,0.826684982671079,-0.806130245591459,-0.188259520412211,0.560992317342063,101.07383700366,15.193455730826,5.07212163969092,0.560279049487683,1398.03506017863,414.955530522387,341.745324682225,6.93803294637995,468.725291828794,0,1628,0.649015113881489,53,0,38,2.79761,3.316625,2,369,53.8482490272374,0,415.636772888214,340.966355950574,6.19189970373582,85,0.221384072249446,0.00068870523415978,411.524148958721,340.586099322362,4.71225874868916
1788,409.315995525727,410.165548098434,5.76454138702461,15.058774527287,44.5198906995684,12.3980058565006,9.4095808671565,-41.6235946375479,0.119031720347923,50.60747995814,-0.747523006402896,0.664232669263794,0.00207749393997738,0.422742807969985,0.473334828758361,0.772814763183226,-0.512345462757336,-0.578575060788994,0.634628257978625,123.876291743845,9.60690932611402,5.53376325597235,0.472640761300555,1129.57444554806,408.982279284179,410.344838525885,5.65441690622329,172.765100671141,0,727,0.630687575324488,54,0,35,2.54755,3,2,343,33.3814317673378,0,409.11364474081,410.347451663707,5.46486613276145,149,1.95192571954121,0.00137362637362637,409.50624638114,409.470184587606,5.40240652242988
1954,413.49692937564,445.269703172978,7.42681678607984,15.5110779018848,51.1126759569585,11.7191052356195,6.53236819632531,-12.0723784143072,11.4874433493019,97.5661730369992,-0.958295567084702,0.204957603564676,0.199153174332809,-0.165514498907249,0.170048818713872,-0.971436230488393,0.232969003855216,0.963885771237983,0.129033574110256,163.281602717565,8.58358922022023,2.66698964077265,0.540226707215925,1282.46461256683,413.520969687147,444.943681207366,7.38336296769457,214.717502558854,0,954,0.589370562793644,55,3,48,2.395207,3.605551,2,402,71.0926305015353,0,413.787920670914,443.185912248497,7.73061944354461,237,2.00923968286649,0.00150602409638554,413.894940469069,442.80901310064,8.68597219746799
484,421.196280991736,372.547520661157,2.69628099173554,9.74126997467566,23.4315686451154,6.2353990203012,5.21623555862146,23.1574714836971,0.120801035559574,-27.552787966645,-0.919425450846755,-0.393258687244505,0.00210837424829125,-0.349554724853717,0.814767128020964,-0.462564613247611,-0.180189718540444,0.426030670261189,0.886583066231877,34.3149005731722,2.43001255889832,1.70056958768918,0.841739130434783,394.527891886145,421.156006988765,372.428496419616,2.41490815929316,228.229338842975,0,795,0.755619784094776,56,0,12,2.776081,3,2.236068,567,156.661157024793,0,421.027392382359,372.211885418865,2.30730375606668,257,3.1166631187508,0.0021505376344086,421.11551942158,373.201868349951,2.69096958181749
3845,431.53966189857,642.259297789337,6.83459037711313,19.4371494510884,71.2539022208604,14.3678552384912,12.0430433166906,71.1450308680225,-3.312167892267,53.0783469888171,-0.322633915447372,-0.944758850408019,-0.0577760432949193,-0.583414654334513,0.150426755241419,0.7981222540534,-0.745342000501004,0.291208698158651,-0.599718931171849,317.319911356246,12.9022040096399,9.06468077048032,0.453687315634218,2246.01999889747,435.465830743264,643.274701397052,7.04861531165157,410.18933680104,0,1680,0.528446957247078,57,4,73,2.661839,3.605551,2,802,40.9862158647594,0,437.842187420681,644.471070866541,5.8238806538403,79,0.26434537374807,0.000889679715302491,423.939174390995,641.04710342636,4.73641303940455
2776,458.046829971182,659.818804034582,8.97514409221902,17.4370741015909,53.9703471356859,19.1631148460174,9.93784890541731,30.1960287752012,8.43171206474814,-83.6429353807647,-0.854967624488795,-0.497523711301361,0.146630548552842,0.181644785241881,-0.0224041675605156,0.983108959002181,0.485834882517114,-0.867161005793527,-0.109527425609942,182.049898121653,22.9515606626032,6.17255255418149,0.318421656343198,2041.27897475271,457.197561990723,658.33881108186,9.4692129873386,359.194884726225,0,1382,0.467944919698189,61,20,117,1.873077,3.605551,1,478,48.1999279538905,0,457.96941772606,659.421507738989,6.80824794660807,90,0.323654076981857,0.000843881856540084,461.136192247876,663.373242300961,5.33686720922552
1643,426.34692635423,487.65489957395,5.18441874619598,14.6401765390486,51.9437931045382,11.5456224358714,6.76534870768446,-8.47745847757857,8.757384764927,83.4701930462342,-0.977543211034468,0.145701656076527,0.15225077332145,-0.166375035287608,-0.0901783204981087,-0.981930353001264,0.129339159551427,0.985210078068986,-0.112394323156612,168.634852630442,8.33133733948114,2.86062144603548,0.485520094562648,1090.41659989491,426.782785965197,485.249647761602,5.3917938608963,284.676202069385,0,1066,0.617518603496191,63,0,42,2.717491,3,2,332,52.861229458308,0,426.486879828672,485.956845632175,4.65026309426489,161,0.69636511699383,0.00113378684807256,424.969560863171,498.436412301343,3.92743361785632
1400,444.902857142857,390.579285714286,3.07285714285714,13.8795846876785,67.390551159187,10.2238847110475,5.7413921335619,-82.8352823952491,-2.89980897666628,-11.9840778049902,-0.124562567949747,0.990921216842889,-0.050589610359956,0.971877347659279,0.111581594243197,-0.207373983259499,0.199846410456954,0.0749979322165215,0.976952773879432,283.842899096188,6.53298866154947,2.0602239769579,0.466045272969374,1107.95892924096,445.551417815403,390.940241983818,2.60696733593048,381.371428571429,0,1346,0.54623453329311,64,0,53,2.374952,3,2,425,47.1728571428571,0,443.32983555919,391.198282910875,2.45218194482299,36,0.250599338694776,0.000779423226812159,439.145390026534,390.510728504904,3.50015964563875
1590,424.889937106918,587.925786163522,5.89433962264151,14.4810315809403,31.2817004653568,17.8182520684151,12.7115115645092,-2.07907914944231,-22.343965062022,166.350975425306,-0.924309408927595,0.0335549378933276,-0.380165993627647,0.124904392095612,0.96786520330424,-0.218256365469757,-0.36062585792362,0.249220814491521,0.8987980731071,61.159049000269,19.8431316733487,10.0989078909158,0.378842030021444,1154.06475939161,424.983144171551,587.000655077096,5.40682768991032,253.462893081761,0,937,0.570845648020143,65,2,47,2.363073,3.605551,2,758,111.018238993711,0,422.888657878189,588.146919028546,5.00978364935219,333,2.12484921877792,0.00143472022955524,422.542976889789,588.84055772763,5.50500076708764
932,425.800429184549,680.114806866953,3.95600858369099,12.1191575120915,33.1674830868621,8.50543350224602,5.28025624654719,76.3049082862407,-5.92177522272618,-57.1410660946755,0.235491516484535,0.966384799176348,0.103170565495709,-0.506628687705309,0.212656997376025,-0.835526405483997,-0.829379960246093,0.144490212083393,0.5396771814282,68.7551208948302,4.52139994132056,1.74256912682504,0.768976897689769,665.496379777472,424.996700807564,679.866647380343,3.69922567461099,174.317596566524,0,738,0.693344437072572,66,0,26,2.309142,2.828427,2,313,42.6609442060086,0,425.240543259557,679.593385311871,3.416046277666,142,2.03464621199268,0.0013531799729364,426.282067733764,680.427755433263,4.41946468311337
1241,439.103948428687,654.421434327156,6.348106365834,13.3328927728155,28.5772768657956,12.3741577430857,5.4401094520544,39.1511824511104,-14.5048125381643,95.3414473070109,0.750765447595418,0.611244933466498,0.250461322380099,0.134610345653386,0.229637143122607,-0.963922630371112,0.646708046602119,-0.75739449021631,-0.0901237407681709,51.0412970665209,9.56998624067299,1.84967442814572,0.807417046193884,787.295184662352,438.633619591165,653.753237643879,6.33426700303715,344.643835616438,0,1202,0.709350779499335,67,3,20,2.541786,2.828427,2,356,47.013698630137,0,437.735156999863,652.760815165227,5.46868572603867,162,0.692091164552412,0.00100502512562814,440.451859650903,656.553743635602,5.47181415700332
2289,435.56749672346,461.938837920489,8.7134119702927,16.351178394056,45.8576269110654,14.1042016456072,7.05815687399724,26.2339877492643,6.14884911826628,-79.3998855738118,-0.891835877563617,-0.439494975381976,0.107111783218888,0.175753646545711,-0.118465948108192,0.977280141446,0.416820612753519,-0.890398779060722,-0.182895027354375,131.432621619654,12.4330315037468,3.11359865362213,0.578030303030303,1345.0435820198,436.54788210791,463.984214401913,8.59231039412388,283.589340323285,0,1157,0.624470072379202,68,5,42,2.665789,3.162278,2,609,75.2616863259065,0,438.088405679325,467.857030079989,8.11954212475475,199,0.793614058098326,0.00141442715700141,434.450426149219,460.353169416744,8.40885175257206
708,443.970338983051,549.567796610169,5.32627118644068,11.058041406114,16.8309973064983,12.2423591653713,5.47726752888825,34.6161988305539,-10.6637834790835,71.3940717667991,-0.808762968033323,-0.558265738804049,-0.185045471210453,-0.325577651273529,0.162950572715763,0.931367974456292,-0.489797564846072,0.813502597247958,-0.313547236858634,17.7051543957096,9.36720987087196,1.87502872393835,0.821345707656613,488.770951469504,443.979263573955,549.808362804244,4.82353234865821,339.477401129944,0,1334,0.785960841889271,69,0,10,2.352275,2.828427,2,456,77.1073446327684,0,443.933946365768,550.083950029308,4.29995237397421,75,0.548734993824182,0.00134048257372654,443.640444432264,549.922865677688,5.93048180288213
2271,452.110523998239,403.800088066931,6.14927344782034,16.3082053223458,48.2941036025741,11.9489872788498,10.4153520752398,-44.3748964935254,4.40106992307932,121.37736698407,-0.712671505305921,0.697288074682942,0.0767376467579554,0.317303431927982,0.417983914048698,-0.851239084912844,0.625633964560523,0.582304721345694,0.519137124358099,145.77002767351,8.92364356188207,6.77997242820008,0.561711600296809,1311.25072333608,451.73216220527,404.028326247532,6.00175174211716,320.244826067812,0,1016,0.637201035941184,70,0,38,2.726656,3.162278,2,751,103.145310435931,0,447.847457554761,408.688985369894,5.05333777316718,248,1.09198235165464,0.00117233294255569,448.71730686206,410.600718187928,5.20044459134634
979,457.781409601634,564.900919305414,3.83043922369765,12.319545612255,35.5229276455608,7.94926461847468,6.23351156664889,52.6871110806268,5.12793743953393,-88.5197062361469,-0.60374120710016,-0.792153885477928,0.0893799562064397,0.0747071726458477,0.0554042778890927,0.995665206958068,0.793672094258394,-0.607801437735887,-0.0257297314732051,78.8673992819844,3.94942549840834,2.4285416532216,0.66643975493533,687.669454281793,457.766953776147,564.831446033478,3.46988252501567,351.975485188968,0,1087,0.693361173503393,71,0,18,2.636297,2.828427,2.236068,636,87.6802860061287,0,457.446149186267,564.640070364287,3.05814373420007,63,0.5461738349099,0.00126103404791929,456.19578762702,563.141629802573,4.31611357593285
1048,452.087786259542,289.664122137405,6.02480916030534,12.6024278607058,19.7451456925866,12.5866502266006,10.4886395063804,6.34083822398493,15.5060214585559,-98.5806719768362,-0.957707514217224,-0.106422885422586,0.267339646648599,-0.24625185025807,-0.177484281440564,-0.952816538524602,-0.14885007039415,0.978352441250012,-0.143771197545958,24.366923651342,9.90148524542404,6.87572241842528,0.556263269639066,737.047642538512,452.25788190379,289.443256861768,5.91447086236277,246.93606870229,0,955,0.67695960017916,72,4,22,2.208874,3.162278,1.414214,423,63.5572519083969,0,451.645417967812,289.478546120586,4.3789484746577,187,1.22611390483682,0.00129366106080207,450.987092419081,288.216857408739,4.72151703241652
3981,492.077367495604,309.169304194926,14.7638784225069,19.6636673397677,103.370191620617,11.5167626813234,7.2548427135924,-83.6504399225661,4.07250039707695,99.8583838838548,-0.110314781050835,0.991356138078199,0.0710187058202599,0.16242498236672,0.0884760150466959,-0.982746213355527,0.98053494286786,0.0968762213142894,0.170781215474618,667.837282230187,8.28973891612016,3.28954642493531,0.4127955205309,2454.73803234191,490.900064109767,309.310460466746,14.6879797492449,190.031399145943,0,882,0.494850209161716,73,0,83,2.632566,3.316625,2,496,17.9246420497362,0,483.573642759046,310.631870287844,13.5399394601867,119,0.770758767652849,0.00113250283125708,496.527836934961,309.680532962723,15.1546172515858
4960,434.157258064516,330.996572580645,12.2473790322581,21.158961648749,67.390498899441,27.0891116992153,14.3451642807417,-67.0878742327647,-20.7405709858065,6.41361801741032,0.364088501739352,-0.86140957077971,0.354137140484177,0.899937174253487,0.423320158114332,0.104465908940214,-0.239901324085222,0.280666341236659,0.929340497126314,283.842458869723,45.8637482907851,12.8614836400918,0.288573423318594,2874.6899116087,433.224472814616,331.791058023819,12.5003205373089,337.764516129032,0,1078,0.489268854445907,74,12,101,2.595689,3.605551,2,654,73.9195564516129,0,437.099192398013,329.935907331695,10.0432221164572,241,0.598524480418675,0.000999000999000999,437.427211600513,328.725322814635,10.294307051738
447,406.680089485459,337.474272930649,24.413870246085,9.48643350627481,34.5609185512389,8.63510195331965,6.00547600256807,-88.2734169396634,11.6879940145906,-94.8844379376474,-0.0295052615706256,0.978820684308221,0.202582100665471,-0.0911892782335646,0.19918931696473,-0.975709040412338,0.995396380882958,0.0472618659969138,-0.0833808188230319,74.6535681940856,4.66031160901405,2.25410887608881,0.401978417266187,489.123224291547,407.689623958377,337.410667907449,24.7112727887991,264.440715883669,0,767,0.57801288839209,80,0,26,2.275418,3,1.414214,174,31.1789709172259,0,407.889287508072,337.374901341752,24.6926167754897,42,0.503292448845202,0.0016025641025641,404.841394852068,338.209600303902,24.4919758219154
1245,454.054618473896,498.879518072289,8.66104417670683,13.3472023011286,27.7630284689684,15.8836807100219,9.78236449989742,1.03783590981582,32.0743577804787,47.8286390626302,-0.847220651836434,-0.0153479401257942,0.531019404387205,0.381335356731317,0.67836850096299,0.628012358642587,0.369865533415113,-0.734561513853755,0.568875091348209,48.1741093605467,15.7682070561201,5.98091595055332,0.429903314917127,901.794688373827,453.78427273424,498.541014876568,8.6279623274548,188.647389558233,0,728,0.620615596945186,85,3,32,2.238889,3,1,264,29.5566265060241,0,453.774118158596,500.357166150334,7.52986575357356,240,1.69359120130591,0.00153139356814701,454.493267246819,501.715393194364,7.61155161678372
