Volume,Centroid_1,Centroid_2,Centroid_3,EquivDiameter,PrincipalAxisLength_1,PrincipalAxisLength_2,PrincipalAxisLength_3,Orientation_1,Orientation_2,Orientation_3,EigenVectors_1,EigenVectors_2,EigenVectors_3,EigenVectors_4,EigenVectors_5,EigenVectors_6,EigenVectors_7,EigenVectors_8,EigenVectors_9,EigenValues_1,EigenValues_2,EigenValues_3,Solidity,SurfaceArea,WeightedCentroid_1,WeightedCentroid_2,WeightedCentroid_3,MeanIntensity,MinIntensity,MaxIntensity,sphericity,id,nb_branch_pt,SkeletonSize,MeanWidth,MaxWidth,MinWidth
847,6.77567886658796,392.515938606848,5.98347107438016,11.7389232363535,14.6202431361014,9.75261324570251,9.18074348553808,35.0063302712957,-74.1563787402106,137.203972501485,0.223621639909322,0.156618380879126,0.962010418309005,-0.114396936104071,-0.975966023514282,0.185482241618224,-0.967939410900428,0.15152888739947,0.200330459763891,13.35946933492,5.94459157001576,5.26787818420312,0.878630705394191,475.655981696646,6.78043831924455,392.393821677394,5.33420541594431,0.465052074076931,0.0817463848863483,1,0.910150968112064,1,0,7,4.314272,4.89898,4
539,40.8831168831169,284.43413729128,5.95176252319109,10.0971013212818,17.9777052397538,7.21348348150869,6.25709737888185,47.2359034466864,-34.8725433791324,97.835334893029,0.55705395896755,0.602320214427294,0.571752784069163,0.28450027482973,0.508399775684495,-0.812766425060585,0.780224634589544,-0.615418578998241,-0.111845841243195,20.1998678554669,3.25214649612492,2.44695422555063,0.861022364217252,379.488479271912,40.8787387143342,284.378902164524,6.03181961350165,0.207130782379192,0.00199250499321765,0.625768702819217,0.844004389685436,2,0,9,2.739569,3,2.236068
1238,115.793214862682,629.193861066236,4.59046849757674,13.3221404352703,48.6764085414082,7.17116128678379,6.49153812968038,17.7601121861828,3.51508563586588,-43.1706552397977,-0.950550328638609,-0.304458523072292,0.0613113403349671,0.262414417604234,-0.681765847051485,0.68288652295063,0.166110644326191,-0.665206988480134,-0.72794705598603,148.08704678063,3.21409713756667,2.63375420556839,0.622110552763819,901.105158250068,115.669675079553,629.177321161782,4.72512564347597,0.194658900475934,0,0.772158369241785,0.618760257978492,3,0,37,2.500251,3,2
859,146.126891734575,306.145518044237,7.63329452852154,11.7941011246583,21.5816594024119,9.82975196714378,6.42578310034126,58.9212192753397,49.1095192812335,-68.2867372702953,-0.337922969659489,-0.560650657245228,0.755962239207096,0.679408108142873,0.410531315844082,0.60816828370201,0.651316120763362,-0.719120907248441,-0.242182640979789,29.110501410107,6.03900148347294,2.58066802828946,0.774571686203787,542.494258132136,146.725911408636,306.4979982152,6.71518837784026,0.304323704765258,0.00310835166846452,0.74345884766049,0.805535011431254,4,0,13,2.856672,3.605551,2
967,160.714581178904,1018.61116856256,4.44053774560496,12.2690033183757,35.7321834171726,8.26642156800337,6.03232122449999,-76.7355894009982,6.01717249390161,47.0167804379029,-0.228181077289989,0.967959086890443,0.104826533248984,0.681190495848753,0.0817917569181145,0.727522932192228,-0.695638486810578,-0.237413804582775,0.678027861567223,79.7993082349039,4.27085784624696,2.27430620972208,0.649865591397849,724.233273343056,159.363805046368,1018.95458107975,4.44622782919878,0.202511285848164,0,0.587719107026033,0.652965096038628,5,0,31,2.370112,3.162278,2
856,203.26285046729,787.532710280374,6.91588785046729,11.7803550735958,27.0698412363917,8.10015336625445,6.61220404430327,-83.0295905182553,-29.4118948638569,2.58661727238316,0.105715284473355,-0.86467345483207,0.491084610976041,0.988908061625089,0.143231754135865,0.0393129782651005,-0.10433179899545,0.481481548053437,0.870224335790742,45.7985190352157,4.10078028480271,2.73257764521878,0.709196354598177,577.468540889315,203.547081660739,787.482745070144,6.78348007443835,0.307440638433957,0,1,0.754984967345536,6,0,14,2.795814,3,2.236068
1807,219.458771444383,794.449363586054,6.44050913115661,15.1119268750891,41.7118656703615,12.3513146215704,6.15753696712536,-45.0874817402629,8.94353187831128,109.456920335114,-0.697442472547868,0.699575503282647,0.155460968391258,0.13240380342693,0.338983884587448,-0.931428558091327,0.704303365265565,0.629034213057474,0.329048216039482,108.742483606393,9.53468580506362,2.36970384384471,0.674505412467339,1102.04606649683,219.935191166098,793.961654718362,6.5267776001304,0.345329377628267,0,0.958923607200305,0.651013224419659,7,1,32,2.654309,3,2
1805,238.846537396122,295.079224376731,7.31800554016621,15.1063494887641,28.2502286735477,16.2264773254435,8.96487389237559,88.8342357583593,3.89196872409243,-59.8135041595557,-0.0202981008948987,-0.997487298876775,0.0678754423895404,0.503905820708877,0.0484291297254259,0.862399874333103,0.863520069804851,-0.0517079101642409,-0.501656636625763,49.8797137567334,16.4561603995708,5.02306024413734,0.59335963182117,1141.48357266944,239.109947731969,295.056206513345,7.11924199758457,0.251729215035918,0,0.654194558543065,0.628057292707274,8,2,40,2.539474,3.464102,2
1065,302.389671361502,910.777464788732,9.34741784037559,12.6702055872969,20.2787998858512,9.38140057761899,8.15673846898673,-76.5714450783501,58.1990911084721,-109.863215750034,-0.122379489786323,0.512562074103037,0.849884333701259,-0.516115051931648,0.698561409053886,-0.495618009106046,0.847731392393387,0.499291576107431,-0.179051412669453,25.70185780065,5.50066729985936,4.1582739032155,0.86515028432169,576.805926041507,302.026362730973,910.81630972227,8.54738379690405,0.335357651959419,0,0.841370558375635,0.874354365440771,9,0,13,3.331753,4.123106,2
2473,300.83259199353,491.787302871007,8.54872624342903,16.7780634076927,66.3418191001082,13.6114501441411,8.20332685444032,-0.47696432749381,-4.02500153610347,-87.6664495861398,0.997498952610951,-0.00830396953503427,0.0701917632633406,-0.0704700725770207,-0.0401316413590264,0.996706285839926,0.0054597079633496,0.999159894837554,0.0406164515579984,275.077310094468,11.5794734391524,4.20591071754881,0.406743421052632,1650.00000069969,300.882181013406,489.926629534202,8.06457876358094,0.23167274492579,0,0.829461591715565,0.535981242316127,10,4,69,2.414541,3,2
2352,313.061224489796,338.812074829932,8.22236394557823,16.4998336240654,65.2033230502052,18.2640911464456,10.5882816634993,-1.7488914824747,-6.755548558507,65.2044269144804,0.992594485536777,-0.0303072824489958,0.117633566266346,0.093939979076696,-0.422445696145326,-0.901507023899072,-0.0770160217945068,-0.905881395348667,0.416470202953465,265.717083549339,20.8485640878544,7.00698178659981,0.290945076694706,1680.17149367058,312.735897558676,341.99055644432,8.0998446188277,0.243204541186836,0,0.755823560760563,0.50904407950622,11,3,65,2.258865,3,2
745,312.398657718121,659.789261744966,4.4993288590604,11.2474106073197,21.8806882200671,11.1831672126846,6.3529867170564,-2.09920734140607,8.85792717676741,-32.2274044872793,-0.987410109369602,0.0361930063688646,0.153984876545375,-0.0510754746088699,0.848378430318576,-0.526920615333722,0.149708289043024,0.528151593067911,0.835848863689865,29.9227823114865,7.81645180667905,2.52252751419344,0.64390665514261,549.221449064515,312.622173668113,661.035934493741,4.23162214801959,0.397287752389259,0,1,0.723614870792348,12,1,26,2.193644,3.162278,1
3148,372.797331639136,304.017153748412,6.47109275730623,18.1835510623735,75.8676744005754,10.4132652543435,6.83894358901191,-59.2699244647898,-8.30920919558528,-99.3245693159644,0.505630074837663,-0.850560739147974,0.144515246391896,0.0664051603651631,0.205376423958379,0.976427610813492,0.860191014889446,0.484114607817322,-0.1603261188994,359.744001184482,6.77725582858245,2.92319683835544,0.617739403453689,1851.22805188588,374.540672340069,302.979679557004,6.10199544678236,0.444377447456941,0,1,0.561109150311027,13,0,58,2.875937,3.316625,2.236068
1000,337.251,326.131,14.123,12.407009817988,32.5932322941894,9.91833947830674,6.87074192573661,-67.1731228605523,-13.0079218548868,-110.589294771029,0.377992833406235,-0.898029962525214,0.225085770986283,0.242380725572519,0.330634460988549,0.912103303950682,0.893517208432197,0.290212059731802,-0.342642610633528,66.3949244614367,6.14834112543362,2.95044341312968,0.559597090095131,742.654526395066,338.998093033509,325.41625647576,13.5222081249839,0.37928286497248,0,1,0.651174360375048,15,0,23,2.45281,3.316625,2
605,375.238016528926,520.117355371901,4.27107438016529,10.4934649792036,22.2174136379837,7.70357008097771,7.16731865273701,86.8008415219295,-15.0925370444814,-61.6696254054701,0.0538818703307988,0.964001893303637,0.260378750585871,-0.46102487367164,0.255318353458642,-0.849863873948773,0.885749857412183,0.0742488255406928,-0.458185881493663,30.8508417975791,3.70906199953344,3.21065354186699,0.657608695652174,468.6013166062,375.073990635367,519.951812812331,4.02560241701793,0.306333557050041,0.00628281830139776,0.817258883248731,0.738217273673554,16,0,19,2.353025,3,2
666,386.708708708709,342.510510510511,2.43993993993994,10.8349073573685,37.6513712473527,5.80686266599947,4.81803615384674,-10.5931702709655,0.886180021576249,-7.50207609453211,0.982839699909847,-0.183812194148441,-0.0154661424879433,-0.18027570763762,-0.974914499034079,0.130546500561619,0.0390742052622548,0.125518113654824,0.991321547040948,88.6016098003736,2.10747837636115,1.45084202373589,0.8014440433213,573.16956213891,386.718631731837,342.575299682705,2.3073450480829,0.392629224420337,0.0449224080741894,0.910576398431436,0.643453485751159,17,0,30,2.488318,3,1.414214
765,394.36339869281,194.120261437909,6.44575163398693,11.3471711207777,17.4424263316735,11.1983190469259,6.68385125528324,54.9740545753072,52.356047774627,-95.6812533756235,-0.350539906870163,-0.500140685860765,0.791821361190882,0.371165867839454,0.702048783705559,0.607752748943623,0.859859100226568,-0.506938654715014,0.0604609635491273,19.014889770991,7.83764684229651,2.79211672517196,0.777439024390244,491.281300580543,394.571846969004,194.274508876016,6.1434641162478,0.215363339176954,0.0157070457534944,0.572509457755359,0.823369635997744,18,0,15,2.73162,3.316625,2
442,396.434389140271,417.054298642534,3.09276018099548,9.45093005472339,15.2043224011492,7.77737189599764,6.35001098992205,-24.6778324750677,5.80218505749538,-13.0790979712557,0.904014532957879,-0.415376551069428,-0.101094238325509,-0.385896762942818,-0.894649197359558,0.225136629658867,0.183960355922688,0.164514845790787,0.969068342772186,14.4482137298804,3.78046960054087,2.52016497325817,0.820037105751391,339.102301372442,396.368696651376,416.993537313841,3.13691636426701,0.358061723856259,0.120804854145455,0.808380917209444,0.827500440286967,19,0,15,2.493733,3.605551,1.732051
1610,403.993788819876,533.270807453416,7.97080745341615,14.5414958796419,28.6555278465146,18.0473770298861,8.34087739731847,44.564230634577,10.4459670961072,59.7044017981206,-0.700656107613972,-0.690078518194723,0.181308184011131,0.242450081755773,-0.469261480001053,-0.849124031719654,0.671043200337994,-0.550985754909686,0.496100515184922,51.3212047601485,20.3567386036787,4.34813973481863,0.526143790849673,1087.99577839688,404.374810752049,533.730658062615,7.6110945297327,0.254236422377295,0,0.586355446599929,0.61057754957301,20,0,39,2.517406,3.741657,2
653,412.650842266462,408.053598774885,3.61715160796325,10.7639462305855,18.6575487054917,7.79743915611082,7.03637817674152,30.7842796658141,8.13627050106474,71.9037548506491,-0.850452876630441,-0.506655455169575,0.141527927907952,-0.0434020032894606,0.335700805264904,0.94096824359537,0.524257733125101,-0.794106553990965,0.307487577256587,21.7565077311122,3.80000358707814,3.09441361538277,0.861477572559367,437.158061736214,412.675252908845,408.091906393831,3.35805362617219,0.446018308078743,0.146929776756508,0.787403686142523,0.832634535414177,21,0,8,3.310691,3.605551,3
755,423.895364238411,596.549668874172,3.10993377483444,11.2975110930877,36.5706071565791,7.24079357055457,5.13705606986645,-81.0171081723169,0.142865328323188,-115.61068606433,-0.1561390549315,0.987731936379257,0.00249346778236831,0.427303425903917,0.0652710197327337,0.901749120428639,0.890523653664446,0.141863722774826,-0.43225259562505,83.5880817375524,3.27681822071153,1.64933406655948,0.68018018018018,627.636359391442,423.773714002997,596.548832040661,2.99518372342735,0.31762274497641,0.0486203988539718,0.653803155350026,0.638862403400253,22,3,33,2.20999,2.828427,2
652,415.553680981595,477.634969325153,3.71779141104294,10.7584488107169,17.1330112057591,8.95118279392785,6.7351651468739,46.5490988170395,-0.619969396283593,42.7536115146138,-0.687692462961266,-0.725921481690037,-0.0108202960777324,0.538112250151496,-0.499655750581777,-0.67880729014018,-0.487354370682322,0.472633191102257,-0.734236735695876,18.3462545610416,5.00772958814438,2.83515309722906,0.851174934725849,427.566708318968,415.40141892122,477.560271847273,3.49422863251179,0.363241827215426,0.103566071967281,0.729134782059939,0.850443186352461,23,0,8,3.189804,3.605551,2.828427
656,414.408536585366,363.198170731707,3.6280487804878,10.7804048895996,15.6797205261611,8.43748554919069,7.52420026933404,23.6783368858302,5.83161286262241,32.7017177369699,0.91107497794272,0.399523174210344,-0.101605205750309,0.287672992490897,-0.792698375503536,-0.537469566455057,0.295273828772555,-0.46044599981208,0.837139682071666,15.3658522361573,4.4494476495501,3.53834935581541,0.879356568364611,414.144260802033,414.410523205937,363.136181501983,3.38909999075747,0.394205961337871,0.0763467838220342,0.824530775469479,0.881593481011643,24,0,5,3.423007,3.741657,3
1056,421.482954545455,462.416666666667,4.17992424242424,12.6344138554118,30.1975384739247,9.09089759864147,6.81221586144939,37.2276984050842,-0.0848815653229922,-83.4800431400044,-0.796236670833678,-0.604983445467156,-0.00148146224723062,0.067523543847938,-0.0913026649664303,0.993531274996536,-0.601205235378,0.790986001191372,0.113549156198391,56.99320811776,5.16527619681157,2.90039280893641,0.727773949000689,699.988255033228,421.403049858883,462.426576439625,4.00312003788245,0.360112950575166,0.0285532994923858,0.857532632648995,0.71642266488768,25,0,22,2.666258,3.464102,2
1323,420.532879818594,296.021919879063,6.85185185185185,13.6203125613824,17.3431055045042,12.0760651347924,9.02566928605389,12.3399431421617,25.7862282513342,-94.0798080644551,-0.87962072028381,-0.192430800810039,0.435014684059053,0.408682868341246,0.162234269867256,0.89814161177679,0.243404399244883,-0.967807020319777,0.0640614536831039,18.7989567837728,9.11445932123431,5.09141912882603,0.895734597156398,630.209107534726,420.599828211681,296.247270714943,6.60063396018638,0.329865081755845,0.0714868250382229,0.699249280205811,0.924781951971024,26,0,7,4.584209,5,4.123106
1070,424.284112149533,399.194392523365,3.4411214953271,12.690002815724,30.682714794788,8.69375294127701,7.13650221630735,13.133405609125,-2.39374023240761,-19.9262241077442,0.972993878695275,0.227020862154952,0.0417664957585289,0.199753918987971,-0.918776150954193,0.340512490647181,-0.115677499413119,0.322973547808828,0.939311877677115,58.839311698644,4.72383376274766,3.18310399270998,0.724441435341909,712.940191287287,424.130426645369,399.315736282185,3.23385414367537,0.472707174541474,0.0877065248368113,1,0.70961079121823,27,0,26,2.993403,3.741657,2
1191,426.607892527288,258.623845507977,7.6607892527288,13.1513715150992,17.2449481215799,11.1290937479794,9.02699040499336,20.8275488783436,-56.5130920740448,88.9788143489044,0.515692461975719,0.196176975335924,0.834011917786232,0.785726221591073,0.279833659875808,-0.551658796272411,0.341607361404342,-0.939791315744383,0.00983328458882932,18.5867647322489,7.74104547820714,5.09290973574013,0.894144144144144,590.762711821676,426.65838231344,258.739781303292,7.85828311938282,0.267144503133421,0.0355329949238579,0.676031249230399,0.919769258595637,28,0,8,4.311915,4.89898,3.605551
673,450.680534918276,407.98514115899,3.85586924219911,10.8727352709581,12.2711251579129,10.2218450056196,7.98913928001459,68.1811058566659,-14.327137396977,-1.39598727991005,-0.360114428784609,-0.899489945929652,-0.247457946634587,-0.925847094640174,0.377160425377972,-0.0236044672690383,-0.114563325403386,-0.220607911689901,0.968611064242165,9.41128204007273,6.53038220743194,3.989146652217,0.916893732970027,396.457804773725,450.590876713759,407.944314435831,3.51793276234758,0.351622545814852,0.0609433375235583,0.668979644564279,0.936764725509124,29,0,2,4.62132,5,4.24264
1222,468.77495908347,441.72504091653,7.54255319148936,13.2644993014247,15.9476997662808,11.8422830973406,9.6269689889084,0.134178709422667,-76.1917801827864,122.854356460182,0.23867212236113,0.000558937781637092,0.971100049220568,-0.814502129145443,-0.5444143525471,0.200497616839357,-0.528792870248052,0.838816249442796,0.129481272953073,15.8955704897145,8.76497930984741,5.79240824458775,0.866666666666667,605.504622292645,468.901677083716,441.644554994459,7.24464157662448,0.362777523792169,0.106629856747661,0.70886095416053,0.912880924720885,30,0,8,4.467041,4.89898,4.24264
1358,473.250368188513,566.058173784978,4.16273932253314,13.7393772766172,36.7566944852636,16.6738440521028,8.36174480837343,-56.9944001811016,3.48941844503253,1.43504396528459,-0.543711117898253,0.83706258394054,0.0608641999916009,0.83918460543663,0.543271882474038,0.0249971940681896,0.0121415926467314,-0.0646675519863027,0.997832996772556,84.4409118426879,17.3760672171152,4.3699235150225,0.393509127789047,992.772350408363,473.074905525121,565.65916557817,4.13958786084075,0.443299617588196,0.151649746192893,0.972081218274112,0.597357468619979,31,3,53,2.207699,3,1
2763,461.066956207021,368.180600796236,8.39305103148751,17.4098122455473,91.9539182115451,15.226270410253,8.57185185986554,61.6547736584245,12.8957573320113,-18.6834183508411,-0.462807954776844,-0.857904660192954,0.223177935769839,0.867667558315455,-0.386842624086779,0.312259175103874,-0.181553863198146,0.338160284789428,0.923409885451181,528.47019215347,14.4899569128841,4.59229026921736,0.278921865536039,1948.9334392177,466.541307149574,371.020448969785,6.85356957981594,0.383482356618266,0.00070045552023397,1,0.488586024871554,32,4,89,2.469774,3.162278,1
1543,483.791963707064,607.425793907972,6.10887880751782,14.3369168979681,48.5330921082585,10.3901872107188,6.57192383265749,-1.60506113578733,-13.6533276420602,67.5890406434914,0.971360454762034,-0.0272184250739929,0.236046656957869,0.207454461038256,-0.387209924012536,-0.898349108833272,-0.115851256013136,-0.921589730890431,0.370473824173154,147.216314349294,6.74724939211147,2.69938642889072,0.544460127028934,1082.07169619552,483.68601805209,607.145180214799,5.73254526116012,0.361842809900566,0.0587046089057644,0.905261435251886,0.596767785546459,39,1,45,2.370331,3,2
884,485.092760180995,542.930995475113,5.95927601809955,11.9074257170301,14.1334323652285,11.0188333922876,8.28906840459056,32.0225755219942,-14.8186518195578,-78.6675311806711,0.819640253324289,0.512617237379085,0.255760479887588,0.108420316661028,0.299575725391329,-0.947892092852019,0.562525457260041,-0.804660147328108,-0.189966200247015,12.4846194014056,7.58841808293698,4.29429093849884,0.874381800197824,479.598006943799,485.062846092355,542.920273196272,5.71641554474135,0.456506547399155,0.148488128408698,0.818794475017629,0.928770183810459,40,0,2,3.864328,4.123106,3.605551
1117,494.437779767234,279.186213070725,4.91047448522829,12.8731506081813,41.5557334290768,9.32763540336982,6.96298500076432,89.5086448949399,0.390196710097025,42.0841828669157,0.00857546039980556,0.999940039770368,-0.00681016467985205,0.742094458844496,-0.0109286716629436,-0.67020622071716,0.670240461052021,-0.000693541432726352,0.742143681081403,107.929936301781,5.43779888863737,3.0301975075543,0.54594330400782,824.031348564084,494.511957381044,279.299029713003,4.76305666061472,0.267089536289225,0.0276335626198173,0.64633069849447,0.631794497805655,41,0,32,2.38783,3,2
447,490.883668903803,570.58836689038,3.11856823266219,9.48643350627481,18.4200094929111,7.46582537415979,5.92383432879367,-4.29417031940832,-6.52612699919363,53.2779203389981,-0.990731079264839,0.0743920708843562,-0.113656272894483,-0.046073238920736,0.603076898500457,0.796351374175007,0.127785700428808,0.79420656902635,-0.594059542875386,21.2060468574335,3.48365928234051,2.19323832218715,0.76541095890411,367.158655037497,490.872398857531,570.646439918937,2.93156211722032,0.53176743818308,0.152284263959391,1,0.770020054745913,42,0,19,2.161635,3,1
1072,493.771455223881,1003.76119402985,10.0121268656716,12.697904438448,30.2121391482864,8.45982399130819,7.21089795298843,19.1127197571155,-40.1205731227811,63.5001238494058,0.722537479792273,0.250380687755868,0.644398247587879,0.691002053369229,-0.232774065916279,-0.684348154433336,0.0213483614111224,-0.939747703075513,0.341201556311453,57.0483344947136,4.47303887274461,3.2498155805258,0.688503532434168,685.304021218011,493.624015021079,1003.2446554227,9.75741742197974,0.30350486089574,0,0.833845780055118,0.739146800296599,43,0,19,2.829153,3.162278,2
362,494.28453038674,254.074585635359,3.64088397790055,8.84239645172421,10.7775877311729,7.71576201535849,6.47825853065227,-15.310613971817,-1.89068030667832,-118.579489150778,-0.963983437186689,0.263907977606145,-0.0329926080444014,0.0983720928586768,0.469049463932383,0.87767621121422,0.247100919011526,0.84281977892108,-0.478117094531329,7.25977483144548,3.72081146735306,2.62298959937306,0.925831202046036,259.68570249647,494.240573883297,254.125026477133,3.6070977516885,0.356487108435251,0.100771888382641,0.727032763610354,0.945892536737315,44,0,1,3.162278,3.162278,3.162278
1097,498.835916134913,518.572470373747,4.96536007292616,12.7958557361162,24.565508165911,11.3263323704366,8.8576532431312,32.5243881148539,-2.2179635369618,58.5562449614946,-0.842530995658092,-0.537255755012472,-0.0387010989684202,-0.30831516398855,0.422092960533838,0.852513514451526,-0.441682330425497,0.730201195817809,-0.521270498509309,37.7165119655901,8.01786281035004,4.90362631097204,0.641520467836257,674.967874328607,498.95279952561,518.891569764552,4.57322447301258,0.489463779093751,0.0571736465427196,1,0.762088556221651,45,0,17,2.801619,4.582576,1.732051
1119,511.076854334227,427.096514745308,4.10991957104558,12.8808291967055,39.3830125311992,8.75843214581208,7.10317517658949,49.2009054518718,2.96059657440526,36.5040741116656,0.652536530669707,0.755994999784884,-0.0516491669032211,0.58841593432963,-0.548478411960538,-0.594085953242656,0.477454463136048,-0.357271594047862,0.802741704234911,96.9388547520371,4.79438335329965,3.15344359933232,0.607821835958718,796.515892785921,511.224762154564,427.388377555434,3.86366381349382,0.377578626714539,0.0503859441913205,0.932715903020749,0.654399667286342,46,0,27,2.402386,3,2
698,511.842406876791,510.726361031519,3.05014326647564,11.0057320080005,16.665116762374,10.4611467936839,6.74584052510677,88.6100452639218,-0.955043839524307,-4.25963759374328,0.0242535374414924,0.999566879925272,0.0166678876295567,0.996914245362138,-0.0254275661073898,0.0742659159769348,-0.0746575737324282,-0.0148152434442271,0.997099170216321,17.3578822939725,6.83972451493768,2.8441477743858,0.82311320754717,473.236546471439,511.784801532008,510.832947544359,2.84611601495498,0.4574860951086,0.0985196580358702,0.921989384952738,0.804098891124365,47,0,11,2.946992,4.24264,2
587,522.511073253833,315.345826235094,5.16354344122658,10.3883480793359,21.3955987829985,6.96792677444494,6.11257522114823,77.8857032279027,-22.1601671802151,-83.8174510117531,0.194360630982398,0.905508892894956,0.377197017501829,-0.0265991324205221,0.389253658422954,-0.920746477353469,0.980569442354084,-0.168923752896083,-0.0997413376133656,28.6107279551904,3.03450022087667,2.33522348963721,0.78686327077748,425.423906067469,522.317036523901,315.290641503645,5.14387613887287,0.307694680456872,0.00863050599727343,0.726100242225799,0.796931453226926,48,0,14,2.687166,3,2
779,531.600770218228,470.81514762516,4.04878048780488,11.4159733197957,17.2648180777533,8.7250828551821,7.86301887033724,55.1608374663887,-11.5703070825962,5.50045723821109,-0.55966601441119,-0.804080550181281,-0.200570239899298,-0.827962670869569,0.552864812184921,0.0939058842366161,-0.0353803329495719,-0.218620603484438,0.975168325866092,18.6296214536199,4.75794192686204,3.86419160970497,0.862679955703212,465.259744844138,531.672412166984,470.877219027151,3.88248523815256,0.260255123573786,0.0407081213416407,0.595199168388183,0.879995162503211,49,0,4,3.415958,3.741657,3
1029,534.932944606414,498.623906705539,4.96598639455782,12.5258032051551,22.0301483043224,9.39871531244639,7.34030729974459,68.5663544867698,-4.34804146484532,82.2278967058315,0.364371740743073,0.928162349661252,0.0758148218962935,0.15333064908473,0.0205059161281548,-0.987962154869811,0.918543927419434,-0.371610226009792,0.13484395917442,30.3329646444024,5.52099059527589,3.36750695341773,0.875744680851064,577.528630852419,534.595941075522,498.441034636108,4.83516805825822,0.379292909635728,0.062421185372005,0.860244818947355,0.853468549393113,50,0,7,3.486266,4.123106,3
1514,536.729854689564,759.692206076618,5.41611624834874,14.2465295845099,31.6718471583046,21.9365125021783,7.91365433217023,51.9901762219409,-1.77690950899486,-23.3625483186472,-0.615500463211611,-0.787526308642637,-0.0310079503030167,-0.715736090037961,0.574998085968821,-0.396357225933077,-0.329971255116963,0.221764547049106,0.917572589209508,62.694118901188,30.0756612973892,3.91412030556729,0.397897503285151,1094.00158824824,536.841034334684,759.844686129012,5.46868807489516,0.272835315810955,0,0.937201815119085,0.582840992096443,51,6,51,2.275467,3.162278,1
774,531.484496124031,946.257105943153,5.38630490956072,11.3914964579939,23.4574775897438,9.50376709957168,5.88316325196693,55.910028216339,11.8529127175293,38.4767476980048,0.548543266882557,0.810500552151963,-0.205399949657185,0.576702017029317,-0.544626793560085,-0.608930570172641,0.605404879326331,-0.21557019900214,0.766168663800633,34.3908284295832,5.64509931768133,2.16322561558089,0.722014925373134,551.624286522324,531.880983674522,946.370313962885,5.48967119101341,0.251015853891586,0,0.865651385546884,0.739040183737674,52,0,15,2.363884,3,2
567,540.354497354497,512.447971781305,3.7989417989418,10.2689998030335,13.5212029408474,8.29575629651658,7.68187480333671,78.0660105776355,-5.91704165900949,54.9536187673913,-0.20568292005383,-0.97317383868416,-0.103088389738446,-0.579280064208147,0.0361708184236046,0.814325659122671,-0.788751636200607,0.227209928469911,-0.571179923312753,11.4264330604737,4.30122328319966,3.68820003088371,0.892913385826772,366.731059910138,540.170743745768,512.3992997909,3.56480614761604,0.448402419015038,0.0894670050761421,0.824386894118232,0.903355036232269,53,0,1,3.316625,3.316625,3.316625
1628,545.135135135135,620.715601965602,8.36117936117936,14.5954870774438,24.7337296235287,12.925780889596,8.18456818382287,-80.2593773682922,7.29572688322577,-97.4029110374368,-0.167818437786735,0.977604393974925,0.126990632803132,-0.148294734390214,0.102317430531983,-0.983636017621086,0.974600248148417,0.183904301989521,-0.127802832592987,38.2348363181138,10.4422382253654,4.18669727222786,0.761815629386991,832.507434825019,545.488869129732,620.602788445522,8.49047227181796,0.376302316936856,0.0987714179436763,0.797325977132722,0.803894278066165,54,0,16,3.306241,4.24264,2.236068
1446,544.932918395574,523.771784232365,5.37344398340249,14.0299640072702,51.2873622150886,9.05146033872249,5.65184463600776,68.7429519680212,6.62792452188059,-74.4633065891657,-0.360129609427699,-0.925734622955489,0.115421281724443,0.289948638033175,0.00652603905619223,0.957019957010795,0.886699752856715,-0.378117466768856,-0.266065273209682,164.399595186356,5.12055839146663,1.99645923684811,0.596534653465347,1034.483523851,545.154082390365,523.831289022246,5.17537024734888,0.35929579423804,0.0835614834085903,0.813451776649746,0.59777728522702,55,0,40,2.345041,3,2
397,554.335012594458,264.433249370277,2.88413098236776,9.11865171316781,12.2766012861166,8.37086381700341,6.28326916848401,-63.2857605359752,3.80725374652442,0.0113066602945208,0.448548904750722,-0.891288331794991,-0.0664002232905161,-0.893265566582284,-0.449529296918082,-0.000196902936102355,0.0296733484015452,-0.0594013536751239,0.997793050474999,9.41968369614246,4.37946006517605,2.46746696522636,0.851931330472103,304.615703705727,554.267882162491,264.611823355384,2.71412947343596,0.300555225597102,0.109137055837563,0.548140221591029,0.857548793878586,56,0,3,3.265176,3.316625,3.162278
1627,562.150583896742,508.941610325753,8.21143208358943,14.592498036386,17.3265908002576,14.2463135117839,9.49708263697113,35.1366441976515,-39.9777325002601,72.6962998657968,0.626661448368631,0.441024067992943,0.642489844728682,0.672820155716727,0.109797712393992,-0.731612944400498,0.393202832123383,-0.890753744760022,0.227923888625455,18.7631717974732,12.6848405422523,5.63716116334116,0.899889380530973,731.81802614222,562.200708829231,508.830136782635,8.10159635234842,0.601394886851059,0.154823737249461,1,0.914125990378417,57,0,1,4.89898,4.89898,4.89898
1263,584.140934283452,577.555819477435,6.11401425178147,13.4112186392711,23.6672484928518,10.1007424640167,8.95666865314453,-87.5152928728748,27.5736493126381,102.675863683803,-0.038428576716493,0.885583174650471,0.462888415568524,0.199650553411931,0.460694996962146,-0.864811988987409,0.979113323887411,-0.0591824344720823,0.194511023944926,35.0086657013998,6.37656239527442,5.01386958513886,0.735585323238206,713.566470470877,583.533969319785,577.513080931232,5.83956158176807,0.423916395959053,0.124199477910567,1,0.791866413900147,58,0,13,3.76761,4,3
977,589.884339815763,644.705220061412,5.6100307062436,12.3111506893063,16.3571299310637,11.4410374851712,8.03591408788906,-59.2463778477999,3.76661036667311,-95.7938327351963,-0.510242864392151,0.857517770327315,0.0656924113559706,0.120173178450163,-0.00454584659832665,0.992742535836906,0.851592993464646,0.514434260962054,-0.100731150248313,16.7222312238562,8.18108367106831,4.03599470174587,0.818257956448911,551.926745194531,589.753555198068,644.726832576841,5.7540611993989,0.387312535169573,0.127955409522197,0.793781725888325,0.862711778414464,59,3,11,3.503784,4.123106,3.162278
1196,589.86872909699,536.476588628763,6.84364548494983,13.1697496434175,14.9847492417108,11.5438886068276,10.4466423363429,-59.1349352971204,-65.1403494785571,108.838550320235,0.215671182202841,-0.360859430469348,0.907340295924614,-0.717719447229452,0.571465241860019,0.397877207709261,0.6620911842306,0.737026423398244,0.135747246664213,14.0339193648096,8.32883526042776,6.82077100646701,0.824827586206897,605.161063884441,589.867932629334,536.333810312527,6.4824905600386,0.52514595436198,0.093160584191118,1,0.900396780020738,60,0,10,3.23824,5.477226,2
1653,595.334543254688,611.493042952208,8.00060496067756,14.6698186052757,30.5878181379245,14.1862556938982,10.2503951841069,50.6407425060167,-21.5610764531437,-38.5198705839077,0.589804921698163,0.719082175057907,0.367492829664219,0.459789123272998,-0.673136496883812,0.57920740558356,0.663870557006764,-0.172650172536783,-0.727645381667848,58.4759136524213,12.5781156632912,6.56691258939765,0.513673088875078,976.391899696114,594.298793102901,610.362748142739,7.00248260423623,0.447494622383253,0.0161259457867227,0.993245290873996,0.692428910567602,61,1,30,2.561863,5.656854,2
700,608.051428571429,273.7,2.52142857142857,11.0162336670513,35.7348278220105,6.71110157621683,4.72462721147549,-83.3494044427015,2.38651725706109,-13.3945498535406,0.115713861601356,-0.992409375006631,-0.0416405407295518,-0.965134672019382,-0.122245266052136,0.23145444431655,0.234787919406733,-0.0134062420830617,0.971954168453363,79.8111199667958,2.81493027289374,1.39513139296342,0.77007700770077,576.784092380354,608.459892000058,273.696839688241,2.44263383649438,0.413688064077154,0.0792737099810897,0.805451576787571,0.661002157570352,63,0,29,2.566643,3.162278,2
1776,600.675675675676,726.854166666667,3.29560810810811,15.0250103455522,77.7588791562048,10.3196302449539,6.46550087987986,67.1755977045861,2.51555072462688,-16.9298520597865,-0.387534363912079,-0.920809826942055,0.0438905387777638,-0.886711306569814,0.35931682591057,-0.29092005331157,-0.252111434862669,0.151659754795051,0.955740102322274,377.902705476829,6.65592302453531,2.61266885173294,0.42346208869814,1391.29810695025,600.454918661734,726.637987416805,3.37147203727393,0.270977132643719,0,1,0.509752351542158,64,4,61,2.326654,3.162278,1
2368,600.672297297297,491.528293918919,7.19679054054054,16.5371636916342,55.0457987035385,13.7616563173283,10.2823247618618,30.1571914155879,-3.80493549694827,76.8662361711057,0.862744491724514,0.501266707567413,0.0663598514429812,0.170029247563897,-0.164004943146685,-0.97169564864535,0.476195334890908,-0.849608184110757,0.226724362431914,189.377497181905,11.8364490372664,6.60788765677486,0.379913364351035,1604.32065876838,601.131174821095,492.221321235188,6.88150911137525,0.402670328808053,0.092460128670884,1,0.535526229861673,65,6,62,2.394274,3.605551,1
1104,608.303442028986,655.448369565217,4.07971014492754,12.8230150019988,41.9168804645334,8.01156408245026,5.78340659217167,-70.3736364215525,7.09552363130223,-7.80152530591282,0.333312659727279,-0.934689523380412,-0.123523948076581,-0.927553049154088,-0.348569375760579,0.134702380405229,0.168961569211707,-0.0696770059975216,0.983156703158117,109.814054242374,4.01157244045043,2.09048698814842,0.607929515418502,846.295357801879,607.227219434976,655.749453268269,3.97357909989003,0.321968377398261,0.0159852745713282,0.922184707933576,0.610391131133977,66,0,44,2.325884,3.741657,1.732051
1820,620.791208791209,587.614835164835,7.43901098901099,15.1480799479762,38.3644138915749,14.0161139391717,6.75087150873627,-70.0388578345775,20.4439036368728,87.9110699242223,-0.319880643297827,0.880722865347239,0.349290149443005,-0.15342323278562,0.315644529080435,-0.936391928042526,0.934953306687012,0.353122876228854,-0.0341547741740987,91.9892658277539,12.2782156222402,2.8483916329667,0.621372482075794,1086.04612761248,621.06918189664,587.522709928337,7.4008279128022,0.423316043046841,0.0709958468057947,0.979331005039693,0.663768713722822,67,1,31,2.734568,3.316625,2
493,621.667342799189,103.643002028398,2.73225152129817,9.80127931144109,20.890854580256,7.25173118097362,5.65895495521258,55.4283635956096,-3.00899308923911,-10.9192109208152,0.56665387178037,0.822282132904936,0.0524926995078926,0.802867358187761,-0.56535048274407,0.189163518728247,-0.185222554654992,0.0650455653089136,0.980541523690212,27.2767378183377,3.28672532006907,2.00148569907031,0.7888,394.397736359122,621.748326487376,103.795284438063,2.72883011021936,0.316429572223567,0.0304545355458944,0.746106190735066,0.765210622801188,68,0,18,2.531058,3.605551,2
915,624.250273224044,229.877595628415,6.08743169398907,12.0450190329365,23.1738764066826,11.9994304103812,6.82034279857606,-46.1217498270088,6.46509215247452,-94.5037247791077,-0.688720401410486,0.716230362617825,0.112597852312197,-0.134404920329394,0.0264843928859033,-0.990572508363075,0.712460192622878,0.69736120095529,-0.078024543125649,33.5642842320125,8.99914563584889,2.90731724313052,0.640307907627712,618.830109817353,623.168478130113,230.871141284996,5.90032461432471,0.34536680645996,0.0416141235813367,1,0.736535047518351,69,0,15,2.454658,3,2
2320,633.253017241379,602.048706896552,10.4426724137931,16.4246624966928,41.7264931226827,14.4583399729437,10.8276453589911,-82.6943488157057,15.6403442084454,-102.05027202053,-0.12245399293006,0.955155465123572,0.269597954480477,-0.240602342848277,0.234969231073082,-0.941753668994629,0.962868387803549,0.180187396600032,-0.201039722132463,108.818764269831,13.0652246733264,7.32736900125505,0.464650510715001,1374.61150222382,633.498221305827,602.13372622777,10.6220155860696,0.392887852402544,0.0690735064315453,1,0.616542199582414,70,1,38,2.849702,3.741657,1.414214
1177,633.056074766355,579.835174171623,4.25998300764656,13.0996375717572,43.5626694338132,11.1942112205825,8.32056492905432,30.7018523320628,1.71293022327846,-29.3061476796135,-0.859451539219679,-0.51034256229682,0.0298918189684302,-0.457806760160273,0.742320868894393,-0.489257292184212,-0.227499499086216,0.434177609639408,0.871627088383175,118.60663551248,7.83189780318842,4.32698754616305,0.40363511659808,867.944090491423,632.295841865228,578.271057527642,4.01378998267851,0.526411474668168,0.0742744670093093,1,0.621121671581473,71,0,30,2.409413,3.162278,2
862,631.828306264501,563.158932714617,4.98375870069606,11.807815208088,17.4228315420387,11.0811042155361,8.66569224094703,88.8388652814274,18.1595246096425,-78.1575354427645,-0.0192549249133513,-0.949997343647873,0.31166375299121,0.211360542727682,0.300808872284641,0.929968141031026,0.97721848572591,-0.0837798867081296,-0.19499990189416,18.9721911838911,7.67442941472318,4.6933888759256,0.690152121697358,552.040323801798,631.256162921676,563.292175244847,4.64338705359743,0.49438195618627,0.118944465189648,1,0.793447445790407,72,0,9,3.094204,4,2
1157,631.745030250648,619.483146067416,7.75280898876404,13.0250154027404,18.2873660548556,12.2387773178595,7.73317387285166,-27.7169714290417,-37.6524872156697,-89.6051344130671,0.700883981261841,-0.368237189094726,0.610870704305065,-0.543969387232802,0.278010961392009,0.791711570648971,0.461366395139613,0.887192920346813,0.00545632865332388,20.9017348265177,9.36172938975944,3.73762363423472,0.802914642609299,625.682416357241,631.774432048831,619.321410587692,7.71100242849073,0.31905466145762,0.0387059343123654,0.66163547449085,0.851828985090655,73,0,4,3.388856,3.605551,3.316625
1559,642.817190506735,435.105837075048,5.08338678640154,14.3863017164306,53.1460887837826,13.3868008656424,7.53698047540138,26.8959845514745,1.04218208013821,70.8761825954985,-0.891681704853293,-0.452297375064779,0.0181885056955217,-0.132876118757092,0.29994667659094,0.944656513377271,-0.432721243173913,0.8399161123062,-0.327556483670317,176.531672063357,11.2004023385228,3.55037966791132,0.402634297520661,1117.30652767627,643.543990355154,436.533909409534,4.70769189971754,0.423544731661759,0.0917596731506501,1,0.581936858455492,74,3,45,2.430613,3.316625,2
2313,652.271941201902,309.562040639862,4.44228274967575,16.4081267976846,86.9944497528515,7.95540078276251,6.77576343071234,80.3332322629755,2.13342091430795,-73.5436807676991,-0.167801238793211,-0.98511772055137,0.0372266156820248,0.285256877312516,-0.0123736887911644,0.958371225450562,0.943647846500683,-0.171435026996739,-0.283087925057306,473.002142987588,3.95552510089862,2.86943562931114,0.5625,1633.84463580236,656.319625309675,310.198954387352,4.17842617674587,0.284411213868694,0.0238747095453115,0.841384562038195,0.517674917641946,75,0,78,2.30003,3,2
1268,651.664826498423,502.667192429022,4.45110410094637,13.4288929067425,37.2795808482918,9.53031229613327,6.99526686918212,11.6368776864816,-0.877755486678043,85.0663161042436,-0.979330692785416,-0.201684700974578,-0.0153191240360216,-0.0322961122150823,0.0811563770490478,0.996177997950197,-0.199670617027711,0.97608243701906,-0.0859925626941388,86.8604467640204,5.67667827886431,3.05835991069231,0.628344895936571,827.704686734015,651.690688226428,503.168389525519,4.15018317302661,0.523487966047665,0.122018973282595,1,0.6844707269247,76,0,29,2.703644,3,1.414214
2016,659.756944444444,332.808531746032,9.98263888888889,15.6734271084131,21.893293487773,15.4316374794942,9.09407175546213,63.0478965544865,-33.3177141482895,-65.5920186139099,0.378748974401948,0.744875411979105,0.549281198493478,0.141639693416451,-0.633157269034724,0.760953395364909,-0.914596857439586,0.210410297508102,0.345311591268213,29.9572687338601,14.8834647061581,5.16888381834338,0.7875,946.543651176417,659.496457027021,332.70354592208,9.99074044311157,0.368809380631621,0.0806778046917555,0.951919051997965,0.815337022069569,77,0,3,4,4,4
